19.707
13.61
14.761
9.8333
1.8998
0.0
0.0
0.0
54.866
86.225
36.155
27.642
19.707
13.61
14.761
9.8333
1.8998
0.0
0.0
0.0
54.866
86.225
36.155
27.642
19.707
13.61
14.761
9.8333
1.8998
0.0
0.0
0.0
54.866
86.225
36.155
27.642
19.707
13.61
14.761
9.8333
1.8998
0.0
0.0
0.0
54.866
86.225
36.155
27.642
19.707
13.61
14.761
9.8333
1.8998
0.0
0.0
0.0
54.866
86.225
36.155
27.642
19.707
13.61
14.761
9.8333
1.8998
0.0
0.0
0.0
54.866
86.225
36.155
27.642
19.707
13.61
14.761
9.8333
1.8998
0.0
0.0
0.0
54.866
86.225
36.155
27.642
19.707
13.61
14.761
9.8333
1.8998
0.0
0.0
0.0
54.866
86.225
36.155
27.642
19.707
13.61
14.761
9.8333
1.8998
0.0
0.0
0.0
54.866
86.225
36.155
27.642
19.707
13.61
14.761
9.8333
1.8998
0.0
0.0
0.0
54.866
86.225
36.155
27.642
19.707
13.61
14.761
9.8333
1.8998
0.0
0.0
0.0
54.866
86.225
36.155
27.642
19.707
13.61
14.761
9.8333
1.8998
0.0
0.0
0.0
54.866
86.225
36.155
27.642
19.707
13.61
14.761
9.8333
1.8998
0.0
0.0
0.0
54.866
86.225
36.155
27.642
19.707
13.61
14.761
9.8333
1.8998
0.0
0.0
0.0
54.866
86.225
36.155
27.642
19.707
13.61
14.761
9.8333
1.8998
0.0
0.0
0.0
54.866
86.225
36.155
27.642
19.707
13.61
14.761
9.8333
1.8998
0.0
0.0
0.0
54.866
86.225
36.155
27.642
19.707
13.61
14.761
9.8333
1.8998
0.0
0.0
0.0
54.866
86.225
36.155
27.642
19.707
13.61
14.761
9.8333
1.8998
0.0
0.0
0.0
54.866
86.225
36.155
27.642
19.707
13.61
14.761
9.8333
1.8998
0.0
0.0
0.0
54.866
86.225
36.155
27.642
19.707
13.61
14.761
9.8333
1.8998
0.0
0.0
0.0
54.866
86.225
36.155
27.642
