1.202e-11
1.202e-11
1.202e-11
1.202e-11
1.202e-11
1.202e-11
80.00040000000001
773.0
402.006
154.001
1.202e-11
17.999699999999997
1.202e-11
1.202e-11
1.202e-11
1.202e-11
1.202e-11
1.202e-11
437.0
1533.01
1089.999
79.0
38.0004
61.0002
1.202e-11
1.202e-11
1.202e-11
1.202e-11
1.202e-11
1.202e-11
437.995
991.998
423.99600000000004
38.0004
11.000029999999999
1.202e-11
7.0000100000000005
1.202e-11
1.202e-11
1.202e-11
1.202e-11
1.202e-11
125.00450000000001
1090.994
918.003
40.999599999999994
17.0004
1.202e-11
1.202e-11
1.202e-11
1.202e-11
1.202e-11
1.202e-11
1.202e-11
210.996
930.0
1134.998
333.99699999999996
40.999599999999994
1.202e-11
1.202e-11
1.202e-11
1.202e-11
1.202e-11
1.202e-11
98.00019999999999
112.0002
921.999
377.005
56.0001
1.202e-11
1.202e-11
1.202e-11
1.202e-11
1.202e-11
1.202e-11
1.202e-11
1.202e-11
70.00009999999999
1342.0349999999999
1090.994
304.006
7.0000100000000005
17.999699999999997
1.202e-11
1.202e-11
1.202e-11
1.202e-11
1.202e-11
1.202e-11
36.9999
313.00300000000004
398.99499999999995
36.000600000000006
38.9998
1.202e-11
1.202e-11
1.202e-11
1.202e-11
1.202e-11
1.202e-11
1.202e-11
372.998
857.997
677.004
85.9999
1.202e-11
1.202e-11
1.202e-11
1.202e-11
1.202e-11
1.202e-11
1.202e-11
1.202e-11
366.99999999999994
607.004
876.9989999999999
209.005
8.99997
1.202e-11
1.9999600000000002
1.202e-11
1.202e-11
1.202e-11
1.202e-11
1.202e-11
300.994
1143.998
1168.0
568.002
35.000099999999996
21.0
1.202e-11
1.202e-11
1.202e-11
1.202e-11
2.99999
19.0002
475.005
1491.99
1264.9829999999997
857.997
101.99980000000001
1.202e-11
1.202e-11
1.202e-11
1.202e-11
1.202e-11
1.0
1.202e-11
372.998
1061.998
1227.043
541.995
117.9995
35.000099999999996
1.202e-11
1.202e-11
1.202e-11
1.202e-11
1.202e-11
1.202e-11
142.0033
910.998
1000.995
31.999699999999997
1.202e-11
17.999699999999997
1.202e-11
1.202e-11
1.202e-11
1.202e-11
1.202e-11
22.000600000000002
422.004
952.9979999999999
1153.9969999999998
377.005
1.202e-11
1.202e-11
1.202e-11
1.202e-11
1.202e-11
1.202e-11
1.202e-11
1.202e-11
739.9979999999999
865.998
863.994
310.004
21.0
17.999699999999997
14.00004
1.202e-11
1.202e-11
1.202e-11
1.202e-11
1.202e-11
369.99899999999997
702.005
622.0
361.997
5.00006
1.202e-11
1.202e-11
1.202e-11
1.202e-11
1.202e-11
1.202e-11
1.202e-11
229.99800000000002
867.006
636.996
249.99699999999999
31.999699999999997
1.202e-11
1.202e-11
2.99999
1.202e-11
1.202e-11
1.202e-11
1.202e-11
355.00300000000004
966.001
1070.0
377.005
35.000099999999996
19.0002
1.202e-11
1.202e-11
1.202e-11
1.202e-11
1.202e-11
1.202e-11
504.00100000000003
1262.0189999999998
921.999
515.9979999999999
19.0002
17.999699999999997
