3933.50086931035 312 22393561032 31806789267 424
3221.24192451438 317 31806789267 26856233670 5252
3127.9531129032302 315 26856233670 19844080975 5684
2646.6489899999997 311 19844080975 24066818927 911
1939.3348483870968 313 24066818927 28155458271 278
2199.61554 315 28155458271 32762284871 260
1836.091796774193 317 32762284871 36447016524 260
1148.9896774193548 319 36447016524 38394927054 260
807.0624399999999 320 38394927054 39494680563 260
609.3879741935484 321 39494680563 40168823166 260
596.0163600000001 321 40168823166 40939294644 260
1181.958025806452 321 40939294644 43480230678 260
1940.63421290323 322 43480230678 46732052747 733
2204.43605357143 323 46732052747 39432107211 5203
1974.584090322581 320 39432107211 30893752061 5087
1760.71578 317 30893752061 32488428070 1019
1654.7676483870969 317 32488428070 35759744562 280
1560.30539 319 35759744562 38664698253 260
1263.5121903225809 320 38664698253 40776751134 260
919.5787354838712 321 40776751134 42087376185 260
667.28525 322 42087376185 42810490142 260
439.8802548387097 322 42810490142 43020365951 260
443.3985 322 43020365951 43391894914 260
593.029122580645 322 43391894914 44356915549 260
1305.5990774193551 322 44356915549 45915901423 730
3429.20875 323 45915901423 39048778523 6249
2978.7358806451603 320 39048778523 30402293942 6132
1779.08491 316 30402293942 32119352079 991
1574.766480645161 317 32119352079 35184654375 278
1649.98188 319 35184654375 38324994672 260
1374.5201161290322 320 38324994672 40735767722 260
1012.1286935483872 321 40735767722 42293809902 260
736.6179 322 42293809902 43195425210 260
518.1500161290323 322 43195425210 43613313367 260
467.45937000000004 322 43613313367 44046418826 260
578.1453677419361 322 44046418826 44972135423 260
1673.70579655173 323 44972135423 47501214340 736
3748.201 324 47501214340 40829087009 6487
4108.88996428571 321 40829087009 37596570742 5236
3267.85842857143 320 37596570742 43611129621 804
2034.9925064516128 322 43611129621 47849868373 274
1826.04135 324 47849868373 51367573201 260
1710.130830434783 325 51367573201 52892228953 891
1620.7784580645161 326 52892228953 52942047362 1407
1583.71912 326 52942047362 52954694840 1434
1517.0514892857143 326 52954694840 52925717795 1414
1261.92333 326 52925717795 52770814087 1276
2297.46902142857 326 52770814087 53684831889 1986
3271.32745729032 326 53684831889 54515197412 2968
2775.7746930000003 326 54515197412 46420880710 6101
3270.5680055 323 46420880710 39938448714 5607
3139.368432 321 39938448714 44722819011 1147
1924.141377419356 323 44722819011 48637857857 282
1090.1096499999999 324 48637857857 50249029267 260
904.5984709677421 325 50249029267 51318685662 260
595.5439741935484 325 51318685662 51704157272 260
576.138246683267 326 51704157272 52046597816 300
298.821904 326 52046597816 51798762419 278
328.03471 326 51798762419 51860365304 260
406.4510645161291 326 51860365304 52072828919 357
1384.262243478261 326 52072828919 52874481090 1091
1889.82041363636 326 52874481090 44580438912 5298
1552.228896428571 323 44580438912 32340941457 6043
1871.7114000000001 317 32340941457 33641267457 1241
1749.701361290323 318 33641267457 37156333847 281
1897.3002996 320 37156333847 40923443652 260
1457.452954662238 321 40923443652 43536560886 260
967.9049562034741 322 43536560886 44960624608 260
697.138246683267 323 44960624608 45749229334 260
450.9364499999999 323 45749229334 45978911552 260
446.27564 323 45978911552 46354151474 260
665.967251612903 323 46354151474 47517232323 260
1246.343012903225 324 47517232323 48950285716 718
1184.336032142857 324 48950285716 37663127781 5831
1123.631338709677 320 37663127781 26929035977 5059
1934.11556213248 315 26929035977 28945640361 1037
1041.298996774193 316 28945640361 30592599222 283
916.84143 316 30592599222 31866726101 261
676.130893548387 317 31866726101 32458733697 262
434.3786903225807 317 32458733697 32522875522 260
321.9383 317 32522875522 32390796421 261
54.0542129032259 317 32390796421 31605070051 260
93.10103000000001 317 31605070051 31068736689 266
1447.72216666667 317 31068736689 34304709459 263
2963.3906 318 34304709459 40717493141 575
2860.47646428571 321 40717493141 34274776397 5506
3725.24046774193 318 34274776397 28657866968 5751
4263.254658 315 28657866968 36382416811 1155
1820.033231034483 319 36382416811 40087790196 274
1887.08776 321 40087790196 43810618567 260
1851.8204161290323 322 43810618567 47455077328 260
1417.156383870968 324 47455077328 50056818614 260
969.3570399999999 325 50056818614 51528770949 260
656.012137931035 325 51528770949 52119310771 322
519.9914881831363 326 52119310771 52117813921 476
928.156916411185 326 52117813921 52518478465 808
1829.9941615802 326 52518478465 53265988803 1557
2749.54024460126 326 53265988803 46115016239 5685
2820.0766804813 323 46115016239 39458247542 5222
2138.289836551231 320 39458247542 42020729749 1006
1554.241228251533 322 42020729749 44971053474 279
1314.303250196078 323 44971053474 47183943627 260
928.6056530379119 324 47183943627 48340047102 260
626.151575098526 324 48340047102 48824138181 260
396.857141422298 324 48824138181 48820226271 260
205.10070000000002 324 48820226271 48382356212 260
235.09914000000003 324 48382356212 48207532110 260
316.0441967741936 324 48207532110 48434603443 260
558.017448387097 324 48434603443 48115120201 684
1271.760875 324 48115120201 37789611373 5521
1808.86672580645 320 37789611373 27050425833 5746
1067.18206 315 27050425833 26372608110 1212
1032.410345161291 314 26372608110 28011636329 283
917.2399800000001 315 28011636329 29306525913 260
584.5580387096775 316 29306525913 29679925505 260
350.4439870967742 316 29679925505 29537085512 260
209.16071 316 29537085512 29129194349 260
133.8948290322581 316 29129194349 28568719108 260
176.45645 315 28568719108 28268017833 260
243.93555483870898 315 28268017833 28283566791 260
633.2103709677419 315 28283566791 28268335475 644
1985.32682857143 315 28268335475 21250047326 4872
2486.27525032258 311 21250047326 15037984890 4750
1591.0514699999999 307 15037984890 16229242373 1039
1008.4171096774201 308 16229242373 17861651936 287
769.75686 309 17861651936 18819521063 271
542.5021064516129 310 18819521063 19166889067 261
295.6386258064516 310 19166889067 18933403724 265
178.93322999999998 310 18933403724 18489884259 263
110.02073225806453 310 18489884259 17906788894 260
163.94542 309 17906788894 17589499218 260
283.04507741935504 309 17589499218 17696084613 261
1109.433616129032 309 17696084613 18932538336 652
3053.96439285714 310 18932538336 14853154579 4728
1918.16110967742 307 14853154579 6139883955 5126
1431.32964 301 6139883955 7135418551 977
1191.206558064516 302 7135418551 9340415317 281
1188.87764 303 9340415317 11466407891 264
921.4257548387097 305 11466407891 12895743633 260
593.1108354838709 306 12895743633 13515074932 260
382.81280000000004 306 13515074932 13634901471 260
257.6034451612903 307 13634901471 13467211437 260
283.69957999999997 306 13467211437 13467410877 260
1054.729738709677 306 13467410877 15634624268 262
2970.39380645161 308 15634624268 22037720825 584
2623.16133214285 312 22037720825 15252939048 5415
3387.82266129032 308 15252939048 9258716807 5578
2498.839720000001 303 9258716807 13030203581 962
1961.2388483870973 306 13030203581 17244836100 281
1829.63933 309 17244836100 20898021523 289
1693.674577419355 311 20898021523 24294704424 262
1534.6797967741936 313 24294704424 27347689318 260
1269.83766 315 27347689318 29692707151 260
855.6453741935484 316 29692707151 31059844104 260
677.6899 317 31059844104 32054016535 260
695.7856225806449 317 32054016535 33284023392 260
1884.24484193548 318 33284023392 36495160877 691
2963.79297857143 319 36495160877 27719489409 6575
3300.12076419355 315 27719489409 18466806400 6693
2933.06888 310 18466806400 23243655060 986
2107.929316129032 313 23243655060 27795789946 275
1882.10337 315 27795789946 31574410962 264
1751.5971 317 31574410962 35043172996 260
1658.085538709677 319 35043172996 38358998230 260
1328.1772199999996 320 38358998230 40806876414 260
867.1795709677419 321 40806876414 42165987339 260
681.8232800000001 322 42165987339 43156204107 260
669.9978032258064 322 43156204107 44327260257 260
799.139493548387 322 44327260257 44551028735 722
1598.221157142858 323 44551028735 34949357301 5549
1968.971758064517 318 34949357301 22978120073 6370
1845.3359799999998 312 22978120073 24478957996 1156
1830.206748387097 313 24478957996 28268227001 280
1757.07382 315 28268227001 31728457342 261
1594.7501612903225 317 31728457342 34777563453 260
1099.7899677419355 318 34777563453 36604156278 260
750.0730103448276 319 36604156278 37563839065 260
497.84254516129033 320 37563839065 37946124268 260
426.23154999999997 320 37946124268 38279602309 260
920.552377419355 320 38279602309 40117731674 260
1875.97340087416 321 40117731674 42992076295 809
2967.24192451438 322 42992076295 33340561309 6939
3532.9794516780203 318 33340561309 30298529084 4597
2956.1155621324797 316 30298529084 35196266340 938
2713.619189889271 319 35196266340 41308436731 269
2734.3002996 321 41308436731 47213100773 260
2108.452954662238 324 47213100773 51517574051 260
1791.904956203474 325 51517574051 53018015413 1037
1748.138246683267 326 53018015413 53094171051 1573
1407.19205 326 53094171051 52840885657 1387
1016.3297600000001 326 52840885657 52563801894 1078
911.757370967742 326 52563801894 52525122680 956
1584.252677419355 326 52525122680 53062344735 1390
3634.15068928571 326 53062344735 48263770204 5597
1536.13733125 324 48263770204 38736635633 5009
2274.1155621324797 320 38736635633 41503741196 1064
1588.666719354839 321 41503741196 44546253184 280
1941.3002996 323 44546253184 48381961662 260
1654.452954662238 324 48381961662 51466339506 260
1189.904956203474 325 51466339506 52510706910 607
867.138246683267 326 52510706910 52342094168 788
494.5657883210389 326 52342094168 52050134674 490
577.1303197339951 326 52050134674 52161670988 489
707.3502545454539 326 52161670988 52337157988 671
1385.0152714285719 326 52337157988 52888470057 1186
1986.01862307692 326 52888470057 44084590389 5605
2413.64667692308 322 44084590389 33420247676 6316
2452.1155621324797 318 33420247676 36378560246 1178
2003.6191898892712 319 36378560246 40560931774 279
2039.3002996 321 40560931774 44674205545 260
1895.452954662238 323 44674205545 48428797916 260
1721.904956203474 324 48428797916 51838955646 260
1566.138246683267 326 51838955646 52884939385 1018
999.5657883210388 326 52884939385 52493421491 1032
900.1303197339951 326 52493421491 52450514727 872
1008.0243948425659 326 52450514727 52599862939 982
1606.552619354839 326 52599862939 53084248166 1432
1098.8977 326 53084248166 42272590581 5548
3325.9794516780203 322 42272590581 35053733887 5942
3050.1155621324797 319 35053733887 39728545236 1109
2019.6191898892712 321 39728545236 43945431449 275
2050.3002996 322 43945431449 48066474211 260
1637.1804714285713 324 48066474211 51107061721 260
1522.0991612903226 325 51107061721 52756799823 713
1686.138246683267 326 52756799823 53029986455 1435
1561.5657883210388 326 53029986455 52966023260 1471
1338.62864 326 52966023260 52836142242 1343
1565.40727586207 326 52836142242 53080050065 1504
2193.41725483871 326 53080050065 53593105650 2008
2916.24192451438 326 53593105650 45553631751 6219
3117.9794516780203 323 45553631751 38135834440 5805
1339.82943 320 38135834440 38218191179 1169
1345.095735483871 320 38218191179 40612646453 286
1294.0616400000001 321 40612646453 42799830257 260
1007.1806354838709 322 42799830257 44197633659 260
686.8971064516129 322 44197633659 44867429354 260
470.30539 323 44867429354 45069661495 260
324.4962 323 45069661495 44963503525 260
468.13031973399507 323 44963503525 45396639308 260
733.0243948425659 323 45396639308 46738559300 260
