3906.50086931035 312 22393561032 31021928470 690
3079.24192451438 317 31021928470 25989625523 5144
2982.9531129032302 314 25989625523 21520646246 4589
2576.6489899999997 312 21520646246 26093395618 702
1965.3348483870968 314 26093395618 29213239169 662
2267.61554 316 29213239169 32983764836 649
1850.091796774193 318 32983764836 35666322582 649
1157.9896774193548 319 35666322582 36604146459 649
814.0624399999999 319 36604146459 36723215870 649
614.3879741935484 319 36723215870 36315733268 673
612.0163600000001 319 36315733268 35827087279 764
1187.958025806452 319 35827087279 36951318813 793
1927.63421290323 319 36951318813 39312475456 1052
2077.43605357143 320 39312475456 36616715267 3174
1879.584090322581 319 36616715267 31595499395 3680
1709.71578 317 31595499395 33796768420 732
1660.7676483870969 318 33796768420 35887841393 725
1572.30539 319 35887841393 37810086688 652
1261.5121903225809 320 37810086688 38882274541 650
918.5787354838712 320 38882274541 39129957740 661
662.28525 320 39129957740 38644214104 727
439.8802548387097 320 38644214104 37480136345 779
443.3985 320 37480136345 36581634753 753
594.029122580645 319 36581634753 36128448425 788
1301.5990774193551 319 36128448425 36863375851 1033
3338.20875 319 36863375851 34127394617 4452
2813.7358806451603 318 34127394617 27712596396 5138
1704.08491 315 27712596396 29950070395 720
1573.766480645161 316 29950070395 31968613074 674
1686.98188 317 31968613074 34182068460 664
1395.5201161290322 318 34182068460 35642408436 649
1010.1286935483872 319 35642408436 36182897897 650
726.6179 319 36182897897 35987167637 684
508.15001612903234 319 35987167637 34977483423 793
460.45937000000004 319 34977483423 33976374384 811
590.1453677419361 318 33976374384 33531711986 780
1669.70579655173 318 33531711986 34705649351 1237
3604.201 318 34705649351 31600937749 4871
4028.88996428571 317 31600937749 28550471910 5098
3041.85842857143 315 28550471910 34066590543 788
1998.9925064516128 318 34066590543 37045784325 730
1785.04135 320 37045784325 39443324456 678
1662.130830434783 320 39443324456 41564686064 653
1571.7784580645161 321 41564686064 43565796627 652
1554.71912 322 43565796627 45491995164 680
1506.0514892857143 323 45491995164 47343260641 709
1388.92333 324 47343260641 49055081109 686
2388.46902142857 324 49055081109 53225394648 861
3321.32745729032 326 53225394648 54535856205 2839
2702.7746930000003 327 54535856205 50833593499 4212
3266.5680055 325 50833593499 46321087641 4862
3111.368432 323 46321087641 52169526385 696
1932.141377419356 326 52169526385 53168029733 1365
1108.1096499999999 326 53168029733 52514626629 1144
930.5984709677421 326 52514626629 52306569995 758
597.5439741935484 326 52306569995 51614078120 663
578.138246683267 325 51614078120 51030424515 661
286.821904 325 51030424515 49726128366 663
330.03471 325 49726128366 48761966823 659
417.4510645161291 324 48761966823 48186744258 661
1363.262243478261 324 48186744258 49965268340 706
1755.82041363636 325 49965268340 43032060769 4602
1478.228896428571 322 43032060769 30286133991 6160
1828.7114000000001 316 30286133991 32682783634 778
1760.701361290323 317 32682783634 34895332520 782
1891.3002996 318 34895332520 37480278684 717
1484.452954662238 320 37480278684 38757532974 797
981.9049562034741 320 38757532974 38558094984 892
684.138246683267 320 38558094984 37779419757 863
440.9364499999999 320 37779419757 36567583849 799
450.27564 319 36567583849 35566399107 800
664.967251612903 319 35566399107 35342523183 773
1241.343012903225 319 35342523183 35990869946 1005
1182.336032142857 319 35990869946 29516779735 3842
1122.631338709677 316 29516779735 18673996196 5108
1935.11556213248 310 18673996196 19737989962 1424
1031.298996774193 311 19737989962 18663199383 1315
913.84143 310 18663199383 17123407963 1380
682.130893548387 309 17123407963 15272571403 1231
422.3786903225807 308 15272571403 13243881872 1075
243.93830000000003 306 13243881872 11377540290 890
45.0542129032259 305 11377540290 9101724967 840
83.10103000000001 303 9101724967 7424590219 710
1436.72216666667 302 7424590219 9437139338 699
2970.3906 303 9437139338 14713506238 1004
2834.47646428571 307 14713506238 11097917917 4318
3596.24046774193 305 11097917917 10154088865 3903
4163.254658 304 10154088865 18502656740 853
1799.033231034483 310 18502656740 21124613201 701
1842.08776 311 21124613201 23813333842 664
1825.820416129032 313 23813333842 26347789146 708
1452.156383870968 314 26347789146 28083177912 666
1009.3570399999999 315 28083177912 28341751541 805
658.012137931035 315 28341751541 27057226183 1056
536.9914881831363 315 27057226183 25674737026 1039
934.156916411185 314 25674737026 25623981818 974
1821.9941615802 314 25623981818 26159370511 1627
2596.54024460126 314 26159370511 21331639505 4578
2707.0766804813 311 21331639505 16682941439 4386
2111.289836551231 309 16682941439 20051298394 713
1556.241228251533 311 20051298394 21777200692 790
1325.303250196078 312 21777200692 23149776227 655
927.6056530379119 312 23149776227 23427936849 658
628.151575098526 313 23427936849 22665354154 785
399.857141422298 312 22665354154 20556455656 1121
201.10070000000002 311 20556455656 17880389088 1131
226.09914000000003 309 17880389088 15771356696 1014
329.0441967741936 308 15771356696 14332191784 883
556.017448387097 307 14332191784 12317297886 1312
1255.760875 306 12317297886 5197744298 4189
1794.86672580645 300 5197744298 370292020 3564
1073.18206 295 370292020 1038488295 762
1043.410345161291 296 1038488295 1574007861 779
912.2399800000001 296 1574007861 1855214453 730
572.5580387096775 296 1855214453 1079081572 778
344.4439870967742 296 1079081572 86371017 653
214.16071 295 86371017 62874169 178
125.89482903225809 295 62874169 48529497 95
166.45645 295 48529497 59788987 148
194.935554838709 295 59788987 69235495 200
631.2103709677419 295 69235495 147161735 604
1972.32682857143 295 147161735 389120018 1865
2479.27525032258 295 389120018 477032412 2416
1533.0514699999999 295 477032412 2238899285 798
1014.4171096774201 297 2238899285 2755388730 753
769.75686 297 2755388730 2737293292 699
550.5021064516129 297 2737293292 1993094879 740
291.6386258064516 297 1993094879 581296498 754
171.93322999999998 295 581296498 55203064 329
101.0207322580645 295 55203064 43986228 69
163.94542 295 43986228 59286615 144
271.04507741935504 295 59286615 83041799 271
1115.433616129032 295 83041799 1139841427 723
3021.96439285714 296 1139841427 1076883229 3041
1875.16110967742 296 1076883229 367322474 2110
1383.32964 295 367322474 1898353114 738
1195.206558064516 296 1898353114 2985292438 721
1191.87764 298 2985292438 4030383096 708
934.4257548387097 299 4030383096 4162485046 789
593.1108354838709 299 4162485046 3467694884 779
382.81280000000004 298 3467694884 2333595919 768
240.60344516129032 297 2333595919 951470606 718
285.69957999999997 295 951470606 83606613 606
1053.729738709677 295 83606613 1144367016 667
2961.39380645161 296 1144367016 7042437842 762
2611.16133214285 301 7042437842 5434392954 3267
3304.82266129032 300 5434392954 2833344253 4240
2316.839720000001 297 2833344253 6573080699 809
1926.2388483870973 301 6573080699 9478954995 755
1761.63933 303 9478954995 11897438089 723
1689.674577419355 305 11897438089 13573895515 934
1570.6797967741936 306 13573895515 14456575782 1137
1333.83766 307 14456575782 14178507665 1363
897.6453741935484 307 14178507665 13383182120 1134
706.6899 306 13383182120 12627255766 975
725.7856225806449 306 12627255766 12306661107 861
1874.24484193548 306 12306661107 14015306759 1240
2837.79297857143 307 14015306759 7929519242 5343
3162.12076419355 302 7929519242 1876430840 5385
2831.06888 296 1876430840 7297418652 675
2050.929316129032 302 7297418652 10794129004 656
1842.10337 305 10794129004 13587747475 654
1715.5971 306 13587747475 15927612214 705
1614.085538709677 308 15927612214 18186919098 658
1395.1772199999996 310 18186919098 19461988806 816
921.1795709677419 310 19461988806 18779256423 1107
717.8232800000001 310 18779256423 17675525879 1117
682.9978032258064 309 17675525879 16868223441 1002
818.139493548387 309 16868223441 14779334624 1602
1583.221157142858 307 14779334624 9288897258 3842
1841.971758064517 303 9288897258 2532201664 4326
1794.3359799999998 297 2532201664 5193231625 705
1801.206748387097 300 5193231625 7888799485 713
1724.07382 302 7888799485 10247282357 714
1631.7501612903225 304 10247282357 11971724875 864
1123.7899677419355 305 11971724875 11337506368 1263
755.0730103448276 305 11337506368 10301200969 1084
509.84254516129033 304 10301200969 9146819031 887
446.23154999999997 303 9146819031 8016355325 862
916.552377419355 302 8016355325 8375581148 796
1838.97340087416 303 8375581148 10393140723 1089
2637.24192451438 304 10393140723 4579711325 5031
3300.9794516780203 299 4579711325 7162619353 2298
2791.1155621324797 302 7162619353 12498625521 654
2913.619189889271 306 12498625521 18276627901 649
2678.3002996 310 18276627901 23184328857 649
2071.452954662238 312 23184328857 26536629609 649
1731.904956203474 314 26536629609 29063201705 649
1713.138246683267 316 29063201705 31520338439 657
1518.19205 317 31520338439 33256629055 782
1106.32976 318 33256629055 33656272987 917
974.757370967742 318 33656272987 33995410543 872
1616.252677419355 318 33995410543 34967335710 1259
3575.15068928571 319 34967335710 34312248879 3829
1519.13733125 318 34312248879 25683567640 4671
2277.1155621324797 314 25683567640 28577872415 1043
1616.666719354839 315 28577872415 29651306811 1074
1963.3002996 316 29651306811 31904233198 931
1660.452954662238 317 31904233198 32598177031 1208
1196.904956203474 317 32598177031 32134173459 1220
864.138246683267 317 32134173459 31135359188 1139
493.5657883210389 317 31135359188 29390381168 1060
579.1303197339951 316 29390381168 28245882113 988
708.3502545454539 315 28245882113 27841810549 881
1394.0152714285719 315 27841810549 27801849200 1414
1970.01862307692 315 27801849200 19075728718 5563
2386.64667692308 310 19075728718 10393715371 5577
2391.1155621324797 304 10393715371 13541228667 1093
1995.6191898892712 306 13541228667 15815743634 1041
2016.3002996 308 15815743634 18755784469 756
1919.452954662238 310 18755784469 20831674108 990
1811.9049562034738 311 20831674108 20635769216 1763
1565.138246683267 311 20635769216 20968017075 1346
965.5657883210388 311 20968017075 19697643225 1369
898.1303197339951 310 19697643225 19160547824 1078
1005.0243948425659 310 19160547824 19145487813 1029
1611.552619354839 310 19145487813 19747757146 1391
1081.8977 311 19747757146 8601306608 5678
3244.9794516780203 303 8601306608 5183224062 4481
2745.1155621324797 300 5183224062 9964011613 828
2009.6191898892712 304 9964011613 12566489715 942
2022.3002996 306 12566489715 15501383310 774
1698.1804714285713 308 15501383310 16502391646 1183
1651.0991612903226 308 16502391646 15368475537 1965
1753.138246683267 308 15368475537 15704156512 1543
1611.5657883210388 308 15704156512 16067249586 1412
1339.62864 308 16067249586 16425545918 1176
1575.40727586207 308 16425545918 18145081722 951
2187.41725483871 310 18145081722 19341421198 1745
2889.24192451438 310 19341421198 15199541194 4589
3144.9794516780203 308 15199541194 8711355700 5520
1340.82943 303 8711355700 8595583099 1310
1365.095735483871 303 8595583099 9126558305 1078
1285.0616400000001 303 9126558305 9564471680 1015
1006.1806354838709 304 9564471680 8816259803 1169
676.8971064516129 303 8816259803 7732501658 994
469.30539 302 7732501658 6544714222 865
323.4962 301 6544714222 5228335382 768
465.13031973399507 300 5228335382 4482846061 735
618.0243948425659 299 4482846061 4267914792 710
