3913.50086931035 312 22393561032 29995983585 1080
3068.24192451438 316 29995983585 34077081372 1365
3002.9531129032302 318 34077081372 38301914100 1349
2626.6489899999997 320 38301914100 41574105201 1222
2067.334848387097 321 41574105201 42849891370 1420
2373.61554 322 42849891370 44849133144 1407
1911.091796774193 323 44849133144 45756718705 1342
1275.9896774193548 323 45756718705 44989037786 1384
920.0624399999999 323 44989037786 43451869191 1382
704.3879741935484 322 43451869191 41053859168 1499
645.0163600000001 321 41053859168 38960857884 1414
1185.958025806452 320 38960857884 38782952546 1278
1938.63421290323 320 38782952546 40423922987 1332
2092.43605357143 321 40423922987 41609273715 1584
1905.584090322581 321 41609273715 42717596770 1409
1755.71578 322 42717596770 43491993825 1309
1712.7676483870969 322 43491993825 43756553590 1440
1621.30539 322 43756553590 43870816647 1382
1358.5121903225809 322 43870816647 43060060212 1436
1040.5787354838712 322 43060060212 41443879047 1472
804.28525 321 41443879047 39269907168 1518
626.8802548387097 320 39269907168 36964643940 1392
525.3985 319 36964643940 34909011192 1282
628.029122580645 318 34909011192 33438615280 1201
1322.5990774193551 318 33438615280 33350578318 1361
3406.20875 318 33350578318 37236076599 1783
2864.7358806451603 320 37236076599 40221058513 1671
1762.08491 321 40221058513 40982206243 1325
1632.766480645161 321 40982206243 41271589039 1356
1745.98188 321 41271589039 41624999320 1420
1482.5201161290322 321 41624999320 41476472405 1318
1136.1286935483872 321 41476472405 40257999971 1422
854.6179 321 40257999971 38542406120 1393
655.1500161290323 320 38542406120 36387375268 1365
535.45937 319 36387375268 34415582276 1260
627.1453677419361 318 34415582276 32781562414 1261
1698.70579655173 317 32781562414 33741035478 1346
3652.201 318 33741035478 38434055001 1695
4056.88996428571 320 38434055001 44821128121 1590
3165.85842857143 323 44821128121 48267715152 1682
2172.992506451613 324 48267715152 49013428916 1710
2001.04135 324 49013428916 48849436172 1857
1878.130830434783 324 48849436172 48487000837 1774
1846.7784580645161 324 48487000837 47561736855 2008
1767.71912 324 47561736855 47112532645 1805
1585.0514892857143 324 47112532645 45904751777 1930
1193.92333 323 45904751777 44276820693 1781
2240.46902142857 322 44276820693 45712728200 1732
3237.32745729032 323 45712728200 49834757998 1705
2671.7746930000003 325 49834757998 51083385344 2135
3259.5680055 325 51083385344 53925578179 2105
3146.368432 326 53925578179 54275467841 2843
1983.141377419356 326 54275467841 53302913836 2151
1164.1096499999999 326 53302913836 50521254464 2023
1035.598470967742 325 50521254464 47239046815 2021
806.5439741935484 324 47239046815 44186234065 1767
777.138246683267 322 44186234065 41320378406 1754
449.821904 321 41320378406 38029480335 1581
396.03471 320 38029480335 35075242062 1499
435.4510645161291 319 35075242062 32770075117 1320
1395.262243478261 317 32770075117 32868494861 1364
1811.82041363636 317 32868494861 33077279310 1709
1523.228896428571 318 33077279310 32588097142 1633
1879.7114000000001 317 32588097142 33476084242 1408
1803.701361290323 318 33476084242 34220497901 1373
1947.3002996 318 34220497901 35143611826 1418
1567.452954662238 319 35143611826 34803388433 1493
1180.904956203474 318 34803388433 33676937741 1447
901.138246683267 318 33676937741 32293672790 1322
596.9364499999999 317 32293672790 30425187493 1208
511.27564000000007 316 30425187493 28590641206 1186
699.967251612903 315 28590641206 27411446112 1162
1264.343012903225 315 27411446112 27382980915 1280
1187.336032142857 315 27382980915 26437908823 1563
1175.631338709677 314 26437908823 25515104268 1455
2032.1155621324797 314 25515104268 27443400556 1172
1128.298996774193 315 27443400556 27030172769 1145
1036.84143 315 27030172769 26320726610 1158
836.130893548387 314 26320726610 25111422204 1114
582.3786903225807 314 25111422204 23382487568 1097
398.9383 313 23382487568 21397028328 1071
187.0542129032259 311 21397028328 18893954422 1051
150.10103 310 18893954422 16534652316 1034
1474.72216666667 309 16534652316 17775449297 1029
2994.3906 309 17775449297 22716486490 1154
2846.47646428571 312 22716486490 26193252130 1395
3647.24046774193 314 26193252130 31918559694 1441
4225.254658 317 31918559694 39063031765 1335
1896.033231034483 320 39063031765 39890102340 1422
1979.08776 321 39890102340 41061042292 1340
1954.8204161290323 321 41061042292 41912835801 1417
1490.156383870968 321 41912835801 41653463575 1416
1077.3570399999999 321 41653463575 40244490822 1495
806.012137931035 321 40244490822 38350808392 1416
606.9914881831363 320 38350808392 36403642611 1321
959.156916411185 319 36403642611 35746971465 1229
1811.9941615802 319 35746971465 36924857054 1378
2604.54024460126 319 36924857054 39157219155 1664
2733.0766804813 320 39157219155 42461505787 1418
2161.289836551231 322 42461505787 44316928867 1297
1619.241228251533 322 44316928867 44361764769 1427
1388.303250196078 322 44361764769 43766868140 1422
1030.605653037912 322 43766868140 41865648100 1517
766.151575098526 321 41865648100 39192102164 1596
590.857141422298 320 39192102164 36609766297 1466
394.1007 319 36609766297 33798387774 1352
302.09914000000003 318 33798387774 31298232469 1232
350.0441967741936 317 31298232469 29183958684 1162
577.017448387097 316 29183958684 27212961859 1318
1266.760875 315 27212961859 26266605674 1643
1862.86672580645 314 26266605674 26989553185 1527
1158.18206 315 26989553185 26529199145 1219
1095.410345161291 314 26529199145 26143437563 1104
1001.2399800000001 314 26143437563 25327754917 1166
769.5580387096775 314 25327754917 23920172385 1125
555.4439870967742 313 23920172385 22164709583 1083
401.16071 312 22164709583 20227092741 1057
287.8948290322581 311 20227092741 18022244453 1042
212.45645 310 18022244453 15833617249 1031
223.935554838709 308 15833617249 13729607290 1026
658.2103709677419 307 13729607290 12382079011 1165
1983.32682857143 306 12382079011 13727803926 1416
2503.27525032258 307 13727803926 16873281406 1277
1617.0514699999999 309 16873281406 17939639626 1109
1081.41710967742 309 17939639626 17739501380 1042
858.75686 309 17739501380 16937355042 1042
681.5021064516129 309 16937355042 15611748047 1034
520.6386258064516 308 15611748047 13965505938 1029
390.93323 307 13965505938 12123736489 1026
263.0207322580645 305 12123736489 9935274963 1024
222.94542 304 9935274963 7808210404 1023
287.04507741935504 302 7808210404 5871646605 1023
1127.433616129032 300 5871646605 5789519417 1161
3047.96439285714 300 5789519417 9884190654 1346
1953.16110967742 304 9884190654 11243835354 1400
1463.32964 305 11243835354 11916300497 1121
1258.206558064516 305 11916300497 12264309993 1030
1254.87764 306 12264309993 12572372313 1025
1077.4257548387097 306 12572372313 12365118243 1026
807.1108354838709 306 12365118243 11518032526 1025
578.8128 305 11518032526 10180232882 1024
397.6034451612903 304 10180232882 8363131309 1023
354.69957999999997 303 8363131309 6580126735 1023
1058.729738709677 301 6580126735 6710191598 1023
2995.39380645161 301 6710191598 11709880629 1132
2606.16133214285 305 11709880629 14506687676 1439
3356.82266129032 307 14506687676 19613373842 1396
2395.839720000001 310 19613373842 22700552864 1100
2007.2388483870973 312 22700552864 24798491477 1095
1861.63933 313 24798491477 26263709947 1147
1786.674577419355 314 26263709947 27405974934 1183
1705.6797967741936 315 27405974934 28463336748 1171
1456.8376600000001 315 28463336748 28848189726 1203
1022.6453741935484 316 28848189726 28170426457 1193
747.6899 315 28170426457 27036827722 1153
733.7856225806449 315 27036827722 26048570120 1124
1869.24484193548 314 26048570120 27782118067 1227
2843.79297857143 315 27782118067 30922694734 1530
3172.12076419355 317 30922694734 35149294717 1521
2918.06888 319 35149294717 38070334888 1655
2179.929316129032 320 38070334888 40005789760 1293
1979.1033699999998 321 40005789760 41031354151 1396
1876.5971 321 41031354151 41522502680 1474
1793.085538709677 321 41522502680 41759255299 1534
1371.1772199999996 321 41759255299 41153855386 1478
971.1795709677419 321 41153855386 39730892758 1404
753.8232800000001 321 39730892758 37895510716 1424
682.9978032258064 320 37895510716 36344814447 1287
815.139493548387 319 36344814447 34855238601 1377
1590.221157142858 318 34855238601 34415633891 1755
1895.971758064517 318 34415633891 34782944665 1684
1857.3359799999998 318 34782944665 35922517345 1284
1886.206748387097 319 35922517345 37227371495 1240
1865.07382 320 37227371495 38063088338 1362
1695.7501612903225 320 38063088338 38496259945 1323
1274.7899677419355 320 38496259945 37913395589 1329
919.0730103448276 320 37913395589 36625035719 1296
635.8425451612903 319 36625035719 34534775274 1324
492.23154999999997 318 34534775274 32386218590 1286
942.552377419355 317 32386218590 31616875246 1253
1857.97340087416 317 31616875246 32975930053 1356
2678.24192451438 318 32975930053 35473537068 1629
3299.9794516780203 319 35473537068 40922135463 1187
2879.1155621324797 321 40922135463 44659116824 1290
3026.619189889271 323 44659116824 48471627005 1423
2818.3002996 324 48471627005 51500394704 1440
2256.452954662238 325 51500394704 52750218234 1541
1965.9049562034738 326 52750218234 53062242272 1655
1907.138246683267 326 53062242272 53117158028 1741
1401.19205 326 53117158028 51852558740 1760
1025.32976 326 51852558740 49754482985 1791
902.757370967742 325 49754482985 47431192438 1799
1573.252677419355 324 47431192438 47369285369 1603
3546.15068928571 324 47369285369 51193511758 1945
1504.13733125 325 51193511758 49778902561 1941
2305.1155621324797 325 49778902561 51017870533 1666
1643.666719354839 325 51017870533 50419796221 1678
2002.3002996 325 50419796221 50449449473 1780
1768.452954662238 325 50449449473 49601173609 1842
1386.904956203474 325 49601173609 47852663241 1854
1061.138246683267 324 47852663241 45569370988 1807
634.5657883210389 323 45569370988 42496314994 1679
645.1303197339951 322 42496314994 39453710918 1780
739.3502545454539 320 39453710918 36999649263 1681
1403.0152714285719 319 36999649263 36792984747 1486
1980.01862307692 319 36792984747 37115946292 1829
2409.64667692308 320 37115946292 38346383583 1872
2432.1155621324797 320 38346383583 39543046606 1830
2093.619189889271 321 39543046606 40096548902 1721
2234.3002996 321 40096548902 40292570816 1972
2059.452954662238 321 40292570816 40535208718 1752
1969.9049562034738 321 40535208718 40445888724 1835
1619.138246683267 321 40445888724 39817296140 1737
1050.5657883210388 321 39817296140 37934534445 1657
896.1303197339951 320 37934534445 36449341166 1432
1001.0243948425659 319 36449341166 35304656256 1453
1602.552619354839 319 35304656256 35747296120 1443
1070.8977 319 35747296120 33848031231 1839
3290.9794516780203 318 33848031231 38028133389 1654
2871.1155621324797 320 38028133389 40490817372 1780
2218.619189889271 321 40490817372 40144238598 2181
2275.3002996 321 40144238598 39701695718 2260
1835.1804714285713 321 39701695718 38864454785 1934
1799.0991612903226 320 38864454785 38152130945 1901
1942.138246683267 320 38152130945 38381347194 1732
1644.5657883210388 320 38381347194 38383149222 1548
1215.62864 320 38383149222 37331257823 1584
1481.40727586207 320 37331257823 36944108908 1651
2131.41725483871 319 36944108908 38549296489 1538
2849.24192451438 320 38549296489 40647009916 1964
3129.9794516780203 321 40647009916 43248855130 2076
1393.82943 322 43248855130 40677417697 2240
1396.095735483871 321 40677417697 38838045695 1917
1349.0616400000001 320 38838045695 36459648053 2086
1175.180635483871 319 36459648053 33587195145 2046
880.8971064516129 318 33587195145 31560371073 1487
649.30539 317 31560371073 29579178345 1305
469.49620000000004 316 29579178345 27337009517 1224
530.1303197339951 315 27337009517 25656612468 1147
633.0243948425659 314 25656612468 24458528998 1101
