2 5 15 0 9 0 0 2
1 4 4 0 6 0 0 4
3 8 13 2 51 0 0 6
6 14 31 0 96 0 1 26
7 19 47 3 115 0 2 30
8 22 47 6 125 0 2 25
12 32 55 11 163 0 3 32
14 41 58 12 193 0 3 44
13 40 56 5 181 0 4 59
10 27 57 0 133 0 2 73
4 8 28 0 49 0 0 50
1 2 22 0 13 0 0 17
2 5 15 0 9 0 0 2
1 4 4 0 6 0 0 4
3 8 13 2 51 0 0 6
6 14 31 0 97 0 1 26
7 19 47 3 115 0 2 30
8 22 47 6 122 0 2 25
12 32 55 11 159 0 3 32
14 41 58 12 191 0 3 43
13 40 56 5 179 0 4 59
9 27 57 0 131 0 2 74
4 8 28 0 48 0 0 49
1 2 22 0 12 0 0 17
2 5 15 0 9 0 0 2
1 4 4 0 5 0 0 4
3 8 13 2 50 0 0 6
6 14 31 0 95 0 1 26
7 19 47 3 114 0 2 30
8 22 47 6 123 0 2 25
12 32 55 11 160 0 3 32
14 41 58 12 192 0 3 43
13 40 56 5 181 0 4 58
9 27 57 0 132 0 2 73
4 8 28 0 48 0 0 49
1 2 22 0 12 0 0 17
2 5 15 0 9 0 0 2
1 4 4 0 6 0 0 4
3 8 13 2 52 0 0 6
6 14 31 0 98 0 1 26
7 19 47 3 115 0 2 30
8 22 47 6 123 0 2 25
12 32 55 11 162 0 3 32
14 41 58 12 198 0 3 44
13 40 56 5 190 0 4 60
10 27 57 0 142 0 2 74
4 9 28 0 52 0 0 50
1 2 22 0 13 0 0 17
2 5 15 0 9 0 0 2
1 4 4 0 6 0 0 4
3 8 13 2 51 0 0 6
6 14 31 0 95 0 1 26
7 19 47 3 111 0 2 30
8 22 47 6 119 0 2 25
12 32 55 11 156 0 3 32
14 41 58 12 186 0 3 43
13 40 56 5 175 0 4 59
9 27 57 0 128 0 2 73
4 8 28 0 47 0 0 49
1 2 22 0 12 0 0 17
2 5 15 0 9 0 0 2
1 4 4 0 5 0 0 4
3 8 13 2 51 0 0 6
6 14 31 0 97 0 1 26
7 19 47 3 115 0 2 30
8 22 47 6 123 0 2 25
12 32 55 11 159 0 3 32
14 41 58 12 189 0 4 44
13 40 56 5 177 0 4 60
9 27 57 0 130 0 2 74
4 8 28 0 48 0 0 50
1 2 22 0 12 0 0 17
2 5 15 0 9 0 0 2
1 4 4 0 5 0 0 4
3 8 13 2 50 0 0 6
6 14 31 0 94 0 1 26
7 19 47 3 110 0 2 30
8 22 47 6 117 0 2 25
12 32 55 11 152 0 3 32
14 41 58 12 182 0 4 44
13 39 55 4 167 0 4 58
9 26 43 0 119 0 2 72
4 8 26 0 43 0 0 48
1 2 20 0 11 0 0 17
2 5 15 0 8 0 0 2
1 4 4 0 5 0 0 4
3 8 13 2 50 0 0 6
6 14 31 0 96 0 1 26
7 19 47 3 115 0 2 29
8 22 47 6 123 0 2 24
12 32 55 11 162 0 3 31
14 41 58 12 196 0 3 42
13 40 56 5 183 0 4 58
9 27 57 0 133 0 2 74
4 8 28 0 48 0 0 50
1 2 22 0 12 0 0 17
2 5 15 0 9 0 0 2
1 4 4 0 5 0 0 4
3 8 13 2 51 0 0 6
6 14 31 0 96 0 1 26
7 19 47 3 113 0 2 30
8 22 47 6 120 0 2 24
12 32 55 11 155 0 3 31
14 41 58 12 185 0 3 43
13 40 56 5 173 0 4 60
9 26 57 0 125 0 2 74
4 8 28 0 46 0 0 50
1 2 22 0 12 0 0 17
2 5 15 0 8 0 0 2
1 4 4 0 5 0 0 4
3 8 13 2 49 0 0 6
6 14 31 0 93 0 1 26
7 19 47 3 111 0 2 30
8 22 47 6 118 0 2 24
12 32 55 11 151 0 3 32
14 41 58 12 180 0 3 42
13 39 56 5 169 0 4 52
9 26 57 0 122 0 2 63
4 8 28 0 45 0 0 43
1 2 21 0 11 0 0 16
2 5 14 0 8 0 0 2
1 4 4 0 5 0 0 4
3 8 13 2 49 0 0 6
6 14 31 0 92 0 1 26
7 19 47 3 109 0 2 30
8 22 47 6 116 0 2 25
12 32 55 11 151 0 3 32
14 40 58 12 179 0 3 43
13 39 56 5 167 0 4 55
9 26 57 0 122 0 2 64
4 6 28 0 45 0 0 44
1 2 22 0 11 0 0 16
2 5 15 0 8 0 0 2
1 4 4 0 5 0 0 4
3 8 13 2 50 0 0 6
6 14 31 0 94 0 1 26
7 19 47 3 112 0 2 30
8 22 47 6 120 0 2 25
12 32 55 11 156 0 3 32
14 41 58 12 186 0 3 44
13 40 56 5 175 0 4 60
9 27 57 0 127 0 2 73
4 8 28 0 47 0 0 48
1 2 22 0 12 0 0 17
2 5 15 0 8 0 0 2
1 4 4 0 5 0 0 4
3 8 13 2 51 0 0 6
6 14 31 0 98 0 1 26
7 19 47 3 115 0 2 30
8 22 47 6 123 0 2 25
12 32 55 11 162 0 3 32
14 41 58 12 198 0 4 44
13 40 56 5 188 0 4 60
9 27 57 0 137 0 2 74
4 9 28 0 50 0 0 50
1 2 22 0 13 0 0 17
2 5 15 0 9 0 0 2
1 4 4 0 6 0 0 4
3 8 13 2 51 0 0 6
6 14 31 0 98 0 1 26
7 19 47 3 115 0 2 30
8 22 47 6 123 0 2 25
12 32 55 11 162 0 3 32
14 41 58 12 198 0 3 44
13 40 56 5 188 0 4 60
9 27 57 0 137 0 2 74
4 9 28 0 50 0 0 50
1 2 22 0 13 0 0 17
2 5 15 0 9 0 0 2
1 4 4 0 5 0 0 4
3 8 13 2 50 0 0 6
6 14 31 0 96 0 1 26
7 19 47 3 115 0 2 30
8 22 47 6 123 0 2 25
12 32 55 11 162 0 3 32
14 41 58 12 194 0 4 44
13 40 56 5 181 0 4 60
9 27 57 0 132 0 2 74
4 8 28 0 48 0 0 50
1 2 22 0 12 0 0 17
2 5 15 0 9 0 0 2
1 4 4 0 5 0 0 4
3 8 13 2 52 0 0 6
6 14 31 0 98 0 1 26
7 19 47 3 118 0 2 30
8 22 47 6 126 0 2 25
12 32 55 11 164 0 3 32
14 41 58 12 198 0 3 44
13 40 56 5 190 0 4 60
9 27 57 0 142 0 2 74
4 9 28 0 51 0 0 50
1 2 22 0 13 0 0 17
2 5 15 0 9 0 0 2
1 4 4 0 6 0 0 4
3 8 13 2 51 0 0 6
6 14 31 0 96 0 1 26
7 19 47 3 114 0 2 30
8 22 47 6 123 0 2 25
12 32 55 11 161 0 3 32
14 41 58 12 192 0 4 44
13 40 56 5 180 0 4 60
9 27 57 0 132 0 2 74
4 8 28 0 48 0 0 50
1 2 22 0 12 0 0 17
2 5 15 0 9 0 0 2
1 4 4 0 5 0 0 4
3 8 13 2 51 0 0 6
6 14 31 0 97 0 1 26
7 19 47 3 115 0 2 30
8 22 47 6 123 0 2 25
12 32 55 11 163 0 3 32
14 41 58 12 198 0 4 44
13 40 56 5 188 0 4 60
9 27 57 0 138 0 2 74
4 9 28 0 50 0 0 50
1 2 22 0 13 0 0 17
2 5 15 0 9 0 0 2
1 4 4 0 6 0 0 4
3 8 13 2 51 0 0 6
6 14 31 0 98 0 1 26
7 19 47 3 116 0 2 30
8 22 47 6 123 0 2 25
12 32 55 11 163 0 3 32
14 41 58 12 199 0 4 44
13 40 56 5 190 0 4 60
9 27 57 0 142 0 2 74
4 9 28 0 52 0 0 50
1 2 22 0 13 0 0 17
2 5 15 0 9 0 0 2
1 4 4 0 6 0 0 4
3 8 13 2 51 0 0 6
6 14 31 0 96 0 1 26
7 19 47 3 113 0 2 30
8 22 47 6 121 0 2 25
12 32 55 11 157 0 3 32
14 41 58 12 188 0 4 44
13 40 56 5 177 0 4 60
9 27 57 0 129 0 2 74
4 8 28 0 47 0 0 50
1 2 22 0 12 0 0 17
