2 5 2 0 4 0 0 2
1 4 1 0 2 0 0 4
3 8 6 2 18 0 0 6
6 14 14 0 36 0 1 25
7 19 35 3 57 0 2 29
8 22 47 6 82 0 2 24
12 32 45 11 89 0 3 31
14 41 26 12 72 0 4 42
13 40 15 5 50 0 4 57
10 27 14 0 28 0 2 71
4 9 7 0 9 0 0 47
1 2 6 0 2 0 0 16
2 5 4 0 2 0 0 2
1 4 1 0 1 0 0 4
3 8 5 2 17 0 0 6
6 14 10 0 40 0 1 25
7 19 29 3 55 0 2 29
8 22 23 6 57 0 2 23
12 32 15 11 64 0 3 31
14 41 14 12 60 0 4 42
13 40 14 5 44 0 4 57
10 27 13 0 25 0 2 70
4 9 6 0 7 0 0 47
1 2 5 0 2 0 0 16
2 5 4 0 1 0 0 2
1 4 1 0 1 0 0 4
3 8 6 2 15 0 0 6
6 14 13 0 34 0 1 25
7 19 21 3 51 0 2 29
8 22 33 6 62 0 2 23
12 32 22 11 71 0 3 31
14 41 14 12 68 0 4 41
13 40 14 5 48 0 4 56
10 27 13 0 27 0 2 70
4 9 6 0 8 0 0 47
1 2 5 0 2 0 0 16
2 5 4 0 1 0 0 2
1 4 2 0 1 0 0 4
3 8 5 2 21 0 0 6
6 14 12 0 54 0 1 25
7 19 22 3 64 0 2 29
8 22 22 6 69 0 2 24
12 32 24 11 89 0 3 31
14 41 14 12 111 0 4 43
13 40 14 5 105 0 4 58
10 27 13 0 71 0 2 72
4 9 6 0 19 0 0 48
1 2 5 0 3 0 0 17
2 5 4 0 2 0 0 2
1 4 1 0 1 0 0 4
3 8 4 2 16 0 0 6
6 14 10 0 30 0 1 26
7 19 19 3 36 0 2 29
8 22 12 6 39 0 2 24
12 32 13 11 47 0 3 31
14 41 13 12 46 0 4 42
13 40 13 5 34 0 4 57
10 27 13 0 18 0 2 71
4 9 6 0 5 0 0 47
1 2 5 0 1 0 0 16
2 5 4 0 1 0 0 2
1 4 1 0 1 0 0 4
3 8 5 2 17 0 0 6
6 14 11 0 42 0 1 25
7 19 20 3 57 0 2 29
8 22 12 6 59 0 2 24
12 32 14 11 64 0 3 31
14 41 13 12 59 0 4 42
13 40 13 5 42 0 4 56
10 27 13 0 21 0 2 70
4 9 6 0 6 0 0 47
1 2 5 0 1 0 0 16
2 5 3 0 1 0 0 2
1 4 1 0 1 0 0 4
3 8 3 2 13 0 0 6
6 14 8 0 27 0 1 25
7 19 12 3 32 0 2 28
8 22 11 6 33 0 2 23
12 32 13 11 36 0 3 30
14 41 10 12 31 0 4 40
13 40 2 5 16 0 4 55
10 27 2 0 7 0 2 68
4 9 1 0 1 0 0 46
1 2 1 0 0 0 0 16
2 5 1 0 0 0 0 2
1 4 1 0 1 0 0 4
3 8 6 2 13 0 0 6
6 14 15 0 34 0 1 25
7 19 24 3 59 0 2 28
8 22 13 6 66 0 2 23
12 32 27 11 86 0 3 30
14 41 14 12 82 0 4 41
13 40 14 5 57 0 4 56
10 27 13 0 30 0 2 70
4 9 6 0 8 0 0 47
1 2 5 0 2 0 0 16
2 5 5 0 1 0 0 2
1 4 2 0 1 0 0 4
3 8 5 2 15 0 0 5
6 14 10 0 36 0 1 25
7 19 28 3 47 0 2 28
8 22 19 6 43 0 2 23
12 32 13 11 44 0 3 31
14 41 13 12 40 0 4 42
13 40 13 5 28 0 4 56
10 27 13 0 16 0 2 70
4 9 6 0 4 0 0 47
1 2 5 0 1 0 0 16
2 5 3 0 1 0 0 2
1 4 1 0 1 0 0 4
3 8 4 2 10 0 0 5
6 14 9 0 24 0 1 25
7 19 18 3 33 0 2 28
8 22 11 6 33 0 2 23
12 32 13 11 35 0 3 30
14 41 13 12 30 0 4 41
13 40 13 5 21 0 4 55
10 27 12 0 11 0 2 69
4 9 5 0 2 0 0 46
1 2 1 0 0 0 0 16
2 5 1 0 0 0 0 2
1 4 0 0 0 0 0 4
3 8 3 2 9 0 0 6
6 14 10 0 21 0 1 25
7 19 20 3 27 0 2 28
8 22 12 6 28 0 2 23
12 32 13 11 30 0 3 30
14 41 13 12 29 0 4 41
13 40 13 5 20 0 4 55
10 27 12 0 10 0 2 69
4 6 6 0 3 0 0 46
1 2 2 0 0 0 0 16
2 5 2 0 0 0 0 2
1 4 0 0 0 0 0 4
3 8 4 2 12 0 0 6
6 14 11 0 27 0 1 25
7 19 18 3 38 0 2 28
8 22 11 6 44 0 2 23
12 32 13 11 52 0 3 30
14 41 13 12 48 0 4 41
13 40 13 5 33 0 4 56
10 27 12 0 16 0 2 69
4 9 6 0 5 0 0 46
1 2 2 0 0 0 0 16
2 5 2 0 1 0 0 2
1 4 0 0 1 0 0 4
3 8 5 2 18 0 0 6
6 14 12 0 50 0 1 25
7 19 22 3 61 0 2 28
8 22 12 6 65 0 2 23
12 32 14 11 86 0 3 30
14 41 13 12 103 0 4 41
13 40 13 5 85 0 4 56
10 27 13 0 44 0 2 70
4 9 6 0 11 0 0 47
1 2 5 0 2 0 0 16
2 5 5 0 2 0 0 2
1 4 1 0 1 0 0 4
3 8 6 2 18 0 0 6
6 14 14 0 48 0 1 25
7 19 23 3 62 0 2 29
8 22 13 6 67 0 2 24
12 32 28 11 87 0 3 31
14 41 14 12 105 0 4 42
13 40 14 5 77 0 4 57
10 27 13 0 40 0 2 71
4 9 6 0 11 0 0 48
1 2 5 0 2 0 0 16
2 5 3 0 1 0 0 2
1 4 1 0 1 0 0 4
3 8 6 2 14 0 0 6
6 14 11 0 38 0 1 25
7 19 20 3 60 0 2 29
8 22 12 6 67 0 2 23
12 32 13 11 83 0 3 31
14 41 13 12 77 0 4 42
13 40 13 5 53 0 4 56
10 27 13 0 27 0 2 70
4 9 6 0 7 0 0 47
1 2 5 0 2 0 0 17
2 5 5 0 1 0 0 2
1 4 2 0 1 0 0 4
3 8 8 2 20 0 0 6
6 14 17 0 53 0 1 25
7 19 47 3 96 0 2 29
8 22 47 6 93 0 2 24
12 32 40 11 100 0 3 31
14 41 19 12 109 0 4 42
13 40 14 5 103 0 4 58
10 27 13 0 59 0 2 72
4 9 6 0 16 0 0 48
1 2 5 0 3 0 0 17
2 5 4 0 2 0 0 2
1 4 1 0 1 0 0 4
3 8 4 2 16 0 0 6
6 14 9 0 36 0 1 25
7 19 19 3 52 0 2 29
8 22 12 6 61 0 2 24
12 32 13 11 74 0 3 31
14 41 13 12 72 0 4 42
13 40 13 5 51 0 4 58
10 27 13 0 26 0 2 72
4 9 6 0 7 0 0 48
1 2 5 0 2 0 0 17
2 5 4 0 1 0 0 2
1 4 1 0 1 0 0 4
3 8 5 2 16 0 0 6
6 14 12 0 40 0 1 26
7 19 22 3 62 0 2 29
8 22 13 6 70 0 2 24
12 32 14 11 89 0 3 31
14 41 14 12 109 0 4 43
13 40 14 5 86 0 4 58
10 27 13 0 45 0 2 72
4 9 6 0 12 0 0 48
1 2 5 0 2 0 0 17
2 5 4 0 2 0 0 2
1 4 1 0 1 0 0 4
3 8 5 2 20 0 0 6
6 14 11 0 53 0 1 25
7 19 21 3 67 0 2 30
8 22 13 6 72 0 2 24
12 32 14 11 90 0 3 31
14 41 13 12 110 0 4 42
13 40 13 5 105 0 4 58
10 27 13 0 72 0 2 71
4 9 6 0 19 0 0 48
1 2 5 0 4 0 0 17
2 5 4 0 2 0 0 2
1 4 1 0 1 0 0 4
3 8 4 2 17 0 0 6
6 14 8 0 36 0 1 26
7 19 18 3 45 0 2 29
8 22 11 6 49 0 2 24
12 32 13 11 58 0 3 31
14 41 13 12 53 0 4 42
13 40 13 5 38 0 4 56
10 27 13 0 20 0 2 70
4 9 6 0 6 0 0 47
1 2 2 0 1 0 0 16
