2 5 12 0 9 0 0 2
1 4 3 0 6 0 0 4
3 8 12 2 52 0 0 6
6 14 28 0 96 0 1 26
7 19 46 3 115 0 2 30
8 22 47 6 125 0 2 25
12 32 55 11 163 0 3 32
14 41 53 12 193 0 4 44
13 40 48 5 181 0 4 59
10 27 48 0 133 0 2 74
4 9 24 0 49 0 0 50
1 2 19 0 13 0 0 17
2 5 13 0 9 0 0 2
1 4 4 0 6 0 0 4
3 8 12 2 51 0 0 6
6 14 27 0 97 0 1 26
7 19 46 3 115 0 2 30
8 22 44 6 123 0 2 25
12 32 48 11 159 0 3 32
14 41 49 12 191 0 4 44
13 40 48 5 179 0 4 59
10 27 48 0 131 0 2 74
4 9 23 0 48 0 0 50
1 2 18 0 12 0 0 17
2 5 13 0 9 0 0 2
1 4 3 0 6 0 0 4
3 8 12 2 51 0 0 6
6 14 28 0 96 0 1 26
7 19 44 3 114 0 2 30
8 22 46 6 123 0 2 25
12 32 50 11 160 0 3 32
14 41 49 12 192 0 4 44
13 40 48 5 181 0 4 59
10 27 48 0 132 0 2 74
4 9 23 0 48 0 0 50
1 2 18 0 12 0 0 17
2 5 13 0 9 0 0 2
1 4 4 0 6 0 0 4
3 8 12 2 52 0 0 6
6 14 28 0 99 0 1 26
7 19 44 3 116 0 2 30
8 22 44 6 124 0 2 25
12 32 51 11 163 0 3 32
14 41 49 12 198 0 4 44
13 40 48 5 190 0 4 60
10 27 48 0 142 0 2 74
4 9 23 0 52 0 0 50
1 2 18 0 13 0 0 17
2 5 13 0 9 0 0 2
1 4 3 0 6 0 0 4
3 8 11 2 51 0 0 6
6 14 27 0 95 0 1 26
7 19 43 3 112 0 2 30
8 22 40 6 119 0 2 25
12 32 47 11 156 0 3 32
14 41 49 12 186 0 4 44
13 40 47 5 175 0 4 59
10 27 48 0 128 0 2 74
4 9 23 0 47 0 0 50
1 2 18 0 12 0 0 17
2 5 13 0 9 0 0 2
1 4 4 0 6 0 0 4
3 8 12 2 51 0 0 6
6 14 27 0 97 0 1 26
7 19 43 3 115 0 2 30
8 22 40 6 123 0 2 25
12 32 47 11 159 0 3 32
14 41 49 12 189 0 4 44
13 40 47 5 178 0 4 59
10 27 48 0 130 0 2 74
4 9 23 0 47 0 0 50
1 2 18 0 12 0 0 17
2 5 12 0 9 0 0 2
1 4 3 0 5 0 0 4
3 8 11 2 50 0 0 6
6 14 26 0 94 0 1 26
7 19 40 3 110 0 2 30
8 22 39 6 117 0 2 24
12 32 47 11 152 0 3 32
14 41 48 12 182 0 4 43
13 40 46 5 170 0 4 59
10 27 39 0 119 0 2 73
4 8 19 0 43 0 0 49
1 2 15 0 11 0 0 17
2 5 11 0 8 0 0 2
1 4 3 0 5 0 0 4
3 8 12 2 51 0 0 6
6 14 29 0 96 0 1 26
7 19 44 3 115 0 2 30
8 22 41 6 124 0 2 24
12 32 52 11 163 0 3 32
14 41 49 12 196 0 4 43
13 40 48 5 183 0 4 59
10 27 48 0 133 0 2 74
4 9 23 0 48 0 0 50
1 2 18 0 12 0 0 17
2 5 13 0 9 0 0 2
1 4 4 0 6 0 0 4
3 8 12 2 51 0 0 6
6 14 27 0 96 0 1 26
7 19 46 3 114 0 2 30
8 22 42 6 120 0 2 24
12 32 47 11 155 0 3 32
14 41 49 12 185 0 4 43
13 40 47 5 173 0 4 59
10 27 47 0 125 0 2 74
4 8 23 0 46 0 0 50
1 2 18 0 12 0 0 17
2 5 12 0 8 0 0 2
1 4 3 0 5 0 0 4
3 8 11 2 49 0 0 6
6 14 27 0 93 0 1 26
7 19 43 3 111 0 2 30
8 22 40 6 118 0 2 24
12 32 47 11 151 0 3 32
14 41 48 12 180 0 4 43
13 40 47 5 169 0 4 59
10 27 47 0 123 0 2 74
4 8 23 0 45 0 0 50
1 2 16 0 11 0 0 17
2 5 11 0 8 0 0 2
1 4 3 0 5 0 0 4
3 8 11 2 49 0 0 6
6 14 27 0 93 0 1 26
7 19 43 3 109 0 2 30
8 22 40 6 116 0 2 25
12 32 47 11 151 0 3 32
14 41 49 12 179 0 4 44
13 40 47 5 167 0 4 59
10 27 47 0 122 0 2 74
4 6 23 0 45 0 0 50
1 2 17 0 11 0 0 17
2 5 11 0 8 0 0 2
1 4 3 0 5 0 0 4
3 8 11 2 50 0 0 6
6 14 27 0 94 0 1 26
7 19 43 3 112 0 2 30
8 22 40 6 120 0 2 25
12 32 47 11 156 0 3 32
14 41 48 12 186 0 4 44
13 40 47 5 175 0 4 59
10 27 47 0 127 0 2 74
4 9 23 0 47 0 0 50
1 2 17 0 12 0 0 17
2 5 12 0 8 0 0 2
1 4 3 0 5 0 0 4
3 8 12 2 51 0 0 6
6 14 28 0 99 0 1 26
7 19 44 3 116 0 2 30
8 22 40 6 124 0 2 25
12 32 47 11 163 0 3 32
14 41 49 12 198 0 4 44
13 40 47 5 188 0 4 59
10 27 48 0 137 0 2 74
4 9 23 0 50 0 0 50
1 2 18 0 13 0 0 17
2 5 13 0 9 0 0 2
1 4 4 0 6 0 0 4
3 8 12 2 52 0 0 6
6 14 28 0 98 0 1 26
7 19 44 3 116 0 2 30
8 22 41 6 124 0 2 25
12 32 52 11 163 0 3 32
14 41 49 12 198 0 4 44
13 40 48 5 188 0 4 59
10 27 48 0 136 0 2 74
4 9 23 0 49 0 0 50
1 2 18 0 13 0 0 17
2 5 12 0 9 0 0 2
1 4 3 0 6 0 0 4
3 8 12 2 51 0 0 6
6 14 27 0 97 0 1 26
7 19 43 3 116 0 2 30
8 22 40 6 124 0 2 25
12 32 47 11 162 0 3 32
14 41 49 12 194 0 4 44
13 40 47 5 181 0 4 59
10 27 47 0 132 0 2 74
4 9 23 0 48 0 0 50
1 2 18 0 12 0 0 17
2 5 13 0 9 0 0 2
1 4 4 0 6 0 0 4
3 8 12 2 52 0 0 6
6 14 30 0 99 0 1 26
7 19 47 3 118 0 2 30
8 22 47 6 127 0 2 25
12 32 54 11 164 0 3 32
14 41 51 12 199 0 4 44
13 40 48 5 190 0 4 60
10 27 48 0 141 0 2 74
4 9 23 0 51 0 0 50
1 2 18 0 13 0 0 17
2 5 13 0 9 0 0 2
1 4 3 0 6 0 0 4
3 8 11 2 51 0 0 6
6 14 27 0 96 0 1 26
7 19 43 3 114 0 2 30
8 22 40 6 123 0 2 25
12 32 47 11 161 0 3 32
14 41 49 12 192 0 4 44
13 40 47 5 181 0 4 60
10 27 48 0 132 0 2 74
4 9 23 0 48 0 0 50
1 2 18 0 12 0 0 17
2 5 13 0 9 0 0 2
1 4 3 0 6 0 0 4
3 8 12 2 51 0 0 6
6 14 28 0 97 0 1 26
7 19 44 3 116 0 2 30
8 22 40 6 124 0 2 25
12 32 47 11 163 0 3 32
14 41 49 12 198 0 4 44
13 40 47 5 189 0 4 60
10 27 48 0 138 0 2 74
4 9 23 0 50 0 0 50
1 2 18 0 13 0 0 17
2 5 13 0 9 0 0 2
1 4 3 0 6 0 0 4
3 8 12 2 52 0 0 6
6 14 28 0 100 0 1 26
7 19 44 3 116 0 2 30
8 22 40 6 124 0 2 25
12 32 47 11 163 0 3 32
14 41 49 12 198 0 4 44
13 40 47 5 190 0 4 60
10 27 48 0 142 0 2 74
4 9 23 0 52 0 0 50
1 2 18 0 13 0 0 17
2 5 13 0 9 0 0 2
1 4 3 0 6 0 0 4
3 8 11 2 51 0 0 6
6 14 27 0 96 0 1 26
7 19 43 3 113 0 2 30
8 22 40 6 121 0 2 25
12 32 47 11 157 0 3 32
14 41 48 12 188 0 4 44
13 40 47 5 177 0 4 59
10 27 47 0 129 0 2 74
4 9 23 0 47 0 0 50
1 2 18 0 12 0 0 17
