322.045903225806 1024 3644646452 3990324928 203 56
643.509857142857 1025 3990324928 5082720533 203 59
785.285774193548 1028 5082720533 5896265278 478 203
810.8132 1030 5896265278 5896476245 794 189
709.144935483871 1030 5896476245 5894658506 692 478
400.573266666667 1030 5894658506 5889249347 389 794
209.112838709677 1030 5889249347 5855865711 204 692
155.613161290323 1030 5855865711 5675206572 203 376
113.363733333333 1029 5675206572 5380133073 203 210
89.1516451612903 1028 5380133073 5007250349 203 203
132.6879 1028 5007250349 4807491341 203 203
183.475935483871 1028 4807491341 4776029288 203 203
219.466193548387 1028 4776029288 4851430211 203 196
529.413142857143 1028 4851430211 5667485912 204 224
573.648451612903 1029 5667485912 5892508003 486 203
434.0214 1030 5892508003 5889793505 418 190
242.016225806452 1030 5889793505 5886366592 225 486
141.2042 1030 5886366592 5691348821 203 418
112.736064516129 1029 5691348821 5405174106 203 225
95.8503870967742 1028 5405174106 5067959240 203 196
70.4100666666667 1028 5067959240 4664966493 203 209
51.7662903225806 1027 4664966493 4197208341 203 203
33.0551333333333 1026 4197208341 3741403707 203 203
89.5234193548387 1024 3741403707 3454594758 203 203
197.699193548387 1023 3454594758 3462285068 204 196
483.033035714286 1023 3462285068 4158684353 205 224
883.652032258065 1026 4158684353 5674800928 315 204
711.757666666667 1029 5674800928 5894719882 610 191
355.195741935484 1030 5894719882 5888378691 339 315
161.613233333333 1030 5888378691 5744767448 203 610
116.846161290323 1029 5744767448 5469192683 203 339
91.6212580645161 1029 5469192683 5120433392 203 196
67.8172333333333 1028 5120433392 4710475751 203 209
48.4465161290323 1027 4710475751 4233430228 203 203
51.3012333333333 1026 4233430228 3824762385 203 203
84.7457096774193 1024 3824762385 3525461249 203 203
209.807322580645 1023 3525461249 3566503336 204 196
689.364428571429 1024 3566503336 4763560139 205 224
568.289064516129 1028 4763560139 5434866350 315 204
576.527233333333 1028 5434866350 5892315204 383 191
381.711483870968 1030 5892315204 5888850354 365 315
185.7957 1030 5888850354 5807106753 203 383
126.033225806452 1030 5807106753 5555581975 203 365
97.3777741935484 1029 5555581975 5221824474 203 196
66.5694 1028 5221824474 4808186500 203 209
46.5674838709677 1028 4808186500 4325210103 203 203
36.6345333333333 1026 4325210103 3878336895 203 203
71.4001612903226 1025 3878336895 3543408642 203 203
217.974064516129 1023 3543408642 3609192236 203 196
492.893857142857 1024 3609192236 4332570817 204 224
366.69335483871 1026 4332570817 4464460405 315 203
391.213866666667 1027 4464460405 4914655741 203 190
225.662064516129 1028 4914655741 4933278988 203 315
133.237333333333 1028 4933278988 4721126770 203 203
85.2490967741936 1027 4721126770 4365460227 203 203
63.7061290322581 1026 4365460227 3948145740 203 196
44.3738666666667 1025 3948145740 3487253720 203 209
29.2655161290322 1023 3487253720 2974132262 203 203
19.9402333333333 1020 2974132262 2488627483 203 203
45.8698387096774 1018 2488627483 2079514130 203 203
275.221193548387 1016 2079514130 2287283339 204 196
551.286071428571 1017 2287283339 3145015967 204 224
549.275483870968 1021 3145015967 3767076622 315 204
453.0279 1024 3767076622 4380880272 203 190
251.113419354839 1026 4380880272 4470187063 203 315
131.736766666667 1027 4470187063 4256087399 203 203
91.9488709677419 1026 4256087399 3921159340 203 203
70.1550967741935 1025 3921159340 3524321134 203 196
52.898 1023 3524321134 3091447293 203 209
38.8994516129032 1021 3091447293 2608844151 203 203
44.6923333333333 1019 2608844151 2188376097 203 203
68.3542258064516 1016 2188376097 1838414365 203 203
118.701903225806 1014 1838414365 1624466710 204 196
163.442892857143 1013 1624466710 1538496995 204 224
127.196838709677 1013 1538496995 1329949778 204 204
175.352066666667 1011 1329949778 1243797327 203 190
101.320064516129 1010 1243797327 957193966 203 204
58.3389666666667 1008 957193966 687427259 159 203
41.7728709677419 1005 687427259 681472137 40 203
32.6314516129032 1005 681472137 649395958 40 153
21.9208 1005 649395958 587989780 40 41
10.8536774193548 1005 587989780 494482718 40 40
17.3578 1004 494482718 431946288 40 40
37.3014516129032 1003 431946288 429226938 40 40
201.538193548387 1003 429226938 689996465 107 38
659.617321428572 1005 689996465 1802508534 204 44
1080.25241935484 1014 1802508534 3847582194 315 107
895.072966666667 1025 3847582194 5604053066 203 190
543.825258064516 1029 5604053066 5891724970 418 315
224.001266666667 1030 5891724970 5886120433 212 203
134.021806451613 1030 5886120433 5655214510 203 418
96.0624516129032 1029 5655214510 5317383995 203 205
65.9179666666667 1028 5317383995 4901640190 203 209
43.6194838709677 1028 4901640190 4410002861 203 203
40.2008 1026 4410002861 3972142031 203 203
70.7292258064516 1025 3972142031 3635712462 203 203
406.292612903226 1024 3635712462 4204845421 204 196
701.2355 1026 4204845421 5435347230 204 224
673.144322580645 1028 5435347230 5894279794 498 204
359.758866666667 1030 5894279794 5888479274 345 190
152.153709677419 1030 5888479274 5704531684 203 498
92.4419333333333 1029 5704531684 5384664035 203 345
72.9201935483871 1028 5384664035 4993355961 203 203
58.5487096774193 1028 4993355961 4558049268 203 196
40.2354333333333 1027 4558049268 4081035195 203 209
26.094 1025 4081035195 3550585165 203 203
21.0259 1023 3550585165 3066000206 203 203
37.604064516129 1021 3066000206 2636607513 203 203
87.1814838709678 1019 2636607513 2342440866 204 196
229.777357142857 1017 2342440866 2418575576 205 224
322.139225806452 1018 2418575576 2433598663 315 204
279.0302 1018 2433598663 2607616849 203 191
121.557580645161 1019 2607616849 2364537710 203 315
60.7111 1017 2364537710 1978781014 203 203
41.6522903225807 1015 1978781014 1527151072 203 203
34.2437741935484 1013 1527151072 1056668504 203 196
21.3034 1009 1056668504 671683197 163 209
9.73222580645161 1005 671683197 574312590 40 203
7.27173333333333 1004 574312590 485448488 40 163
42.6832903225806 1004 485448488 497345739 40 40
163.609451612903 1004 497345739 687798008 95 38
305.377071428571 1005 687798008 941250054 203 44
515.583290322581 1008 941250054 1475966588 315 95
448.1112 1012 1475966588 2093251756 203 189
271.508322580645 1016 2093251756 2254141087 203 315
125.965266666667 1017 2254141087 2037684222 203 203
80.5058064516129 1016 2037684222 1689335294 203 203
56.4302903225807 1014 1689335294 1276443247 203 196
35.7994333333333 1011 1276443247 823434710 203 209
17.4331290322581 1007 823434710 630149706 83 203
11.4152333333333 1005 630149706 551856439 40 203
42.3448387096774 1004 551856439 563066567 40 83
282.83335483871 1004 563066567 868691991 171 38
526.084607142857 1007 868691991 1658277621 204 44
441.858967741935 1013 1658277621 1994722925 315 171
449.691966666667 1015 1994722925 2612538524 203 190
165.603064516129 1019 2612538524 2487052993 203 315
75.6662 1018 2487052993 2139213069 203 203
51.8997096774194 1016 2139213069 1713789349 203 203
37.5056129032258 1014 1713789349 1250221386 203 196
24.2406666666667 1011 1250221386 767740827 203 209
13.5417096774194 1006 767740827 613247012 64 203
8.4959 1005 613247012 527443976 40 203
67.8139677419355 1004 527443976 606902503 40 64
315.535870967742 1005 606902503 965286594 185 38
519.093035714286 1008 965286594 1738437603 204 44
637.365612903226 1014 1738437603 2598102874 315 185
611.278466666667 1018 2598102874 3629357755 203 190
372.049967741935 1024 3629357755 4046242207 203 315
150.201533333333 1025 4046242207 3881860716 203 203
104.528032258065 1025 3881860716 3582880105 203 203
77.6274193548387 1024 3582880105 3209844130 203 196
50.0950666666667 1021 3209844130 2773591575 203 209
29.337064516129 1019 2773591575 2268677528 203 203
19.3250666666667 1017 2268677528 1783647069 203 203
87.2251290322581 1014 1783647069 1482863006 203 203
407.438 1012 1482863006 2045078314 203 196
586.189178571429 1016 2045078314 2986326620 204 224
795.484806451613 1020 2986326620 4267621714 315 203
813.061033333333 1026 4267621714 5810057851 203 190
480.128290322581 1030 5810057851 5890594912 432 315
215.483233333333 1030 5890594912 5883142836 204 203
136.859709677419 1030 5883142836 5659881075 203 432
104.647935483871 1029 5659881075 5344953598 203 197
75.7020333333333 1028 5344953598 4954392870 203 209
48.0892258064516 1028 4954392870 4474258532 203 203
36.4143333333333 1027 4474258532 4026430676 203 203
69.0377096774194 1025 4026430676 3685635992 203 203
126.959258064516 1024 3685635992 3505028091 204 196
263.442714285714 1023 3505028091 3669249579 205 224
781.20964516129 1024 3669249579 4911499825 315 204
445.711633333333 1028 4911499825 5501224936 203 191
237.183193548387 1029 5501224936 5548544172 203 315
119.766933333333 1029 5548544172 5300016338 203 203
82.0065806451613 1028 5300016338 4933270882 203 203
62.4445161290323 1028 4933270882 4508687797 203 196
43.3131 1027 4508687797 4040044090 203 209
21.053935483871 1025 4040044090 3496605784 203 203
18.0287666666667 1023 3496605784 3004505429 203 203
118.982064516129 1020 3004505429 2793223135 203 203
505.424516129032 1019 2793223135 3623195016 204 196
1142.19889285714 1024 3623195016 5901621808 211 224
1384.0545483871 1030 5901621808 5906894260 1379 204
1029.1991 1030 5906894260 5900352828 1015 196
628.869709677419 1030 5900352828 5893233770 613 1379
285.549833333333 1030 5893233770 5887210790 274 1015
175.252548387097 1030 5887210790 5765670546 203 613
131.746967741936 1030 5765670546 5522224887 203 265
92.7500666666667 1029 5522224887 5174926644 203 209
57.665 1028 5174926644 4718931161 203 203
69.6110666666667 1027 4718931161 4356416547 203 203
104.426483870968 1026 4356416547 4111592909 203 203
223.112225806452 1025 4111592909 4193879913 203 196
463.748178571429 1026 4193879913 4849006442 204 224
440.777451612903 1028 4849006442 5178829631 315 203
328.4019 1028 5178829631 5464164507 203 190
189.986838709677 1029 5464164507 5385659850 203 315
115.086433333333 1028 5385659850 5125455804 203 203
88.146 1028 5125455804 4775671880 203 203
67.9768064516129 1028 4775671880 4366833872 203 196
48.0371333333333 1026 4366833872 3911618972 203 209
31.1604516129032 1025 3911618972 3396656047 203 203
37.0707333333333 1022 3396656047 2954229772 203 203
54.1066451612903 1020 2954229772 2568738419 203 203
213.558516129032 1018 2568738419 2613512930 204 196
303.007357142857 1019 2613512930 2870672314 204 224
518.175774193549 1020 2870672314 3409966988 315 204
636.139866666666 1022 3409966988 4499164212 203 190
413.18735483871 1027 4499164212 5020743712 203 315
183.440366666667 1028 5020743712 4938358768 203 203
115.014935483871 1028 4938358768 4661049840 203 203
85.7002580645161 1027 4661049840 4300324777 203 196
59.9293 1026 4300324777 3876382595 203 209
36.361064516129 1025 3876382595 3375727076 203 203
32.9351666666667 1022 3375727076 2922674906 203 203
61.8636129032258 1020 2922674906 2557890619 203 203
224.013225806452 1018 2557890619 2633365120 203 196
331.442714285714 1019 2633365120 2959552911 204 224
585.414741935484 1020 2959552911 3678631701 315 203
530.715533333333 1024 3678631701 4493738222 203 190
342.166096774194 1027 4493738222 4825518717 203 315
164.600666666667 1028 4825518717 4694836364 203 203
106.053258064516 1027 4694836364 4394882399 203 203
79.5767096774194 1026 4394882399 4019709763 203 196
53.0012666666667 1025 4019709763 3580390207 203 209
36.3235483870968 1024 3580390207 3084491269 203 203
27.9102 1021 3084491269 2619317946 203 203
66.388064516129 1019 2619317946 2265737883 203 203
216.662483870968 1017 2265737883 2320019552 203 196
338.498142857143 1017 2320019552 2662033750 204 224
316.20564516129 1019 2662033750 2660932778 315 203
245.134933333333 1019 2660932778 2746104468 203 190
123.089064516129 1019 2746104468 2506297940 203 315
69.729 1018 2506297940 2143006682 203 203
52.2432580645161 1016 2143006682 1718472521 203 203
40.308935483871 1014 1718472521 1262333390 203 196
26.5055666666667 1011 1262333390 785544694 203 209
20.3899032258065 1006 785544694 631647279 71 203
16.3810333333333 1005 631647279 566203476 40 203
66.2608064516129 1004 566203476 641624051 40 71
