322.045903225806 1024 3644646452 4006433546 197 56
643.509857142857 1025 4006433546 5079502361 211 59
785.285774193548 1028 5079502361 5896267456 477 197
810.8132 1030 5896267456 5896478423 794 196
709.144935483871 1030 5896478423 5894653484 692 477
400.573266666667 1030 5894653484 5889244325 389 794
209.112838709677 1030 5889244325 5874203890 197 692
155.613161290323 1030 5874203890 5712025315 196 376
113.363733333333 1029 5712025315 5434678907 196 203
89.1516451612903 1028 5434678907 5080230390 196 196
132.6879 1028 5080230390 4898508881 196 196
183.475935483871 1028 4898508881 4885952161 196 196
219.466193548387 1028 4885952161 4977699495 197 189
529.413142857143 1028 4977699495 5779594774 210 217
573.648451612903 1030 5779594774 5892510924 528 197
434.0214 1030 5892510924 5889796427 418 196
242.016225806452 1030 5889796427 5886369514 225 528
141.2042 1030 5886369514 5709389175 196 418
112.736064516129 1029 5709389175 5441782184 196 225
95.8503870967742 1029 5441782184 5123149219 196 189
70.4100666666667 1028 5123149219 4737983538 196 202
51.7662903225806 1027 4737983538 4288180439 196 196
33.0551333333333 1026 4288180439 3850258110 196 196
89.5234193548387 1025 3850258110 3582637647 196 196
197.699193548387 1024 3582637647 3610286438 197 189
483.033035714286 1024 3610286438 4287946773 213 217
883.652032258065 1026 4287946773 5803956623 315 197
711.757666666667 1030 5803956623 5894725661 660 198
355.195741935484 1030 5894725661 5888377269 339 315
161.613233333333 1030 5888377269 5762703327 196 660
116.846161290323 1030 5762703327 5505680657 196 339
91.6212580645161 1029 5505680657 5175482347 196 189
67.8172333333333 1028 5175482347 4783379937 196 202
48.4465161290323 1028 4783379937 4324297930 196 196
51.3012333333333 1026 4324297930 3933513827 196 196
84.7457096774193 1025 3933513827 3653341191 196 196
209.807322580645 1024 3653341191 3713835007 197 189
689.364428571429 1024 3713835007 4889668722 214 217
568.289064516129 1028 4889668722 5560903310 315 197
576.527233333333 1029 5560903310 5892319422 432 199
381.711483870968 1030 5892319422 5888854572 365 315
185.7957 1030 5888854572 5824990998 196 432
126.033225806452 1030 5824990998 5592001831 196 365
97.3777741935484 1029 5592001831 5276761181 196 189
66.5694 1028 5276761181 4880985272 196 202
46.5674838709677 1028 4880985272 4416039651 196 196
36.6345333333333 1026 4416039651 3987051973 196 196
71.4001612903226 1025 3987051973 3671248211 196 196
217.974064516129 1024 3671248211 3753753330 197 189
492.893857142857 1024 3753753330 4455918588 213 217
366.69335483871 1027 4455918588 4587682537 315 197
391.213866666667 1027 4587682537 5050300519 198 198
225.662064516129 1028 5050300519 5087221323 196 315
133.237333333333 1028 5087221323 4892829321 196 198
85.2490967741936 1028 4892829321 4554903388 196 196
63.7061290322581 1027 4554903388 4154915107 196 189
44.3738666666667 1026 4154915107 3710186017 196 202
29.2655161290322 1024 3710186017 3211936146 196 196
19.9402333333333 1021 3211936146 2743886177 196 196
45.8698387096774 1019 2743886177 2354436173 196 196
275.221193548387 1017 2354436173 2582568492 197 189
551.286071428571 1018 2582568492 3427128044 210 217
549.275483870968 1023 3427128044 4048750898 315 197
453.0279 1025 4048750898 4671298525 199 196
251.113419354839 1027 4671298525 4777540590 196 315
131.736766666667 1028 4777540590 4580142924 196 199
91.9488709677419 1027 4580142924 4261917646 196 196
70.1550967741935 1026 4261917646 3881243724 196 189
52.898 1025 3881243724 3461068058 196 202
38.8994516129032 1023 3461068058 2992617191 196 196
44.6923333333333 1020 2992617191 2589260002 196 196
68.3542258064516 1018 2589260002 2259637018 196 196
118.701903225806 1017 2259637018 2066813805 197 189
163.442892857143 1016 2066813805 1963553811 212 217
127.196838709677 1015 1963553811 1738411429 210 197
175.352066666667 1014 1738411429 1662158083 198 197
101.320064516129 1013 1662158083 1390793718 196 210
58.3389666666667 1012 1390793718 1022619942 196 198
41.7728709677419 1009 1022619942 685582647 163 196
32.6314516129032 1005 685582647 653474739 40 189
21.9208 1005 653474739 592030360 40 168
10.8536774193548 1005 592030360 498481029 40 40
17.3578 1004 498481029 435933548 40 40
37.3014516129032 1003 435933548 433227463 40 40
201.538193548387 1003 433227463 696953712 105 38
659.617321428572 1005 696953712 1792524807 211 44
1080.25241935484 1014 1792524807 3837611585 315 105
895.072966666667 1025 3837611585 5607061418 198 196
543.825258064516 1029 5607061418 5891729156 420 315
224.001266666667 1030 5891729156 5886124619 212 198
134.021806451613 1030 5886124619 5673832587 196 420
96.0624516129032 1029 5673832587 5354576655 196 205
65.9179666666667 1028 5354576655 4956773097 196 202
43.6194838709677 1028 4956773097 4483368267 196 196
40.2008 1027 4483368267 4063439707 196 196
70.7292258064516 1025 4063439707 3746078942 196 196
406.292612903226 1024 3746078942 4334526295 197 189
701.2355 1026 4334526295 5546033257 212 217
673.144322580645 1029 5546033257 5894277828 540 197
359.758866666667 1030 5894277828 5888477307 345 197
152.153709677419 1030 5888477307 5723050834 196 540
92.4419333333333 1029 5723050834 5421195109 196 345
72.9201935483871 1028 5421195109 5048493042 196 196
58.5487096774193 1028 5048493042 4631614264 196 189
40.2354333333333 1027 4631614264 4172031082 196 202
26.094 1026 4172031082 3659327045 196 196
21.0259 1024 3659327045 3192349459 196 196
37.604064516129 1021 3192349459 2782176926 196 196
87.1814838709678 1019 2782176926 2507452051 197 189
229.777357142857 1018 2507452051 2569714013 211 217
322.139225806452 1018 2569714013 2584588515 315 197
279.0302 1018 2584588515 2768132159 199 196
121.557580645161 1019 2768132159 2542799875 196 315
60.7111 1018 2542799875 2174092846 196 199
41.6522903225807 1016 2174092846 1739747730 196 196
34.2437741935484 1014 1739747730 1285902773 196 189
21.3034 1011 1285902773 813468559 196 202
9.73222580645161 1007 813468559 613289057 78 196
7.27173333333333 1005 613289057 524317235 40 196
42.6832903225806 1004 524317235 536343767 40 78
163.609451612903 1004 536343767 688043316 109 38
305.377071428571 1005 688043316 929068205 209 44
515.583290322581 1008 929068205 1463801370 315 109
448.1112 1012 1463801370 2091502510 199 195
271.508322580645 1016 2091502510 2271078233 196 315
125.965266666667 1017 2271078233 2070021335 197 199
80.5058064516129 1016 2070021335 1740131866 196 196
56.4302903225807 1014 1740131866 1342761225 197 190
35.7994333333333 1011 1342761225 904444758 197 202
17.4331290322581 1008 904444758 643397289 108 197
11.4152333333333 1005 643397289 565067409 40 197
42.3448387096774 1004 565067409 576321482 40 108
282.83335483871 1004 576321482 855126064 181 38
526.084607142857 1007 855126064 1632508269 209 44
441.858967741935 1013 1632508269 1968983254 315 181
449.691966666667 1015 1968983254 2597307296 199 195
165.603064516129 1018 2597307296 2490605124 196 315
75.6662 1018 2490605124 2160834876 196 199
51.8997096774194 1016 2160834876 1753937758 196 196
37.5056129032258 1014 1753937758 1308657144 196 189
24.2406666666667 1011 1308657144 843525082 196 202
13.5417096774194 1007 843525082 626395850 88 196
8.4959 1005 626395850 540556474 40 196
67.8139677419355 1004 540556474 620058621 40 88
315.535870967742 1005 620058621 984908104 182 38
519.093035714286 1008 984908104 1741185654 211 44
637.365612903226 1014 1741185654 2600847629 315 182
611.278466666667 1019 2600847629 3644982367 198 196
372.049967741935 1024 3644982367 4080457522 196 315
150.201533333333 1025 4080457522 3926256909 199 198
104.528032258065 1025 3926256909 3645684873 196 196
77.6274193548387 1024 3645684873 3290377659 196 192
50.0950666666667 1021 3290377659 2871351446 196 202
29.337064516129 1020 2871351446 2384131592 196 196
19.3250666666667 1017 2384131592 1916844247 196 196
87.2251290322581 1015 1916844247 1635332210 196 196
407.438 1013 1635332210 2214507525 197 189
586.189178571429 1017 2214507525 3132292688 214 217
795.484806451613 1021 3132292688 4413390966 315 197
813.061033333333 1026 4413390966 5896514367 225 199
480.128290322581 1030 5896514367 5890592129 464 315
215.483233333333 1030 5890592129 5885963842 203 225
136.859709677419 1030 5885963842 5681306925 196 464
104.647935483871 1029 5681306925 5384924248 196 196
75.7020333333333 1028 5384924248 5012291532 196 202
48.0892258064516 1028 5012291532 4550406754 196 196
36.4143333333333 1027 4550406754 4120505209 196 196
69.0377096774194 1026 4120505209 3798788153 196 196
126.959258064516 1024 3798788153 3637548221 197 189
263.442714285714 1024 3637548221 3787820672 211 217
781.20964516129 1024 3787820672 5029959305 315 197
445.711633333333 1028 5029959305 5632202766 198 196
237.183193548387 1029 5632202766 5697288193 196 315
119.766933333333 1029 5697288193 5466220078 196 198
82.0065806451613 1029 5466220078 5117673393 196 196
62.4445161290323 1028 5117673393 4710909838 196 189
43.3131 1027 4710909838 4258585677 196 202
21.053935483871 1026 4258585677 3731589874 196 196
18.0287666666667 1024 3731589874 3256535852 196 196
118.982064516129 1021 3256535852 3064956840 196 196
505.424516129032 1021 3064956840 3912942262 198 189
1142.19889285714 1025 3912942262 5902886083 331 217
1384.0545483871 1030 5902886083 5906891323 1379 198
1029.1991 1030 5906891323 5900349891 1015 308
628.869709677419 1030 5900349891 5893230833 613 1379
285.549833333333 1030 5893230833 5887207845 274 1015
175.252548387097 1030 5887207845 5784224433 196 613
131.746967741936 1030 5784224433 5559283033 196 265
92.7500666666667 1029 5559283033 5229868507 196 202
57.665 1028 5229868507 4792301632 196 196
69.6110666666667 1028 4792301632 4447725244 196 196
104.426483870968 1027 4447725244 4221958615 196 196
223.112225806452 1026 4221958615 4320860167 197 189
463.748178571429 1026 4320860167 4959481757 211 217
440.777451612903 1028 4959481757 5289247568 315 197
328.4019 1028 5289247568 5587099073 198 196
189.986838709677 1029 5587099073 5526548656 196 315
115.086433333333 1029 5526548656 5284098391 196 198
88.146 1028 5284098391 4952540452 196 196
67.9768064516129 1028 4952540452 4561313809 196 189
48.0371333333333 1027 4561313809 4122471884 196 202
31.1604516129032 1026 4122471884 3623764695 196 196
37.0707333333333 1024 3623764695 3198443278 196 196
54.1066451612903 1021 3198443278 2832573188 196 196
213.558516129032 1020 2832573188 2897361573 197 189
303.007357142857 1020 2897361573 3138856110 211 217
518.175774193549 1021 3138856110 3677697999 315 197
636.139866666666 1024 3677697999 4775640948 199 196
413.18735483871 1028 4775640948 5314904400 196 315
183.440366666667 1028 5314904400 5249955477 196 199
115.014935483871 1028 5249955477 4990357812 196 196
85.7002580645161 1028 4990357812 4646276774 196 189
59.9293 1027 4646276774 4237393775 196 202
36.361064516129 1026 4237393775 3751402212 196 196
32.9351666666667 1024 3751402212 3314795286 196 196
61.8636129032258 1022 3314795286 2970167508 196 196
224.013225806452 1020 2970167508 3063789259 197 189
331.442714285714 1021 3063789259 3375105506 211 217
585.414741935484 1022 3375105506 4093539972 315 197
530.715533333333 1025 4093539972 4919275271 198 196
342.166096774194 1028 4919275271 5268163736 196 315
164.600666666667 1028 5268163736 5154548322 196 198
106.053258064516 1028 5154548322 4871281885 196 196
79.5767096774194 1028 4871281885 4511477776 196 189
53.0012666666667 1027 4511477776 4085877698 196 202
36.3235483870968 1025 4085877698 3601296290 196 196
27.9102 1024 3601296290 3152390504 196 196
66.388064516129 1021 3152390504 2819306582 196 196
216.662483870968 1020 2819306582 2892358572 197 189
338.498142857143 1020 2892358572 3215046387 213 217
316.20564516129 1021 3215046387 3213308811 315 197
245.134933333333 1021 3213308811 3305265940 199 198
123.089064516129 1022 3305265940 3080333045 196 315
69.729 1021 3080333045 2732361421 196 199
52.2432580645161 1019 2732361421 2322145191 196 196
40.308935483871 1017 2322145191 1879437551 196 189
26.5055666666667 1015 1879437551 1413633738 196 202
20.3899032258065 1012 1413633738 919822076 196 196
16.3810333333333 1008 919822076 654011865 117 196
66.2608064516129 1005 654011865 687572892 55 196
