466.56451609000004 477 123874000000 122263239646 1132
660.65 476 122263239646 121717281141 962
952.15483866 476 121717281141 121704590213 918
1659.9866663 476 121704590213 122930363383 1020
2699.1419352 477 122930363383 125972732971 1362
1575.67 477 125972732971 125561093694 1545
719.32258067 477 125561093694 123362518775 1350
439.62580648 477 123362518775 121255170291 1008
329.39333337 476 121255170291 119567563868 702
296.58064514 476 119567563868 118317861355 464
423.20333337 476 118317861355 118014205976 341
647.4677419 475 118014205976 118816957495 385
824.24193553 476 118816957495 119775430953 529
989.3142857299999 476 119775430953 120702655011 681
1362.1709675999998 476 120702655011 121945590511 859
2147.7633336999997 476 121945590511 124129708847 1137
1841.0354837999998 477 124129708847 124868530305 1364
1190.78 477 124868530305 123974748950 1348
602.82903229 477 123974748950 122073723101 1123
435.22580648 476 122073723101 120415740769 837
330.41999999999996 476 120415740769 119022363134 590
270.25161285 476 119022363134 117910262948 387
258.38666663000004 475 117910262948 117398000202 257
386.09354837999996 475 117398000202 117848110543 255
505.59677418999996 475 117848110543 118453582943 342
773.675 476 118453582943 119378012306 466
1221.7258067 476 119378012306 120784830392 658
1835.29 476 120784830392 122701926320 929
2337.2064514000003 476 122701926320 125026320111 1269
1562.3966663 477 125026320111 124873478529 1433
744.0903225699999 477 124873478529 122968674075 1265
447.57419352 477 122968674075 121018582607 957
336.36 476 121018582607 119428178808 671
266.34838715 476 119428178808 118162312396 440
286.91333337000003 475 118162312396 117623212451 296
433.71290324 475 117623212451 118097657879 294
635.39677419 475 118097657879 118898165340 399
1031.23214281 476 118898165340 120196149744 569
2826.0580648 476 120196149744 124821728775 1060
3411.81 477 124821728775 128841375320 1690
3811.2419351999997 478 128841375320 134329899640 1555
2567.3199999999997 479 134329899640 136460108657 1548
1281.1032257000002 479 136460108657 135208264091 1548
606.22258067 479 135208264091 132068625181 1548
405.55 479 132068625181 128350331008 1548
312.3 478 128350331008 124305927329 1512
287.24333336999996 477 124305927329 121637364352 1113
291.20967743 476 121637364352 120377541982 799
511.45161285000006 476 120377541982 120099871849 678
812.6857142700001 476 120099871849 120565577130 695
939.59354838 476 120565577130 120934380029 763
1083.84333337 476 120934380029 121202500844 814
1108.3645162 476 121202500844 121367131868 849
1088.40666663 476 121367131868 121454522463 869
577.67096771 476 121454522463 120393459640 787
387.67741933 476 120393459640 119231260021 606
280.07666663000003 476 119231260021 118143474749 423
238.67096770999999 475 118143474749 117276507877 265
227.76999999999998 475 117276507877 116919396046 167
312.14516134 475 116919396046 117377428904 178
525.89354838 475 117377428904 118194024042 283
871.45714281 475 118194024042 119399827759 447
1979.5193553 476 119399827759 122453535265 801
2226.3033337 476 122453535265 124632443808 1218
1878.1870972000002 477 124632443808 125277694018 1436
1151.0333337 477 125277694018 124160531446 1394
505.3548386599999 477 124160531446 121981395632 1130
352.8677419 476 121981395632 120176769666 809
267.83000000000004 476 120176769666 118733860160 547
209.46774190000002 476 118733860160 117592326697 338
264.43666663 475 117592326697 117203564466 216
444.07419352 475 117203564466 117849269989 240
618.75483866 475 117849269989 118701518921 363
766.28928573 476 118701518921 119529989592 498
944.56129028 476 119529989592 120277668130 627
1028.55 476 120277668130 120656166910 717
978.8838709500001 476 120656166910 120733248422 753
672.42333337 476 120733248422 120156341958 711
416.71612905 476 120156341958 119206940547 585
309.08064514 476 119206940547 118296686079 434
232.99666663 476 118296686079 117434392393 290
172.38709676 475 117434392393 116676429964 159
204.45 475 116676429964 116477907171 83
282.94193553 475 116477907171 117028672520 114
440.87419352 475 117028672520 117782761114 221
697.30357146 475 117782761114 118772045980 363
1152.1419352 476 118772045980 120241885118 565
2360.3566663 476 120241885118 123464543536 950
3241.9032257 477 123464543536 127690501522 1462
1782.5066662999998 478 127690501522 127801607265 1549
751.89677419 478 127801607265 125172900977 1541
392.64516134 477 125172900977 122326178386 1235
267.90333337 476 122326178386 120134978704 833
205.84838715 476 120134978704 118484726175 522
202.87333337 476 118484726175 117655016078 324
337.94193553 475 117655016078 117908760658 280
511.38064513999996 475 117908760658 118505322322 351
869.33571427 476 118505322322 119605407348 489
1424.8 476 119605407348 121374997655 725
1924.4266662999999 476 121374997655 123277691691 1023
1216.6612905 477 123277691691 122942900635 1142
515.56333337 477 122942900635 121265821944 977
339.29032257 476 121265821944 119751924035 718
271.14838714999996 476 119751924035 118564518080 499
204.21333337 476 118564518080 117547689992 321
153.72258067 475 117547689992 116708509737 171
159.42333337000002 475 116708509737 116403362852 80
225.35161284999998 475 116403362852 116854589133 94
349.11290324 475 116854589133 117469825107 181
486.26071427 475 117469825107 118136541799 285
728.53548391 475 118136541799 118907346120 402
1309.1966663 476 118907346120 120358259542 585
1172.8387095 476 120358259542 120964567437 749
483.84666663 476 120964567437 119906863626 708
297.6322581 476 119906863626 118786777803 530
227.85806447 476 118786777803 117849318257 364
164.28333337 475 117849318257 116996672782 219
117.03225809999999 475 116996672782 116274582357 91
128.14666663 475 116274582357 116053835285 16
234.11612905 475 116053835285 116648141285 49
372.49677419 475 116648141285 117387660640 158
511.6 475 117387660640 118132227326 278
659.51935486 475 118132227326 118753905365 389
856.1066666300001 476 118753905365 119294706081 483
950.85161285 476 119294706081 119796170069 568
518.09333337 476 119796170069 119217088746 558
313.63548391 476 119217088746 118377830013 442
236.72903229000002 476 118377830013 117605582516 311
170.18666663000002 475 117605582516 116850088392 187
119.80000000000001 475 116850088392 116186524869 72
126.45999999999998 475 116186524869 115987631906 6
217.72258067 475 115987631906 116568315195 38
402.33870972 475 116568315195 117401300771 153
732.26785719 475 117401300771 118585411696 317
954.14193553 476 118585411696 119689459919 503
1351.0700000000002 476 119689459919 120957692012 696
1593.1806447000001 476 120957692012 122267146326 906
1184.9866663 476 122267146326 122246999078 1007
498.36451609000005 476 122246999078 120730429864 877
304.75161285 476 120730429864 119267131324 635
216.82666662999998 476 119267131324 118032659111 417
174.30322581000001 475 118032659111 117065248647 238
171.52333337000002 475 117065248647 116662078833 129
261.50967743 475 116662078833 117100469744 135
569.4677419 475 117100469744 118110256632 254
938.83214281 475 118110256632 119478967716 447
2323.1806447 476 119478967716 123255214601 874
3496.29 477 123255214601 127863423073 1549
3116.6806447 478 127863423073 131485754170 1559
1863.0633337 478 131485754170 131734446758 1573
792.02903229 478 131734446758 129180339136 1550
469.89354837999997 478 129180339136 125693104593 1548
321.58333337 477 125693104593 122456868360 1286
224.19354838 476 122456868360 120016369481 833
195.61333337 476 120016369481 118639171750 527
322.29354837999995 476 118639171750 118509879647 408
590.3677418999999 476 118509879647 119066133089 445
935.29642854 476 119066133089 120116083729 576
2038.2096771 476 120116083729 123043769943 906
2897.7066663 477 123043769943 126458017123 1411
3324.7580648000003 477 126458017123 130648608840 1556
2012.1133336999999 478 130648608840 131339524985 1552
806.15161285 478 131339524985 128826836976 1549
451.01612905 478 128826836976 125296511445 1545
298.19 477 125296511445 122145283502 1230
213.8322581 476 122145283502 119793481894 790
212.99333337000002 476 119793481894 118530806771 500
301.85483866 476 118530806771 118395355784 390
504.17741933 476 118395355784 118803792940 414
693.76785719 476 118803792940 119452941125 500
1066.16451609 476 119452941125 120493363515 639
2910.7966663 476 120493363515 124803872047 1080
2674.9419352 477 124803872047 127328893752 1530
1665.1733337 478 127328893752 127137058211 1549
696.25806447 477 127137058211 124461591938 1503
393.78064514 477 124461591938 121866352851 1143
275.01666663 476 121866352851 119850571882 773
179.44838715 476 119850571882 118244314414 480
155.60999999999999 475 118244314414 117397571542 283
302.74193553 475 117397571542 117665681841 240
621.62903229 475 117665681841 118589437071 339
1007.62142854 476 118589437071 119940196826 524
2537.077419 476 119940196826 124022045137 974
3355.38 477 124022045137 128077900705 1620
3613.3838715 478 128077900705 133044447903 1553
2317.73 479 133044447903 134531425274 1548
1101.9806447 479 134531425274 132805062808 1548
545.9 479 132805062808 129510855801 1548
374.34666663 478 129510855801 125720851937 1548
253.96451609000002 477 125720851937 122190510818 1265
265.39 476 122190510818 120206127098 829
464.54838715 476 120206127098 119832298514 642
613.82258067 476 119832298514 119971264434 624
783.49642854 476 119971264434 120420225482 673
1165.5548391 476 120420225482 121334208354 785
1869.6466663 476 121334208354 123134342026 1008
2124.4806447 477 123134342026 124841418941 1287
1796.99 477 124841418941 125252585267 1450
887.0903225699999 477 125252585267 123529863322 1340
462.69032257000003 477 123529863322 121413653030 1034
314.21333337000004 476 121413653030 119638758218 720
239.66451609 476 119638758218 118239576852 463
218.75 475 118239576852 117528926857 294
309.16451609 475 117528926857 117764533493 258
547.04193553 475 117764533493 118490152559 338
909.83928573 476 118490152559 119676501046 494
1421.4290324 476 119676501046 121413187580 734
2428.3 476 121413187580 124378480346 1117
3763.0193553 477 124378480346 129820171636 1528
2436.1266663 478 129820171636 131618589632 1549
1198.3548391 478 131618589632 130157133302 1548
561.33548391 478 130157133302 126911704731 1548
359.71666662999996 477 126911704731 123405719609 1427
244.13548391 477 123405719609 120670166529 962
225.42333337000002 476 120670166529 119129031761 619
325.73548390999997 476 119129031761 118833693625 473
609.35161285 476 118833693625 119316800021 491
985.7 476 119316800021 120386116791 618
2291.8129028000003 476 120386116791 123773850654 988
4449.55 477 123773850654 130363088627 1736
3880.1516134000003 478 130363088627 136029378246 1556
2453.6166663 479 136029378246 137861469170 1548
1184.2322580999999 480 137861469170 136347360505 1548
563.03870972 479 136347360505 133089007648 1548
366.46333337000004 479 133089007648 129265979495 1548
256.80322581 478 129265979495 124993241287 1540
233.89333337 477 124993241287 121975808223 1193
366.29354837999995 476 121975808223 120760033686 858
548.31935486 476 120760033686 120426936041 735
849.14285719 476 120426936041 120859393097 745
1250.4677419000002 476 120859393097 121802796635 859
1510.1299999999999 476 121802796635 122675750517 1006
1515.1870972000002 476 122675750517 123205470511 1118
1240.4633337 477 123205470511 122981506512 1140
605.77419352 477 122981506512 121437569929 994
396.15806447 476 121437569929 119921401387 745
290.93 476 119921401387 118616380308 517
186.04838715 476 118616380308 117465765524 318
177.53666663 475 117465765524 116936190023 184
337.30322581 475 116936190023 117443225396 185
