466.56451609000004 477 123874000000 122263239646 1132
660.65 476 122263239646 121717281141 962
952.15483866 476 121717281141 121704590213 918
1659.9866663 476 121704590213 122930363383 1020
2699.1419352 477 122930363383 125969709051 1364
1575.67 477 125969709051 125525916528 1558
719.32258067 477 125525916528 123339940280 1345
439.62580648 477 123339940280 121240767273 1005
329.39333337 476 121240767273 119558216027 700
296.58064514 476 119558216027 118311742351 463
423.20333337 476 118311742351 118010519270 340
647.4677419 475 118010519270 118814478810 385
824.24193553 476 118814478810 119773641545 528
989.3142857299999 476 119773641545 120701382461 681
1362.1709675999998 476 120701382461 121944836850 859
2147.7633336999997 476 121944836850 124129302091 1137
1841.0354837999998 477 124129302091 124868297069 1364
1190.78 477 124868297069 123974602492 1347
602.82903229 477 123974602492 122073577014 1123
435.22580648 476 122073577014 120415595117 837
330.41999999999996 476 120415595117 119022218024 590
270.25161285 476 119022218024 117910118442 387
258.38666663000004 475 117910118442 117397942298 257
386.09354837999996 475 117397942298 117848052609 255
505.59677418999996 475 117848052609 118453524957 342
773.675 476 118453524957 119377954265 466
1221.7258067 476 119377954265 120784772381 658
1835.29 476 120784772381 122701954787 929
2337.2064514000003 476 122701954787 125026348505 1269
1562.3966663 477 125026348505 124873506860 1433
744.0903225699999 477 124873506860 122968616083 1265
447.57419352 477 122968616083 121018524785 957
336.36 476 121018524785 119428121202 671
266.34838715 476 119428121202 118162255034 440
286.91333337000003 475 118162255034 117623241568 296
433.71290324 475 117623241568 118097687017 294
635.39677419 475 118097687017 118898194504 399
1031.23214281 476 118898194504 120196092484 569
2826.0580648 476 120196092484 124821671545 1060
3411.81 477 124821671545 129064631583 1604
3811.2419351999997 478 129064631583 134319851564 1642
2567.3199999999997 479 134319851564 136152338047 1663
1281.1032257000002 479 136152338047 134625689240 1651
606.22258067 479 134625689240 131121251529 1685
405.55 478 131121251529 127126838647 1656
312.3 477 127126838647 123249611879 1451
287.24333336999996 477 123249611879 120944326434 973
291.20967743 476 120944326434 119929926564 708
511.45161285000006 476 119929926564 119810653976 619
812.6857142700001 476 119810653976 120370826691 656
939.59354838 476 120370826691 120809092775 737
1083.84333337 476 120809092775 121120640577 798
1108.3645162 476 121120640577 121314655499 838
1088.40666663 476 121314655499 121420123365 862
577.67096771 476 121420123365 120371401289 782
387.67741933 476 120371401289 119216945234 603
280.07666663000003 476 119216945234 118134128276 421
238.67096770999999 475 118134128276 117270476259 264
227.76999999999998 475 117270476259 116915537502 167
312.14516134 475 116915537502 117374951104 178
525.89354838 475 117374951104 118192408472 283
871.45714281 475 118192408472 119398902192 447
1979.5193553 476 119398902192 122452782937 800
2226.3033337 476 122452782937 124631951928 1217
1878.1870972000002 477 124631951928 125277462326 1436
1151.0333337 477 125277462326 124160386552 1394
505.3548386599999 477 124160386552 121981251100 1130
352.8677419 476 121981251100 120176625566 809
267.83000000000004 476 120176625566 118733802966 547
209.46774190000002 476 118733802966 117592269740 338
264.43666663 475 117592269740 117203507662 216
444.07419352 475 117203507662 117849213155 240
618.75483866 475 117849213155 118701548478 363
766.28928573 476 118701548478 119530019177 498
944.56129028 476 119530019177 120277611323 627
1028.55 476 120277611323 120656110226 717
978.8838709500001 476 120656110226 120733191890 753
672.42333337 476 120733191890 120156371835 711
416.71612905 476 120156371835 119206970347 585
309.08064514 476 119206970347 118296715790 434
232.99666663 476 118296715790 117434421992 290
172.38709676 475 117434421992 116676459439 159
204.45 475 116676459439 116477936563 83
282.94193553 475 116477936563 117028701927 114
440.87419352 475 117028701927 117782790549 221
697.30357146 475 117782790549 118772075443 363
1152.1419352 476 118772075443 120241914564 565
2360.3566663 476 120241914564 123464486633 950
3241.9032257 477 123464486633 127635869154 1483
1782.5066662999998 478 127635869154 127643538997 1589
751.89677419 478 127643538997 124945986131 1567
392.64516134 477 124945986131 122178511085 1206
267.90333337 476 122178511085 120038997115 814
205.84838715 476 120038997115 118423025078 510
202.87333337 476 118423025078 117614791692 316
337.94193553 475 117614791692 117882774880 275
511.38064513999996 475 117882774880 118488649294 347
869.33571427 476 118488649294 119593991523 487
1424.8 476 119593991523 121367474767 724
1924.4266662999999 476 121367474767 123272860662 1022
1216.6612905 477 123272860662 122939721448 1142
515.56333337 477 122939721448 121263599799 976
339.29032257 476 121263599799 119750829369 717
271.14838714999996 476 119750829369 118563685390 499
204.21333337 476 118563685390 117547291596 321
153.72258067 475 117547291596 116708458180 171
159.42333337000002 475 116708458180 116403311436 80
225.35161284999998 475 116403311436 116854537687 94
349.11290324 475 116854537687 117469773609 181
486.26071427 475 117469773609 118136490253 285
728.53548391 475 118136490253 118907294599 402
1309.1966663 476 118907294599 120358294360 585
1172.8387095 476 120358294360 120964602159 749
483.84666663 476 120964602159 119906898262 708
297.6322581 476 119906898262 118786812350 530
227.85806447 476 118786812350 117849352700 364
164.28333337 475 117849352700 116996707100 219
117.03225809999999 475 116996707100 116274616533 91
128.14666663 475 116274616533 116053869368 16
234.11612905 475 116053869368 116648175386 49
372.49677419 475 116648175386 117387694772 158
511.6 475 117387694772 118132261492 278
659.51935486 475 118132261492 118753939516 389
856.1066666300001 476 118753939516 119294740160 483
950.85161285 476 119294740160 119796204057 568
518.09333337 476 119796204057 119217122650 558
313.63548391 476 119217122650 118377777499 442
236.72903229000002 476 118377777499 117605530158 311
170.18666663000002 475 117605530158 116850036227 187
119.80000000000001 475 116850036227 116186472921 72
126.45999999999998 475 116186472921 115987580130 6
217.72258067 475 115987580130 116568263390 38
402.33870972 475 116568263390 117401248920 153
732.26785719 475 117401248920 118585359799 317
954.14193553 476 118585359799 119689494419 503
1351.0700000000002 476 119689494419 120957640035 696
1593.1806447000001 476 120957640035 122267180863 906
1184.9866663 476 122267180863 122247033528 1007
498.36451609000005 476 122247033528 120730464227 877
304.75161285 476 120730464227 119267079336 635
216.82666662999998 476 119267079336 118032607314 417
174.30322581000001 475 118032607314 117065197065 238
171.52333337000002 475 117065197065 116662113684 129
261.50967743 475 116662113684 117100504614 135
569.4677419 475 117100504614 118110291533 254
938.83214281 475 118110291533 119478916191 447
2323.1806447 476 119478916191 123255163104 874
3496.29 477 123255163104 128074212411 1467
3116.6806447 478 128074212411 131706702221 1555
1863.0633337 478 131706702221 131985949060 1561
792.02903229 479 131985949060 129388424311 1566
469.89354837999997 478 129388424311 125855127768 1565
321.58333337 477 125855127768 122564238410 1307
224.19354838 476 122564238410 120085273328 847
195.61333337 476 120085273328 118684249822 536
322.29354837999995 476 118684249822 118538906762 414
590.3677418999999 476 118538906762 119084985678 449
935.29642854 476 119084985678 120128643821 579
2038.2096771 476 120128643821 123051831848 908
2897.7066663 477 123051831848 126465201088 1412
3324.7580648000003 477 126465201088 130586222555 1582
2012.1133336999999 478 130586222555 131160775468 1597
806.15161285 478 131160775468 128490684333 1608
451.01612905 478 128490684333 124859941853 1583
298.19 477 124859941853 121858101819 1173
213.8322581 476 121858101819 119608965980 752
212.99333337000002 476 119608965980 118410288548 475
301.85483866 476 118410288548 118317467126 374
504.17741933 476 118317467126 118753669575 403
693.76785719 476 118753669575 119419194436 493
1066.16451609 476 119419194436 120471468208 635
2910.7966663 476 120471468208 124789791546 1077
2674.9419352 477 124789791546 127287910272 1540
1665.1733337 478 127287910272 126984842510 1592
696.25806447 477 126984842510 124302902451 1506
393.78064514 477 124302902451 121763423838 1122
275.01666663 476 121763423838 119783208708 760
179.44838715 476 119783208708 118201198472 471
155.60999999999999 475 118201198472 117369497673 278
302.74193553 475 117369497673 117647618286 236
621.62903229 475 117647618286 118577754231 336
1007.62142854 476 118577754231 119932652212 522
2537.077419 476 119932652212 124017095802 973
3355.38 477 124017095802 128339318195 1518
3613.3838715 478 128339318195 133176790884 1601
2317.73 479 133176790884 134521061230 1603
1101.9806447 479 134521061230 132607456161 1618
545.9 479 132607456161 129083780818 1634
374.34666663 478 129083780818 125109088856 1620
253.96451609000002 477 125109088856 121792794065 1186
265.39 476 121792794065 119946577539 776
464.54838715 476 119946577539 119664566515 607
613.82258067 476 119664566515 119863201735 602
783.49642854 476 119863201735 120347329160 658
1165.5548391 476 120347329160 121287090685 776
1869.6466663 476 121287090685 123103293319 1002
2124.4806447 477 123103293319 124821409001 1283
1796.99 477 124821409001 125239612412 1447
887.0903225699999 477 125239612412 123520891705 1338
462.69032257000003 477 123520891705 121407813349 1033
314.21333337000004 476 121407813349 119634837363 719
239.66451609 476 119634837363 118236965437 462
218.75 475 118236965437 117527185272 294
309.16451609 475 117527185272 117763309542 258
547.04193553 475 117763309542 118489273350 338
909.83928573 476 118489273350 119675966868 494
1421.4290324 476 119675966868 121412826432 734
2428.3 476 121412826432 124378292549 1117
3763.0193553 477 124378292549 129656655025 1589
2436.1266663 478 129656655025 131116284554 1680
1198.3548391 478 131116284554 129388529401 1648
561.33548391 478 129388529401 125859452207 1654
359.71666662999996 477 125859452207 122647716687 1315
244.13548391 476 122647716687 120182302654 862
225.42333337000002 476 120182302654 118810896973 554
325.73548390999997 476 118810896973 118628432794 431
609.35161285 476 118628432794 119184141591 464
985.7 476 119184141591 120296727033 601
2291.8129028000003 476 120296727033 123715689541 976
4449.55 477 123715689541 130695887378 1586
3880.1516134000003 478 130695887378 135949362079 1710
2453.6166663 479 135949362079 137333605932 1721
1184.2322580999999 480 137333605932 135483487882 1674
563.03870972 479 135483487882 131903923333 1669
366.46333337000004 478 131903923333 127834074525 1645
256.80322581 478 127834074525 123675243573 1500
233.89333337 477 123675243573 121109597647 1020
366.29354837999995 476 121109597647 120200601272 743
548.31935486 476 120200601272 120066084173 661
849.14285719 476 120066084173 120616107625 697
1250.4677419000002 476 120616107625 121645756905 827
1510.1299999999999 476 121645756905 122572995584 985
1515.1870972000002 476 122572995584 123138533084 1105
1240.4633337 477 123138533084 122936990763 1131
605.77419352 477 122936990763 121409044502 988
396.15806447 476 121409044502 119903054123 742
290.93 476 119903054123 118604654977 515
186.04838715 476 118604654977 117458399530 316
177.53666663 475 117458399530 116931345950 183
337.30322581 475 116931345950 117440193654 184
