466.56451609000004 477 123874000000 122263239646 1132
660.65 476 122263239646 121717281141 962
952.15483866 476 121717281141 121704590213 918
1659.9866663 476 121704590213 122930363383 1020
2699.1419352 477 122930363383 125993811238 1355
1575.67 477 125993811238 125697673812 1501
719.32258067 477 125697673812 123458970882 1365
439.62580648 477 123458970882 121317607041 1020
329.39333337 476 121317607041 119608296463 710
296.58064514 476 119608296463 118343940991 469
423.20333337 476 118343940991 118031501321 345
647.4677419 475 118031501321 118827866636 388
824.24193553 476 118827866636 119782546224 530
989.3142857299999 476 119782546224 120707529475 682
1362.1709675999998 476 120707529475 121948993990 860
2147.7633336999997 476 121948993990 124131810480 1138
1841.0354837999998 477 124131810480 124869763775 1365
1190.78 477 124869763775 123975548099 1348
602.82903229 477 123975548099 122074347600 1123
435.22580648 476 122074347600 120416104524 837
330.41999999999996 476 120416104524 119022552824 590
271.25161285 476 119022552824 117912520978 387
258.38666663000004 475 117912520978 117399389418 258
386.09354837999996 475 117399389418 117848895495 255
505.59677418999996 475 117848895495 118454109263 342
773.675 476 118454109263 119378366196 466
1221.7258067 476 119378366196 120785097739 658
1835.29 476 120785097739 122702020427 929
2337.2064514000003 476 122702020427 125026327612 1269
1562.3966663 477 125026327612 124873486014 1433
744.0903225699999 477 124873486014 122968595292 1265
447.57419352 477 122968595292 121018504055 957
336.36 476 121018504055 119428100546 671
267.34838715 476 119428100546 118164562362 440
286.91333337000003 475 118164562362 117624593760 296
433.71290324 475 117624593760 118098348523 294
635.39677419 475 118098348523 118898683757 399
1031.23214281 476 118898683757 120196149920 570
2826.0580648 476 120196149920 124821728951 1060
3411.81 477 124821728951 129304096263 1512
3811.2419351999997 478 129304096263 134906462986 1512
2567.3199999999997 479 134906462986 137146694855 1505
1281.1032257000002 480 137146694855 136018994447 1501
606.22258067 479 136018994447 133002785508 1501
405.55 479 133002785508 129392466880 1505
312.3 478 129392466880 125352575352 1509
287.24333336999996 477 125352575352 122326483900 1250
291.20967743 476 122326483900 120822274071 891
511.45161285000006 476 120822274071 120386895485 737
812.6857142700001 476 120386895485 120758909192 734
939.59354838 476 120758909192 121059199878 789
1083.84333337 476 121059199878 121283981064 831
1108.3645162 476 121283981064 121419574162 860
1088.40666663 476 121419574162 121488628760 876
577.67096771 476 121488628760 120415570872 791
387.67741933 476 120415570872 119245541062 609
280.07666663000003 476 119245541062 118152701298 425
239.67096770999999 475 118152701298 117284834252 266
227.76999999999998 475 117284834252 116924852680 169
312.14516134 475 116924852680 117380987087 179
525.89354838 475 117380987087 118196202350 283
871.45714281 475 118196202350 119401316682 448
1979.5193553 476 119401316682 122454591540 801
2226.3033337 476 122454591540 124633239009 1218
1878.1870972000002 477 124633239009 125278400944 1436
1151.0333337 477 125278400944 124161064161 1394
505.3548386599999 477 124161064161 121981668064 1130
352.8677419 476 121981668064 120177041288 809
267.83000000000004 476 120177041288 118734044522 547
210.46774190000002 476 118734044522 117594751962 338
264.43666663 475 117594751962 117204689051 217
444.07419352 475 117204689051 117850049406 240
618.75483866 475 117850049406 118702126110 363
766.28928573 476 118702126110 119530338023 498
944.56129028 476 119530338023 120277843636 627
1028.55 476 120277843636 120656342027 717
978.8838709500001 476 120656342027 120733336722 753
672.42333337 476 120733336722 120156430039 711
416.71612905 476 120156430039 119207028401 585
309.08064514 476 119207028401 118296687421 434
232.99666663 476 118296687421 117434393728 290
173.38709676 475 117434393728 116678500407 159
204.45 475 116678500407 116479540946 84
282.94193553 475 116479540946 117029529341 115
440.87419352 475 117029529341 117783359347 221
697.30357146 475 117783359347 118772471938 363
1152.1419352 476 118772471938 120242310852 565
2360.3566663 476 120242310852 123464709331 950
3241.9032257 477 123464709331 127755598822 1438
1782.5066662999998 478 127755598822 127985650562 1503
751.89677419 478 127985650562 125443027284 1509
392.64516134 477 125443027284 122502526066 1270
267.90333337 476 122502526066 120250134868 857
206.84838715 476 120250134868 118560866523 538
202.87333337 476 118560866523 117704636611 334
337.94193553 475 117704636611 117940777000 287
511.38064513999996 475 117940777000 118526043095 355
869.33571427 476 118526043095 119619145873 492
1424.8 476 119619145873 121383546310 727
1924.4266662999999 476 121383546310 123283373659 1024
1216.6612905 477 123283373659 122946324437 1143
515.56333337 477 122946324437 121268115709 977
339.29032257 476 121268115709 119753607957 718
271.14838714999996 476 119753607957 118565851763 499
204.21333337 476 118565851763 117548414944 321
154.72258067 475 117548414944 116711214316 171
159.42333337000002 475 116711214316 116405197287 80
225.35161284999998 475 116405197287 116855733114 94
349.11290324 475 116855733114 117470624243 181
486.26071427 475 117470624243 118136995939 285
728.53548391 475 118136995939 118907713648 402
1309.1966663 476 118907713648 120358453721 585
1172.8387095 476 120358453721 120964761089 749
483.84666663 476 120964761089 119907056801 708
297.6322581 476 119907056801 118786884160 530
227.85806447 476 118786884160 117849424297 364
164.28333337 475 117849424297 116996778430 219
118.03225809999999 475 116996778430 116276842841 91
128.14666663 475 116276842841 116054967739 17
234.11612905 475 116054967739 116648842257 49
372.49677419 475 116648842257 117388016454 158
511.6 475 117388016454 118132497008 278
659.51935486 475 118132497008 118754174908 389
856.1066666300001 476 118754174908 119294888714 483
950.85161285 476 119294888714 119796265899 568
518.09333337 476 119796265899 119217184342 558
313.63548391 476 119217184342 118377752687 442
236.72903229000002 476 118377752687 117605505417 311
170.18666663000002 475 117605505417 116850011576 187
120.80000000000001 475 116850011576 116188430881 72
126.45999999999998 475 116188430881 115989187058 6
217.72258067 475 115989187058 116569266294 38
402.33870972 475 116569266294 117401906914 153
732.26785719 475 117401906914 118585759117 317
954.14193553 476 118585759117 119689634396 504
1351.0700000000002 476 119689634396 120957693325 696
1593.1806447000001 476 120957693325 122267147638 906
1184.9866663 476 122267147638 122247000386 1007
498.36451609000005 476 122247000386 120730431166 877
304.75161285 476 120730431166 119267132622 635
216.82666662999998 476 119267132622 118032660404 417
175.30322581000001 475 118032660404 117067319227 239
171.52333337000002 475 117067319227 116663453689 129
261.50967743 475 116663453689 117101672469 135
569.4677419 475 117101672469 118111028164 254
938.83214281 475 118111028164 119479567037 448
2323.1806447 476 119479567037 123255727241 874
3496.29 477 123255727241 128140406640 1442
3116.6806447 478 128140406640 131879729136 1515
1863.0633337 478 131879729136 132288028637 1511
792.02903229 479 132288028637 129761999007 1539
469.89354837999997 478 129761999007 126224965782 1566
321.58333337 477 126224965782 122811150111 1354
225.19354838 477 122811150111 120246153929 880
195.61333337 476 120246153929 118789134022 557
322.29354837999995 476 118789134022 118606511390 428
590.3677418999999 476 118606511390 119128619356 458
935.29642854 476 119128619356 120157969289 585
2038.2096771 476 120157969289 123070690345 912
2897.7066663 477 123070690345 126548120165 1387
3324.7580648000003 477 126548120165 130882933425 1502
2012.1133336999999 478 130882933425 131702757587 1502
806.15161285 478 131702757587 129298868507 1508
451.01612905 478 129298868507 125883841370 1502
298.19 477 125883841370 122539470253 1304
214.8322581 476 122539470253 120049038543 842
212.99333337000002 476 120049038543 118697239756 534
301.85483866 476 118697239756 118502590160 412
504.17741933 476 118502590160 118873087777 428
693.76785719 476 118873087777 119499653576 509
1066.16451609 476 119499653576 120523639779 645
2910.7966663 476 120523639779 124823726621 1084
2674.9419352 477 124823726621 127435801757 1497
1665.1733337 478 127435801757 127344689697 1510
696.25806447 478 127344689697 124660816396 1506
393.78064514 477 124660816396 121995724223 1169
275.01666663 476 121995724223 119934879388 790
180.44838715 476 119934879388 118300769826 491
155.60999999999999 476 118300769826 117434635056 291
302.74193553 475 117434635056 117689455688 245
621.62903229 475 117689455688 118604674278 342
1007.62142854 476 118604674278 119950521178 526
2537.077419 476 119950521178 124028822663 975
3355.38 477 124028822663 128480798881 1468
3613.3838715 478 128480798881 133585416254 1501
2317.73 479 133585416254 135192826794 1501
1101.9806447 479 135192826794 133590596189 1501
545.9 479 133590596189 130419883019 1501
374.34666663 478 130419883019 126745690528 1502
254.96451609000002 477 126745690528 122919004904 1376
265.39 477 122919004904 120681504570 926
464.54838715 476 120681504570 120139141927 705
613.82258067 476 120139141927 120169462678 665
783.49642854 476 120169462678 120553692895 700
1165.5548391 476 120553692895 121420098222 803
1869.6466663 476 121420098222 123190442770 1020
2124.4806447 477 123190442770 124878218739 1294
1796.99 477 124878218739 125277130613 1454
887.0903225699999 477 125277130613 123545632615 1343
462.69032257000003 477 123545632615 121423768169 1036
314.21333337000004 476 121423768169 119645214066 721
240.66451609 476 119645214066 118245919770 464
218.75 475 118245919770 117533009460 295
309.16451609 475 117533009460 117766976258 259
547.04193553 475 117766976258 118491992407 338
909.83928573 476 118491992407 119677910436 494
1421.4290324 476 119677910436 121414164298 734
2428.3 476 121414164298 124379195987 1117
3763.0193553 477 124379195987 129826841581 1526
2436.1266663 478 129826841581 131713272747 1515
1198.3548391 478 131713272747 130254260746 1547
561.33548391 478 130254260746 126735735483 1650
359.71666662999996 477 126735735483 123251316839 1419
245.13548391 477 123251316839 120572784030 941
225.42333337000002 476 120572784030 119065387709 606
325.73548390999997 476 119065387709 118792486083 465
609.35161285 476 118792486083 119290078280 486
985.7 476 119290078280 120368186884 615
2291.8129028000003 476 120368186884 123761890113 986
4449.55 477 123761890113 130991350626 1489
3880.1516134000003 478 130991350626 136698833531 1540
2453.6166663 480 136698833531 138607359143 1518
1184.2322580999999 480 138607359143 137024936689 1573
563.03870972 480 137024936689 133419652398 1677
366.46333337000004 479 133419652398 129406567016 1621
257.80322581 478 129406567016 125014655523 1586
233.89333337 477 125014655523 121989919097 1196
366.29354837999995 476 121989919097 120768966598 860
548.31935486 476 120768966598 120432937932 737
849.14285719 476 120432937932 120863326015 746
1250.4677419000002 476 120863326015 121805172671 860
1510.1299999999999 476 121805172671 122676826735 1007
1515.1870972000002 476 122676826735 123206026236 1118
1240.4633337 477 123206026236 122981801864 1140
605.77419352 477 122981801864 121437864523 994
396.15806447 476 121437864523 119921608900 745
290.93 476 119921608900 118616587046 517
187.04838715 476 118616587046 117468040210 318
177.53666663 475 117468040210 116937768327 184
337.30322581 475 116937768327 117444113155 185
