233 582 62840000 57021064 235
259 578 57021064 53664135 260
253 575 53664135 35263281 259
230 560 35263281 61122470 219
304 580 61122470 64088395 302
668 582 64088395 43055876 676
518 567 43055876 59842267 511
245 580 59842267 36296481 253
228 561 36296481 46919520 223
228 570 46919520 59737533 223
228 580 59737533 33932428 237
228 559 33932428 41209517 225
252 566 41209517 59410072 245
273 579 59410072 55944977 274
244 577 55944977 36572248 251
230 561 36572248 52466990 223
228 574 52466990 38953265 232
228 564 38953265 49699996 223
228 572 49699996 36186173 232
228 561 36186173 51665088 222
228 574 51665088 47340565 229
228 570 47340565 41424741 230
228 566 41424741 33007568 231
224 558 33007568 37282274 222
251 562 37282274 37885712 250
348 563 37885712 59714487 339
290 580 59714487 42955452 296
234 567 42955452 56761800 228
228 577 56761800 53530341 229
271 575 53530341 44318402 274
239 568 44318402 44045614 239
228 568 44045614 33070765 232
228 558 33070765 41202579 224
228 565 41202579 37857516 229
228 563 37857516 63590003 218
228 582 63590003 41771862 236
265 566 41771862 59007496 258
323 579 59007496 43842194 329
272 568 43842194 48661503 270
232 571 48661503 56391014 228
229 577 56391014 46226040 232
229 569 46226040 36222169 232
229 561 36222169 49817346 223
229 572 49817346 34947627 234
229 560 34947627 61295130 218
229 581 61295130 54098962 231
229 575 54098962 51629217 229
221 573 51629217 49193512 221
257 572 49193512 42417010 259
305 566 42417010 52041757 301
268 574 52041757 38414631 273
237 563 38414631 53013474 231
229 575 53013474 53684157 228
229 575 53684157 55099789 228
229 576 55099789 37676476 235
229 562 37676476 51240494 223
224 573 51240494 40644765 227
193 565 40644765 44083096 191
200 568 44083096 33009177 204
211 558 33009177 52900517 203
261 574 52900517 56542553 259
313 577 56542553 49945506 315
283 572 49945506 45455257 284
236 569 45455257 47007452 235
228 570 47007452 41205335 230
228 565 41205335 46969767 225
228 570 46969767 59901803 223
228 580 59901803 46357706 232
228 569 46357706 32809088 233
202 558 32809088 41180101 198
207 565 41180101 51641778 202
217 573 51641778 42308550 220
228 566 42308550 48902213 225
272 571 48902213 42413141 274
237 566 42413141 43704714 236
230 567 43704714 34686902 233
218 559 34686902 59499358 208
206 579 59499358 38134810 214
198 563 38134810 46243654 194
148 569 46243654 49851165 146
40 572 49851165 52168726 39
35 574 52168726 43833981 38
41 568 43833981 54099825 37
49 575 54099825 54543589 48
97 576 54543589 55952466 96
240 577 55952466 59428226 238
289 579 59428226 37391365 297
238 562 37391365 46618850 234
228 570 46618850 35675249 232
228 560 35675249 51404706 221
228 573 51404706 40461470 232
228 565 40461470 61095147 220
228 580 61095147 59261934 228
228 579 59261934 48205683 232
228 571 48205683 34820414 233
223 560 34820414 33846360 223
271 559 33846360 59397885 261
305 579 59397885 59187408 305
253 579 59187408 33075368 262
231 558 33075368 51562352 223
228 573 51562352 40619146 232
228 565 40619146 46383689 225
228 569 46383689 56737530 224
228 577 56737530 56750989 227
228 577 56750989 57408775 227
227 578 57408775 51385390 229
200 573 51385390 38706050 204
208 563 38706050 36961626 208
219 562 36961626 50697368 213
291 573 50697368 52236215 290
294 574 52236215 50913911 294
247 573 50913911 34537146 253
229 559 34537146 59687647 219
227 580 59687647 61059806 226
227 580 61059806 51715377 230
204 574 51715377 49309800 204
197 572 49309800 48679613 197
188 571 48679613 40229723 191
157 565 40229723 33793078 159
51 559 33793078 42263667 47
86 566 42263667 32337691 89
135 557 32337691 11066816 143
244 530 11066816 57791919 226
242 578 57791919 58264314 241
228 579 58264314 59287688 227
227 579 59287688 43826345 232
227 568 43826345 44734517 226
227 568 44734517 45611569 226
218 569 45611569 40919332 219
190 565 40919332 40411557 190
197 565 40411557 44940467 195
93 568 44940467 38926017 95
120 564 38926017 59832998 112
201 580 59832998 42888634 208
297 567 42888634 44878245 296
246 568 44878245 40814048 247
228 565 40814048 41837344 227
227 566 41837344 60597375 219
227 580 60597375 64068426 225
224 582 64068426 59473573 225
198 579 59473573 34687042 207
189 559 34687042 63245537 178
196 582 63245537 33437619 207
82 558 33437619 61450234 71
130 581 61450234 38508482 138
199 563 38508482 47570429 195
297 570 47570429 54729615 294
237 576 54729615 59629375 235
228 580 59629375 55526354 229
227 576 55526354 59382539 225
227 579 59382539 42348433 233
227 566 42348433 59540419 220
227 579 59540419 55820911 228
206 577 55820911 45801421 209
200 569 45801421 43116012 200
223 567 43116012 54994029 218
256 576 54994029 47346387 258
300 570 47346387 63120227 293
255 582 63120227 55699820 257
231 577 55699820 34326112 239
228 559 34326112 38805782 226
228 564 38805782 47061443 224
228 570 47061443 62570830 222
228 581 62570830 38745104 236
228 564 38745104 36911790 228
228 562 36911790 60041335 219
228 580 60041335 34236167 237
226 559 34236167 33586154 226
231 558 33586154 50850012 224
302 573 50850012 41365904 305
318 566 41365904 62737741 309
236 581 62737741 45174001 242
228 569 45174001 54794103 224
228 576 54794103 36401874 235
228 561 36401874 38310856 227
228 563 38310856 37618367 228
227 562 37618367 55614201 219
190 577 55614201 50563458 191
199 573 50563458 59448282 195
227 579 59448282 34951909 236
272 560 34951909 34547478 272
311 559 34547478 37152114 309
319 562 37152114 48811075 314
301 571 48811075 37142506 305
1180 562 37142506 47380466 1176
922 570 47380466 48247340 921
464 571 48247340 56682798 460
235 577 56682798 36182917 242
229 561 36182917 38547572 227
229 563 38547572 52029135 223
229 574 52029135 49559352 229
229 572 49559352 60796599 224
249 580 60796599 50340645 252
290 573 50340645 63436051 284
250 582 63436051 42933311 257
234 567 42933311 50850122 230
229 573 50850122 43262366 231
229 567 43262366 40753880 229
229 565 40753880 46594264 226
229 570 46594264 49818725 227
227 572 49818725 39503688 230
193 564 39503688 61466872 184
205 581 61466872 59760720 205
213 580 59760720 41067124 219
256 565 41067124 62838860 247
305 581 62838860 43908165 312
304 568 43908165 56373749 299
240 577 56373749 39868476 246
229 564 39868476 58632686 221
229 579 58632686 36137039 237
229 561 36137039 52316967 222
229 574 52316967 58125988 226
229 578 58125988 60490379 227
210 580 60490379 36005852 219
204 561 36005852 42817397 201
215 567 42817397 57913752 209
259 578 57913752 53621331 260
318 575 53621331 56996599 316
296 578 56996599 40799109 302
238 565 40799109 63000543 229
230 582 63000543 61518736 230
230 581 61518736 37964781 239
229 563 37964781 62315778 219
229 581 62315778 60371005 229
229 580 60371005 33726371 239
204 558 33726371 37661220 202
202 562 37661220 53307207 195
217 575 53307207 47912109 219
257 571 47912109 61814260 251
294 581 61814260 34992517 305
288 560 34992517 35794294 287
242 561 35794294 36943568 241
230 562 36943568 32537832 231
230 557 32537832 60413734 219
229 580 60413734 40406332 236
211 565 40406332 39361429 211
198 564 39361429 45492435 195
190 569 45492435 50809393 187
199 573 50809393 45531845 200
88 569 45531845 47271683 87
