253 582 62840000 42145944 260
405 566 42145944 11424197 417
418 530 11424197 10071555 418
313 528 10071555 45660136 299
235 569 45660136 46481591 234
560 570 46481591 50931042 558
509 573 50931042 59782986 505
245 580 59782986 60688506 244
232 580 60688506 41141825 239
232 565 41141825 38927395 232
232 564 38927395 51325300 227
232 573 51325300 49451218 232
258 572 49451218 62583079 253
371 581 62583079 12769091 391
355 533 12769091 13389576 354
295 534 13389576 36975734 285
235 562 36975734 37797332 234
232 563 37797332 50156680 227
232 572 50156680 48055022 232
232 571 48055022 45922278 232
225 569 45922278 40013475 227
157 565 40013475 59385170 149
180 579 59385170 32341877 190
204 557 32341877 50814922 197
235 573 50814922 33793064 241
358 559 33793064 11262335 367
447 530 11262335 11839289 446
323 531 11839289 52914113 307
235 574 52914113 53735579 234
232 575 53735579 34313697 239
232 559 34313697 63992717 220
232 582 63992717 61860319 232
232 581 61860319 42314767 239
199 566 42314767 47055608 197
185 570 47055608 32972230 190
202 558 32972230 46088366 197
238 569 46088366 37101561 241
419 562 37101561 10006811 430
353 528 10006811 9892975 353
300 527 9892975 36409512 289
234 561 36409512 37108576 233
232 562 37108576 49468203 227
232 572 49468203 47366573 232
232 570 47366573 45233591 232
232 569 45233591 57468576 227
174 578 57468576 58810822 173
181 579 58810822 34359638 190
198 559 34359638 36762255 197
241 562 36762255 35810553 241
361 561 35810553 10810443 371
294 529 10810443 11626027 293
284 531 11626027 39216671 273
235 564 39216671 40038229 234
232 565 40038229 52397657 227
203 574 52397657 36184023 208
155 561 36184023 50282451 149
163 572 50282451 42574971 165
151 567 42574971 45876934 149
176 569 45876934 40246624 178
191 565 40246624 55681264 185
258 577 55681264 60432275 256
378 580 60432275 10833924 398
347 529 10833924 12578035 346
301 533 12578035 61746393 281
235 581 61746393 62567972 234
232 581 62567972 43146923 239
209 567 43146923 43004009 208
156 567 43004009 59779191 149
165 580 59779191 57256079 165
154 578 57256079 36812218 161
183 562 36812218 49326182 178
197 572 49326182 49050471 197
212 572 49050471 38508167 215
263 563 38508167 8776768 275
222 525 8776768 10535940 221
219 529 10535940 54099221 202
196 575 54099221 45762947 199
173 569 45762947 32317692 178
158 557 32317692 51876154 150
146 574 51876154 41868253 149
123 566 41868253 57605410 116
0 578 57605410 10766402 17
22 529 10766402 10953673 21
35 530 10953673 19009339 32
87 542 19009339 54488934 73
238 576 54488934 9364842 256
414 526 9364842 11561903 413
343 531 11561903 33808073 334
234 559 33808073 34507440 233
232 559 34507440 46866674 227
232 570 46866674 44765536 232
232 568 44765536 42631695 232
232 567 42631695 54868039 227
168 576 54868039 40140333 173
182 565 40140333 50062165 178
198 572 50062165 52464864 197
283 574 52464864 50951879 283
438 573 50951879 13722566 453
384 534 13722566 13694766 384
274 534 13694766 50343019 259
235 573 50343019 51164509 234
232 573 51164509 63523758 227
232 582 63523758 61421389 232
232 581 61421389 59289737 232
172 579 59289737 43129873 178
151 567 43129873 46432013 149
176 570 46432013 40801786 178
188 565 40801786 48201157 185
203 571 48201157 52814836 201
282 574 52814836 10556878 299
280 529 10556878 11898147 279
249 531 11898147 58253652 231
235 579 58253652 59075009 234
229 579 59075009 63658162 227
157 582 63658162 51363117 161
147 573 51363117 44033706 149
156 568 44033706 49964015 153
146 572 49964015 39873870 149
172 564 39873870 55656655 165
74 577 55656655 43745133 78
76 567 43745133 54545042 72
132 576 54545042 9103217 150
250 526 9103217 10991641 249
298 530 10991641 37386388 287
235 562 37386388 33095582 236
235 558 33095582 40847166 231
206 565 40847166 32668564 208
153 557 32668564 36197132 151
160 561 36197132 49976218 154
149 572 49976218 47921268 149
174 571 47921268 37106854 178
103 562 37106854 39307491 102
111 564 39307491 62231055 102
198 581 62231055 10080619 219
300 528 10080619 11176765 299
299 530 11176765 52583782 282
235 574 52583782 53405429 234
233 575 53405429 63402739 229
170 582 63402739 54146033 173
148 575 54146033 49494977 149
157 572 49494977 58016172 153
147 578 58016172 50605198 149
172 573 50605198 34606760 178
90 559 34606760 62900305 79
120 582 62900305 60543345 120
196 580 60543345 11948745 216
358 531 11948745 11575778 358
319 531 11575778 47221839 305
235 570 47221839 48043449 234
238 571 48043449 41279426 240
233 566 41279426 39300415 233
165 564 39300415 48400621 161
164 571 48400621 43285042 165
151 567 43285042 46586909 149
176 570 46586909 40956596 178
203 565 40956596 56751231 197
285 577 56751231 58046264 284
402 578 58046264 12088926 421
421 532 12088926 9555899 421
322 527 9555899 51235891 305
234 573 51235891 49379438 234
233 572 49379438 59376850 229
232 579 59376850 57274810 232
232 578 57274810 55142563 232
232 576 55142563 35595786 239
181 560 35595786 55687715 173
181 577 55687715 63017240 178
198 582 63017240 33639079 208
215 558 33639079 59996666 205
292 580 59996666 11885888 311
416 531 11885888 13643916 415
299 534 13643916 46461304 286
235 570 46461304 47282682 234
232 570 47282682 59641757 227
201 580 59641757 38071657 208
154 563 38071657 49491565 149
162 572 49491565 39191949 165
149 564 39191949 37137058 149
175 562 37137058 60695611 165
212 580 60695611 37034363 220
299 562 37034363 47790155 295
586 571 47790155 10763497 601
598 529 10763497 62591867 578
316 581 62591867 35256322 326
942 560 35256322 57608432 933
922 578 57608432 46933718 926
451 570 46933718 59343570 446
236 579 59343570 36143449 244
232 561 36143449 48377858 227
232 571 48377858 46163870 232
205 569 46163870 52139746 202
208 574 52139746 49545675 208
242 572 49545675 32675157 248
353 557 32675157 10763948 362
316 529 10763948 12198310 315
263 532 12198310 36563554 253
235 561 36563554 37385126 234
232 562 37385126 49744253 227
194 572 49744253 41206194 197
156 565 41206194 57981646 149
164 578 57981646 52866844 165
151 574 52866844 56168298 149
181 577 56168298 63497775 178
193 582 63497775 52508286 197
240 574 52508286 59188616 237
304 579 59188616 12006717 323
338 532 12006717 9560602 338
345 527 9560602 64070159 323
235 582 64070159 33125100 246
232 558 33125100 45484287 227
232 569 45484287 43383387 232
177 567 43383387 52843473 173
167 574 52843473 55503519 165
153 576 55503519 32379903 161
180 557 32379903 37117883 178
195 562 37117883 63266175 185
243 582 63266175 59354942 244
313 579 59354942 11222907 332
358 530 11222907 12110111 357
323 532 12110111 57209664 305
234 578 57209664 55353013 234
232 576 55353013 35931411 239
231 561 35931411 62932169 220
159 582 62932169 55963748 161
165 577 55963748 53440997 165
153 575 53440997 62098876 149
178 581 62098876 61652921 178
197 581 61652921 61377177 197
240 581 61377177 44290111 246
315 568 44290111 9648984 329
278 527 9648984 9910370 277
240 527 9910370 43904610 226
236 568 43904610 44848643 235
231 568 44848643 54615928 227
161 576 54615928 53034298 161
149 575 53034298 51061722 149
157 573 51061722 59582374 153
149 580 59582374 57527960 149
175 578 57527960 49305862 178
197 572 49305862 49030141 197
