233 582 62840000 61125163 233
272 580 61125163 53858744 275
272 575 53858744 52248302 272
234 574 52248302 62828370 229
264 581 62828370 53050854 267
665 575 53050854 39556245 670
509 564 39556245 51374522 504
245 573 51374522 59680855 241
232 580 59680855 42864264 238
233 567 42864264 43304991 232
237 567 43304991 39574924 238
238 564 39574924 47478536 235
246 570 47478536 63663156 239
259 582 63663156 52076637 263
261 574 52076637 59127753 258
235 579 59127753 62450470 233
235 581 62450470 50571372 239
232 573 50571372 33878295 238
232 559 33878295 36838076 230
232 562 36838076 37225057 231
230 562 37225057 56948036 222
152 578 56948036 62337117 149
179 581 62337117 38289429 188
204 563 38289429 53256042 198
237 575 53256042 53024425 237
277 575 53024425 56788614 275
278 577 56788614 50915804 280
234 573 50915804 56571027 231
233 577 56571027 54584530 233
268 576 54584530 32843556 276
242 558 32843556 33146295 241
232 558 33146295 36075169 230
233 561 36075169 43976036 229
193 568 43976036 58422099 187
184 579 58422099 61733970 182
202 581 61733970 42047040 209
240 566 42047040 48727296 237
287 571 48727296 52736110 285
275 574 52736110 56619127 273
238 577 56619127 50481348 240
235 573 50481348 38601490 239
233 563 38601490 49088871 228
232 572 49088871 52048432 230
232 574 52048432 54977069 230
233 576 54977069 33385530 241
170 558 33385530 43931197 165
180 568 43931197 42404835 180
198 566 42404835 45325964 196
231 569 45325964 40796002 232
261 565 40796002 43552075 259
266 567 43552075 49969599 263
233 572 49969599 60420365 228
232 580 60420365 63380169 230
232 582 63380169 46687583 238
232 570 46687583 49647137 230
151 572 49647137 56861355 148
158 577 56861355 37591240 165
146 562 37591240 63298978 136
175 582 63298978 56286667 177
191 577 56286667 43022129 195
233 567 43022129 36224363 235
265 561 36224363 41788189 262
278 566 41788189 57536848 272
237 578 57536848 53731773 238
238 575 53731773 34637532 245
235 559 34637532 37996891 233
238 563 37996891 45672761 235
160 569 45672761 36182523 163
160 561 36182523 57520482 151
150 578 57520482 52355351 151
183 574 52355351 55573879 181
197 577 55573879 56932605 196
213 578 56932605 63468974 210
266 582 63468974 45848847 273
225 569 45848847 57213155 220
206 578 57213155 62869313 203
185 582 62869313 50610810 189
171 573 50610810 38389917 175
157 563 38389917 40214080 156
144 565 40214080 57119915 137
23 578 57119915 30951154 33
0 556 30951154 10786042 7
13 529 10786042 16080531 10
30 538 16080531 40423391 20
83 565 40423391 47246241 80
237 570 47246241 63566938 230
275 582 63566938 40478972 283
240 565 40478972 54104878 234
234 575 54104878 47171652 236
232 570 47171652 59991386 227
234 580 59991386 50516818 237
232 573 50516818 48362092 232
239 571 48362092 37340417 243
162 562 37340417 44387171 159
181 568 44387171 35754297 184
200 560 35754297 44276977 196
276 568 44276977 57372646 271
291 578 57372646 43323969 296
269 567 43323969 41303068 269
234 566 41303068 46958784 231
238 570 46958784 57183123 234
232 578 57183123 40490324 238
232 565 40490324 40908462 231
238 565 40908462 51102146 234
175 573 51102146 33198241 181
145 558 33198241 34304939 144
177 559 34304939 54508620 169
190 576 54508620 32906615 198
206 558 32906615 50976589 199
282 573 50976589 47511809 283
269 570 47511809 56780576 265
236 577 56780576 52845962 237
238 574 52845962 33751579 245
228 558 33751579 48415257 222
153 571 48415257 56595703 149
141 577 56595703 50800064 143
151 573 50800064 32824522 157
140 558 32824522 34665034 139
162 559 34665034 52881501 154
31 574 52881501 55960571 29
73 577 55960571 62481871 70
131 581 62481871 46703642 137
238 570 46703642 34113223 242
238 559 34113223 57373274 228
236 578 57373274 40547539 242
234 565 40547539 46239564 231
212 569 46239564 34021587 216
147 559 34021587 33899093 146
155 559 33899093 55712763 146
142 577 55712763 62909128 139
172 582 62909128 45629755 178
89 569 45629755 41624106 90
107 566 41624106 38194952 108
197 563 38194952 60822578 187
256 580 60822578 62106527 255
235 581 62106527 62966289 234
235 582 62966289 53628836 238
234 575 53628836 56858348 232
188 577 56858348 60603544 186
142 580 60603544 39292272 149
152 564 39292272 35739693 153
141 560 35739693 61779346 131
171 581 61779346 39416448 179
81 564 39416448 45936921 78
117 569 45936921 61429711 111
195 581 61429711 41893784 203
274 566 41893784 36517698 275
239 561 36517698 59899956 229
237 580 59899956 45752618 242
235 569 45752618 49111748 233
245 572 49111748 63936694 239
171 582 63936694 40090957 179
160 565 40090957 35681241 161
148 560 35681241 44824014 144
179 568 44824014 48597065 177
205 571 48597065 43108618 207
258 567 43108618 35043628 261
292 560 35043628 48837095 286
274 571 48837095 41200096 276
232 565 41200096 53983816 227
232 575 53983816 56943380 230
232 578 56943380 40250530 238
234 565 40250530 33316937 236
232 558 33316937 33703674 231
239 558 33703674 49590144 232
174 572 49590144 41515236 176
181 566 41515236 39326815 181
200 564 39326815 40095072 199
218 565 40095072 61405710 210
281 581 61405710 48588294 286
282 571 48588294 50174719 281
234 572 50174719 58292634 230
235 579 58292634 51496300 237
235 573 51496300 57317574 232
238 578 57317574 44603265 242
149 568 44603265 48535230 147
158 571 48535230 59850201 153
146 580 59850201 47154911 150
176 570 47154911 46535831 176
213 570 46535831 51185014 211
251 573 51185014 38900835 255
279 564 38900835 63631699 268
338 582 63631699 43034352 345
317 567 43034352 54772608 312
1182 576 54772608 44180617 1185
922 568 44180617 59382184 916
451 579 59382184 43783947 456
236 567 43783947 57425925 230
232 578 57425925 40608216 238
238 565 40608216 53267956 233
193 575 53267956 47428847 195
208 570 47428847 47405217 208
245 570 47405217 62322665 239
273 581 62322665 54105798 276
275 575 54105798 40197697 280
250 565 40197697 54594269 244
252 576 54594269 44716481 255
245 568 44716481 44173113 245
202 568 44173113 48437080 200
152 571 48437080 42094100 154
162 566 42094100 46037039 160
149 569 46037039 49886608 147
182 572 49886608 58922567 178
195 579 58922567 53290015 197
244 575 53290015 47881015 246
308 571 47881015 51436199 306
316 573 51436199 62958374 311
252 582 62958374 36070112 262
250 561 36070112 62696352 239
237 581 62696352 61389886 237
248 581 61389886 34678359 257
171 559 34678359 60829478 161
164 580 60829478 40509886 171
154 565 40509886 54850114 148
183 576 54850114 38837594 189
199 564 38837594 60824305 190
247 580 60824305 39856467 254
318 564 39856467 37946989 318
286 563 37946989 61154988 277
240 580 61154988 47889397 245
245 571 47889397 60158187 240
237 580 60158187 51464721 240
256 573 51464721 50587002 256
154 573 50587002 28967910 162
163 554 28967910 38674853 159
155 563 38674853 42482275 153
182 566 42482275 56767297 176
201 577 56767297 44006750 205
245 568 44006750 62041673 238
296 581 62041673 49619884 301
304 572 49619884 49579113 303
231 572 49579113 61153176 226
251 580 61153176 48597113 255
215 571 48597113 38103786 218
159 563 38103786 34779296 160
145 560 34779296 48963926 139
155 571 48963926 54821471 152
145 576 54821471 44061974 148
175 568 44061974 46531815 174
85 570 46531815 53225372 82
