150.6137709677419 976 673917419 460449766 233
251.052957142857 976 460449766 449737287 259
432.585732258064 976 449737287 768662842 253
418.24396 976 768662842 882722868 230
655.743480645161 976 882722868 1305584298 304
867.17198 977 1305584298 1378426374 668
709.7338516129032 977 1378426374 1321408769 518
396.6839483870968 977 1321408769 1112315031 245
229.00912 976 1112315031 587444568 228
215.7454935483871 976 587444568 267602687 228
235.80637000000002 975 267602687 219194279 228
252.04278064516132 975 219194279 266408176 228
257.8398580645161 975 266408176 285122934 252
381.82394285714304 975 285122934 556070473 273
370.094535483871 976 556070473 724391315 244
310.20642 976 724391315 627773580 230
529.6048677419355 976 627773580 1045948722 228
437.36126 976 1045948722 1201820189 228
243.8208193548387 977 1201820189 796685877 228
210.7551161290323 976 796685877 430196289 228
216.12302 976 430196289 215944977 228
205.5298870967742 975 215944977 70656646 228
206.91654 974 70656646 1460686 228
224.8570258064516 972 1460686 1443533 224
251.3097580645161 972 1443533 1618211 251
367.909910714286 972 1618211 48764484 348
463.095609677419 973 48764484 450076161 290
391.52729999999997 976 450076161 613986848 234
400.558722580645 976 613986848 757130868 228
625.48397 976 757130868 1305854950 271
352.0538483870968 977 1305854950 1082002024 239
209.4863774193548 976 1082002024 597013624 228
215.34517 976 597013624 294658246 228
204.5339548387097 975 294658246 111737762 228
212.39037 974 111737762 46825993 228
223.4237129032258 973 46825993 30832268 228
254.94219677419352 973 30832268 1638634 265
428.809328571429 972 1638634 257820478 323
369.486719354839 975 257820478 432467510 272
351.95817 976 432467510 525040124 232
407.51344516129 976 525040124 713455362 229
416.73870999999997 976 713455362 913510145 229
378.8099677419355 976 913510145 901021654 229
211.2133322580645 976 901021654 490328199 229
214.97082 976 490328199 240848078 229
203.9702451612903 975 240848078 79441745 229
207.99036 974 79441745 8640317 229
219.4200483870968 972 8640317 1406262 221
257.3922193548387 972 1406262 1651080 257
370.868157142857 972 1651080 160356765 305
309.008006451613 974 160356765 227628612 268
297.36415999999997 975 227628612 282800111 237
363.6986193548387 975 282800111 471889477 229
230.9712 976 471889477 339687781 229
215.5747290322581 975 339687781 197344515 229
202.1118387096774 975 197344515 66749471 229
209.31216 973 66749471 1314490 224
198.77965483870966 972 1314490 1239982 193
202.98207 972 1239982 1285001 200
211.7609516129032 972 1285001 1355702 211
274.56635806451607 972 1355702 35799386 261
388.38582142857103 973 35799386 220236394 313
363.78264516129 975 220236394 366441601 283
314.90837 975 366441601 402245237 236
370.3340258064516 975 402245237 558703068 228
230.52103 976 558703068 398859625 228
216.5846612903226 975 398859625 237209154 228
204.0465290322581 975 237209154 99679185 228
211.8694 974 99679185 19788370 228
201.669835483871 972 19788370 1261449 202
210.4077 972 1261449 1335876 207
218.5062677419355 972 1335876 1397721 217
228.6105709677419 972 1397721 1469095 228
272.0328678571429 972 1469095 1745274 272
239.1590516129032 972 1745274 1521132 237
234.60562 972 1521132 1486445 230
222.3960193548387 972 1486445 1404155 218
209.50169 972 1404155 1328482 206
202.5318612903226 972 1328482 1278776 198
152.78943548387096 972 1278776 956467 148
45.57624 972 956467 260690 40
41.25610322580645 972 260690 230479 35
44.20734 972 230479 272792 41
50.190435483871 972 272792 324166 49
97.46145806451611 972 324166 626408 97
240.885196428571 972 626408 1549691 240
425.075725806452 972 1549691 324553935 289
443.52189 975 324553935 635917088 238
454.147577419355 976 635917088 886757608 228
257.20038 976 886757608 688114185 228
431.20654193548387 976 688114185 870345774 228
219.818735483871 976 870345774 492110457 228
214.77539000000002 976 492110457 243193355 228
203.0858451612903 975 243193355 80993418 228
209.06024 974 80993418 14723930 228
219.2187677419355 972 14723930 1406657 223
312.887783870968 972 1406657 112049143 271
432.37065 974 112049143 424717589 305
400.943296774194 976 424717589 674797608 253
287.92766 976 674797608 546980211 231
515.6461129032258 976 546980211 963391324 228
353.73258 976 963391324 956995675 228
211.8760580645161 976 956995675 568918991 228
200.5646129032258 976 568918991 281842093 228
208.07063 975 281842093 123707779 228
197.8282 974 123707779 1232439 227
203.30777 972 1232439 1292934 200
209.2812193548387 972 1292934 1339921 208
219.1544451612903 972 1339921 1405702 219
291.9332071428571 972 1405702 1874982 291
296.6417677419355 972 1874982 1891714 294
265.70906 972 1891714 35220954 247
333.4672741935484 973 35220954 254990750 229
210.21332999999998 975 254990750 152353501 227
202.4956870967742 974 152353501 46546788 227
193.2731322580645 973 46546788 1217107 204
202.39102 972 1217107 1267568 197
193.91966774193548 972 1267568 1208596 188
160.18152 972 1208596 1016336 157
51.8049870967742 972 1016336 329533 51
86.08283548387101 972 329533 552942 86
135.6131214285714 972 552942 870399 135
246.674987096774 972 870399 1569859 244
313.43336 972 1569859 152402904 242
376.4524967741935 974 152402904 423555535 228
228.78958 976 423555535 307843716 227
214.1517419354839 975 307843716 178757969 227
199.9290870967742 975 178757969 53718940 227
206.73983 973 53718940 1297319 218
196.2299387096774 972 1297319 1223334 190
200.42457 972 1223334 1268450 197
93.7034516129032 972 1268450 597725 93
120.8500064516129 972 597725 776268 120
201.825382142857 972 776268 1298226 201
299.55769032258104 972 1298226 1913261 297
313.90759 972 1913261 144828357 246
346.6809193548387 974 144828357 357239383 228
214.69986 975 357239383 233592029 227
205.5699129032258 975 233592029 111191780 227
194.2516838709677 974 111191780 1221728 224
203.2722 972 1221728 1270237 198
195.0625129032258 972 1270237 1214186 189
199.54877 972 1214186 1266258 196
82.3441903225806 972 1266258 524689 82
130.6607612903226 972 524689 845033 130
199.727910714286 972 845033 1282147 199
371.209683870968 972 1282147 176138772 297
361.38354000000004 975 176138772 381779398 237
404.614990322581 975 381779398 619426191 228
236.06046 976 619426191 455056661 227
220.3584096774194 976 455056661 280015291 227
206.2882258064516 975 280015291 133716155 227
211.02852000000001 974 133716155 41786140 227
198.8011193548387 973 41786140 1242563 206
202.79752 972 1242563 1284849 200
224.1675387096774 972 1284849 1437331 223
313.2314 972 1437331 153211880 256
398.856753571429 974 153211880 396972021 300
435.645441935484 975 396972021 730723027 255
419.91831 976 730723027 859291611 231
436.038487096774 976 859291611 992610794 228
254.64497 976 992610794 758435895 228
445.05791290322577 976 758435895 946195886 228
214.3943806451613 976 946195886 525863954 228
217.71061 976 525863954 264784585 228
204.4267677419355 975 264784585 95651320 228
207.9243 974 95651320 23770208 228
218.7113129032258 973 23770208 1401093 226
231.0877774193549 972 1401093 1483460 231
302.03281428571427 972 1483460 1942990 302
432.362893548387 972 1942990 273059638 318
313.71349 975 273059638 346269567 236
366.1549580645161 975 346269567 516319706 228
226.93008 976 516319706 362663977 228
214.60197419354841 975 362663977 211405406 228
201.73335483870972 975 211405406 77587274 228
208.99393 974 77587274 1308431 227
196.3161806451613 972 1308431 1227478 190
202.40863 972 1227478 1284814 199
233.6946193548387 972 1284814 14542574 227
342.62735483871 972 14542574 204930342 272
564.659667857143 975 204930342 828074067 311
611.216364516129 976 828074067 1318261324 319
487.75973 977 1318261324 1258631788 301
1520.660912903226 977 1258631788 1548326417 1180
1053.66495 977 1548326417 1431120157 922
625.575764516129 977 1431120157 1297903855 464
285.5240903225807 977 1297903855 876824247 235
222.82502 976 876824247 447539673 229
207.2995 976 447539673 188535445 229
217.88332 975 188535445 118032448 229
229.3279451612903 974 118032448 110827012 229
258.9336677419355 974 110827012 138774559 249
362.124453571429 974 138774559 316924433 290
331.233235483871 975 316924433 438292539 250
279.52057 976 438292539 376876087 234
352.9960516129032 975 376876087 504578239 229
225.52593000000002 976 504578239 349786878 229
216.4438 975 349786878 205388242 229
203.3930419354839 975 205388242 75033136 229
210.41114 974 75033136 1317502 227
199.34813548387098 972 1317502 1243470 193
208.12122 972 1243470 1321722 205
214.2319935483871 972 1321722 1371156 213
256.0675548387097 972 1371156 1646236 256
313.9022071428571 972 1646236 21669385 305
354.452732258065 973 21669385 136910999 304
368.84196 974 136910999 366605212 240
416.956206451613 975 366605212 634426699 229
245.03211 976 634426699 480693358 229
223.5044806451613 976 480693358 297307654 229
207.7100774193548 975 297307654 143040690 229
212.97879 974 143040690 47567566 229
200.9083193548387 973 47567566 1253031 210
206.88055 972 1253031 1314888 204
216.5590838709677 972 1314888 1389605 215
259.2039677419355 972 1389605 1663164 259
322.4328142857143 972 1663164 10878462 318
373.624422580645 972 10878462 194258206 296
338.21466 975 194258206 343976294 238
396.649829032258 975 343976294 575206569 230
239.3802 976 575206569 424985496 230
220.8159774193548 976 424985496 259308698 229
206.8730129032258 975 259308698 117746686 229
211.90038 974 117746686 29351774 229
200.897064516129 973 29351774 1255580 204
205.37306 972 1255580 1300994 202
217.9164193548387 972 1300994 1396136 217
256.9987451612903 972 1396136 1652676 257
324.549442857143 972 1652676 74278478 294
293.8616935483871 974 74278478 71348609 288
255.54048 974 71348609 74324667 242
333.9267193548387 974 74324667 280262254 230
212.9187 975 280262254 169789737 230
205.6729774193548 974 169789737 61856112 229
195.0926806451613 973 61856112 1228809 211
203.95167 972 1228809 1278778 198
196.11697096774193 972 1278778 1226934 190
201.91431 972 1226934 1278525 199
88.8782419354839 972 1278525 567249 88
