140.6137709677419 976 673917419 379563647 253
249.052957142857 975 379563647 1597036 405
420.585732258064 972 1597036 2686148 418
411.24396 972 2686148 212302178 313
643.743480645161 975 212302178 1013961826 235
867.17198 976 1013961826 1378426481 560
699.7338516129032 977 1378426481 1318705604 509
369.6839483870968 977 1318705604 1049733802 245
189.00912 976 1049733802 469120465 232
174.7454935483871 976 469120465 130432941 232
211.80637000000002 974 130432941 51090480 232
232.04278064516132 973 51090480 46822529 232
241.83985806451608 973 46822529 1554811 258
371.82394285714304 972 1554811 2388461 371
357.094535483871 972 2388461 2279992 355
299.20642 972 2279992 1898324 295
554.6048677419355 972 1898324 690436370 235
416.36126 976 690436370 889530157 232
210.8208193548387 976 889530157 514791711 232
168.7551161290323 976 514791711 179764325 232
175.12302 975 179764325 1095304 225
163.5298870967742 972 1095304 1016618 157
182.91654 972 1016618 1156494 180
204.8570258064516 972 1156494 1315247 204
235.3097580645161 972 1315247 1510170 235
358.909910714286 972 1510170 2305444 358
450.095609677419 972 2305444 2875306 447
383.52729999999997 972 2875306 129145979 323
377.558722580645 974 129145979 397282345 235
662.48397 975 397282345 1224146414 232
324.0538483870968 977 1224146414 977935350 232
167.4863774193548 976 977935350 439014891 232
174.34517 976 439014891 132971055 232
162.5339548387097 974 132971055 1006954 199
188.39037 972 1006954 1197223 185
203.4237129032258 972 1197223 1304880 202
238.9421967741935 972 1304880 1538129 238
419.809328571429 972 1538129 2694777 419
355.486719354839 972 2694777 2271225 353
343.95817 972 2271225 91739386 300
385.51344516129 974 91739386 392744479 234
443.73870999999997 975 392744479 739112267 232
351.8099677419355 976 739112267 722913655 232
169.2133322580645 976 722913655 296269042 232
173.97082 975 296269042 54142992 232
161.9702451612903 973 54142992 1003095 174
183.99036 972 1003095 1166506 181
199.4200483870968 972 1166506 1280820 198
241.3922193548387 972 1280820 1553109 241
361.868157142857 972 1553109 2326868 361
296.008006451613 972 2326868 1885249 294
288.36415999999997 972 1885249 1828466 284
339.6986193548387 972 1828466 232382923 235
197.9712 975 232382923 96627102 232
174.5747290322581 974 96627102 1095879 203
159.1118387096774 972 1095879 997070 155
168.31216 972 997070 1052614 163
156.77965483870966 972 1052614 975546 151
178.98207 972 975546 1134995 176
191.7609516129032 972 1134995 1230389 191
258.56635806451607 972 1230389 1660889 258
378.38582142857103 972 1660889 2428889 378
349.78264516129 972 2428889 2231416 347
304.90837 972 2231416 1932708 301
347.3340258064516 972 1932708 249354724 235
198.52103 975 249354724 110537920 232
176.5846612903226 974 110537920 1114559 209
161.0465290322581 972 1114559 1007150 156
170.8694 972 1007150 1063688 165
159.669835483871 972 1063688 988728 154
186.4077 972 988728 1184797 183
198.5062677419355 972 1184797 1271309 197
212.6105709677419 972 1271309 1370177 212
263.0328678571429 972 1370177 1688544 263
224.1590516129032 972 1688544 1424260 222
223.60562 972 1424260 1413499 219
200.3960193548387 972 1413499 1265093 196
176.50169 972 1265093 1117917 173
161.5318612903226 972 1117917 1013808 158
150.78943548387096 972 1013808 943284 146
128.57624 972 943284 791912 123
4.256103225806449 972 791912 -2106452 0
26.207340000000002 972 -2106452 154487 22
36.190435483871 972 154487 234648 35
87.46145806451611 972 234648 564927 87
238.885196428571 972 564927 1538271 238
417.075725806452 972 1538271 2663902 414
435.52189 972 2663902 199786211 343
434.147577419355 975 199786211 559719100 234
224.20038 976 559719100 377532364 232
408.20654193548387 975 377532364 615947216 232
184.818735483871 976 615947216 268113573 232
173.77539000000002 975 268113573 37204281 232
161.0858451612903 973 37204281 997560 168
185.06024 972 997560 1174281 182
199.2187677419355 972 1174281 1275202 198
297.887783870968 972 1275202 39524899 283
423.37065 973 39524899 2721715 438
386.943296774194 972 2721715 2468550 384
277.92766 972 2468550 1762434 274
539.6461129032258 972 1762434 658457643 235
330.73258 976 658457643 678996673 232
170.8760580645161 976 678996673 299645844 232
157.5646129032258 975 299645844 28241734 232
167.07063 973 28241734 1042657 172
156.8282 972 1042657 972978 151
179.30777 972 972978 1133482 176
189.2812193548387 972 1133482 1212414 188
203.1544451612903 972 1212414 1305508 203
282.9332071428571 972 1305508 1816972 282
282.6417677419355 972 1816972 1799094 280
252.70906000000002 972 1799094 1599482 249
308.4672741935484 972 1599482 161725918 235
177.21332999999998 974 161725918 1122981 229
161.4956870967742 972 1122981 1015599 157
151.2731322580645 972 1015599 943192 147
161.39102 972 943192 1007828 156
151.91966774193548 972 1007828 939091 146
175.18152 972 939091 1112033 172
74.8049870967742 972 1112033 478222 74
76.08283548387101 972 478222 492093 76
132.6131214285714 972 492093 852412 132
252.67498709677398 972 852412 1606850 250
302.43336 972 1606850 1920386 298
353.4524967741935 972 1920386 262815620 235
196.78958 975 262815620 109770946 235
173.1517419354839 974 109770946 1089793 206
157.9290870967742 972 1089793 987754 153
165.73983 972 987754 1031543 160
155.2299387096774 972 1031543 964948 149
177.42457 972 964948 1122460 174
103.7034516129032 972 1122460 662635 103
111.8500064516129 972 662635 718037 111
198.825382142857 972 718037 1275586 198
302.55769032258104 972 1275586 1928992 300
302.90759 972 1928992 1922228 299
321.6809193548387 972 1922228 192045312 235
181.69986 975 192045312 26163437 233
164.5699129032258 973 26163437 1036321 170
152.2516838709677 972 1036321 953597 148
162.2722 972 953597 1009153 157
153.0625129032258 972 1009153 950580 147
175.54877 972 950580 1109940 172
91.3441903225806 972 1109940 587032 90
120.6607612903226 972 587032 776939 120
196.727910714286 972 776939 1264114 196
361.209683870968 972 1264114 2307628 358
351.38354000000004 972 2307628 66075393 319
382.614990322581 973 66075393 368321430 235
203.06046 975 368321430 192029543 238
180.3584096774194 975 192029543 10734225 233
166.2882258064516 972 10734225 1042078 165
170.02852000000001 972 1042078 1060765 164
156.8011193548387 972 1060765 969095 151
178.79752 972 969095 1133036 176
204.1675387096774 972 1133036 1310258 203
298.2314 972 1310258 35078094 285
388.856753571429 973 35078094 2496849 402
423.645441935484 972 2496849 2703507 421
414.91831 972 2703507 200682232 322
415.038487096774 975 200682232 520156597 234
248.64497 976 520156597 400710915 233
453.05791290322577 975 400710915 726684854 232
178.3943806451613 976 726684854 316776944 232
176.71061 975 316776944 71626855 232
162.4267677419355 974 71626855 1009544 181
183.9243 972 1009544 1167465 181
198.7113129032258 972 1167465 1270311 198
215.0877774193549 972 1270311 1380359 215
293.03281428571427 972 1380359 1882077 292
419.362893548387 972 1882077 2678620 416
302.71349 972 2678620 1922810 299
343.1549580645161 972 1922810 240112480 235
193.93008 975 240112480 93211611 232
173.60197419354841 974 93211611 1090135 201
158.73335483870972 972 1090135 994042 154
167.99393 972 994042 1046452 162
155.3161806451613 972 1046452 965563 149
178.40863 972 965563 1130145 175
213.6946193548387 972 1130145 1367787 212
327.62735483871 972 1367787 76585599 299
555.659667857143 974 76585599 3568034 586
601.216364516129 972 3568034 3845501 598
586.75973 972 3845501 571596626 316
1520.660912903226 976 571596626 1548308546 942
1053.66495 977 1548308546 1431116981 922
611.575764516129 977 1431116981 1294047575 451
253.52409032258072 977 1294047575 802557239 236
181.82502 976 802557239 327212206 232
165.2995 975 327212206 40411033 232
193.88332 973 40411033 1229184 205
209.3279451612903 972 1229184 1343733 208
242.9336677419355 972 1343733 1561491 242
353.124453571429 972 1561491 2270399 353
318.233235483871 972 2270399 2028537 316
267.52057 972 2028537 1694172 263
328.9960516129032 972 1694172 208373489 235
192.52593000000002 975 208373489 65873266 232
175.4438 973 65873266 1105287 194
160.3930419354839 972 1105287 1006644 156
169.41114 972 1006644 1055058 164
157.34813548387098 972 1055058 978478 151
184.12122 972 978478 1163994 181
194.2319935483871 972 1163994 1245322 193
240.0675548387097 972 1245322 1540884 240
304.9022071428571 972 1540884 1958473 304
340.452732258065 972 1958473 2174609 338
358.84196 972 2174609 22082044 345
394.956206451613 973 22082044 366046926 235
214.03211 975 366046926 227298999 232
183.5044806451613 975 227298999 45227099 232
165.7100774193548 973 45227099 1041876 177
172.97879 972 1041876 1078138 167
158.9083193548387 972 1078138 983067 153
182.88055 972 983067 1159371 180
196.5590838709677 972 1159371 1258763 195
243.20396774193551 972 1258763 1559743 243
313.4328142857143 972 1559743 2016297 313
360.624422580645 972 2016297 2299128 358
327.21466 972 2299128 2075787 323
373.649829032258 972 2075787 309154533 234
207.3802 975 309154533 173538770 232
180.8159774193548 975 173538770 1141600 231
163.8730129032258 972 1141600 1027838 159
170.90038 972 1027838 1063656 165
158.897064516129 972 1063656 988922 153
181.37306 972 988922 1148802 178
197.9164193548387 972 1148802 1268610 197
240.9987451612903 972 1268610 1545267 240
315.549442857143 972 1545267 2025013 315
280.8616935483871 972 2025013 1792535 278
244.54048 972 1792535 1546094 240
308.9267193548387 972 1546094 160451153 236
179.9187 974 160451153 1141090 231
164.6729774193548 972 1141090 1038715 161
153.0926806451613 972 1038715 959067 149
162.95167 972 959067 1015908 157
155.11697096774193 972 1015908 964146 149
177.91431 972 964146 1130185 175
197.8782419354839 972 1130185 1270185 197
