137.6137709677419 976 673917419 425403760 233
248.052957142857 976 425403760 374805285 272
422.585732258064 975 374805285 642989625 272
400.24396 976 642989625 755633169 234
647.743480645161 976 755633169 1299014812 264
867.17198 977 1299014812 1378422941 665
699.7338516129032 977 1378422941 1318702802 509
364.6839483870968 977 1318702802 1039540684 245
185.00912 976 1039540684 456039649 232
169.7454935483871 976 456039649 112470566 233
211.80637000000002 974 112470566 25305296 237
233.04278064516132 973 25305296 9339719 238
243.83985806451608 972 9339719 1566751 246
375.82394285714304 972 1566751 284226634 259
361.094535483871 975 284226634 457822952 261
287.20642 976 457822952 401509793 235
532.6048677419355 975 401509793 892029106 235
413.36126 976 892029106 1028571848 232
203.8208193548387 976 1028571848 588926318 232
163.7551161290323 976 588926318 210723114 232
171.12302 975 210723114 1069858 230
158.5298870967742 972 1069858 985195 152
181.91654 972 985195 1148775 179
204.8570258064516 972 1148775 1314731 204
237.3097580645161 972 1314731 1524293 237
361.909910714286 972 1524293 206552177 277
454.095609677419 975 206552177 576504557 278
371.52729999999997 976 576504557 652799703 234
374.558722580645 976 652799703 715197756 233
636.48397 976 715197756 1306920828 268
319.0538483870968 977 1306920828 1004744065 242
162.4863774193548 976 1004744065 444526130 232
170.34517 976 444526130 126022224 233
157.5339548387097 974 126022224 973457 193
187.39037 972 973457 1187419 184
203.4237129032258 972 1187419 1302278 202
240.9421967741935 972 1302278 1549927 240
423.809328571429 972 1549927 333204482 287
360.486719354839 975 333204482 459925246 275
331.95817 976 459925246 488454295 238
382.51344516129 976 488454295 623406035 235
414.73870999999997 976 623406035 835957273 233
347.8099677419355 976 835957273 775415720 232
164.2133322580645 976 775415720 315631987 232
169.97082 975 315631987 55096853 233
156.9702451612903 973 55096853 972406 170
182.99036 972 972406 1159490 180
199.4200483870968 972 1159490 1281007 198
243.3922193548387 972 1281007 32436882 231
364.868157142857 973 32436882 286290576 261
297.008006451613 975 286290576 300352954 266
273.36415999999997 975 300352954 286532889 233
335.6986193548387 975 286532889 410317988 232
192.9712 975 410317988 211614447 232
170.5747290322581 975 211614447 4584657 232
154.1118387096774 972 4584657 963868 151
163.31216 972 963868 1017914 158
151.77965483870966 972 1017914 942100 146
177.98207 972 942100 1125231 175
191.7609516129032 972 1125231 1227826 191
260.56635806451607 972 1227826 73270348 233
382.38582142857103 974 73270348 360807734 265
351.78264516129 975 360807734 452987864 278
291.90837 976 452987864 404034370 237
343.3340258064516 975 404034370 481343919 238
192.52103 976 481343919 251686151 235
172.5846612903226 975 251686151 23713788 238
156.0465290322581 973 23713788 974497 160
165.8694 972 974497 1036809 160
155.669835483871 972 1036809 965844 150
186.4077 972 965844 1183529 183
198.5062677419355 972 1183529 1270039 197
213.6105709677419 972 1270039 1376295 213
266.0328678571429 972 1376295 1709401 266
227.1590516129032 972 1709401 1447372 225
209.60562 972 1447372 1324931 206
189.3960193548387 972 1324931 1193910 185
174.50169 972 1193910 1101582 171
160.5318612903226 972 1101582 1007555 157
148.78943548387096 972 1007555 929309 144
28.57624 972 929309 157906 23
0.2561032258064486 972 157906 -9729663 0
19.207340000000002 971 -9729663 108371 13
31.190435483871 972 108371 198315 30
83.46145806451611 972 198315 535477 83
237.885196428571 972 535477 1530420 237
418.075725806452 972 1530420 341040240 275
428.52189 975 341040240 610704789 240
431.147577419355 976 610704789 807772453 234
221.20038 976 807772453 544276471 232
405.20654193548387 976 544276471 709932486 234
175.818735483871 976 709932486 302260438 232
169.77539000000002 975 302260438 34644671 239
156.0858451612903 973 34644671 969816 162
184.06024 972 969816 1163004 181
201.2187677419355 972 1163004 1291735 200
301.887783870968 972 1291735 69058455 276
428.37065 974 69058455 405354889 291
393.943296774194 975 405354889 605799550 269
267.92766 976 605799550 455373286 234
507.6461129032258 976 455373286 865644710 238
325.73258 976 865644710 815060587 232
166.8760580645161 976 815060587 374111811 232
152.5646129032258 975 374111811 50834675 238
162.07063 973 50834675 1010377 175
150.8282 972 1010377 932144 145
180.30777 972 932144 1141038 177
191.2812193548387 972 1141038 1226113 190
206.1544451612903 972 1226113 1326778 206
286.9332071428571 972 1326778 11880775 282
286.6417677419355 972 11880775 48465841 269
242.70906000000002 973 48465841 42999086 236
304.4672741935484 973 42999086 175658720 238
171.21332999999998 975 175658720 1080725 228
157.4956870967742 972 1080725 992045 153
145.2731322580645 972 992045 910904 141
156.39102 972 910904 974103 151
145.91966774193548 972 974103 903958 140
165.18152 972 903958 1047242 162
31.804987096774198 972 1047242 205137 31
73.08283548387101 972 205137 470629 73
131.6131214285714 972 470629 845332 131
240.674987096774 972 845332 1533049 238
289.43336 972 1533049 107880225 238
349.4524967741935 974 107880225 322746939 236
190.78958 975 322746939 141997249 234
169.1517419354839 974 141997249 1062541 212
151.9290870967742 972 1062541 951734 147
160.73983 972 951734 1001325 155
148.2299387096774 972 1001325 916347 142
175.42457 972 916347 1114040 172
89.7034516129032 972 1114040 575038 89
107.8500064516129 972 575038 694867 107
197.825382142857 972 694867 1273912 197
290.55769032258104 972 1273912 78815969 256
290.90759 974 78815969 174179931 235
317.6809193548387 975 174179931 299479544 235
175.69986 975 299479544 91258703 234
160.5699129032258 974 91258703 1008948 188
146.2516838709677 972 1008948 917485 142
157.2722 972 917485 978797 152
147.0625129032258 972 978797 911539 141
174.54877 972 911539 1108988 171
82.3441903225806 972 1108988 525851 81
117.6607612903226 972 525851 758955 117
195.727910714286 972 758955 1260418 195
362.209683870968 972 1260418 210036220 274
340.38354000000004 975 210036220 355995311 239
379.614990322581 975 355995311 531494309 237
199.06046 976 531494309 299099328 235
176.3584096774194 975 299099328 48884748 245
158.2882258064516 973 48884748 988283 171
166.02852000000001 972 988283 1037588 160
153.8011193548387 972 1037588 952379 148
181.79752 972 952379 1153407 179
206.1675387096774 972 1153407 1322368 205
301.2314 972 1322368 115578270 258
393.856753571429 974 115578270 365941554 292
428.645441935484 975 365941554 645838466 274
403.91831 976 645838466 769243052 232
412.038487096774 976 769243052 872195402 232
217.64497 976 872195402 582218672 232
440.05791290322577 976 582218672 808886398 234
169.3943806451613 976 808886398 344849054 232
172.71061 975 344849054 65130039 239
157.4267677419355 973 65130039 975196 174
183.9243 972 975196 1161950 181
200.7113129032258 972 1161950 1285386 200
218.0877774193549 972 1285386 1402876 218
298.03281428571427 972 1402876 41303402 281
426.362893548387 973 41303402 377490827 282
292.71349 975 377490827 368644810 234
339.1549580645161 975 368644810 457934065 235
188.93008 976 457934065 228326376 235
169.60197419354841 975 228326376 1070761 238
153.73335483870972 972 1070761 962575 149
163.99393 972 962575 1023961 158
152.3161806451613 972 1023961 942392 146
179.40863 972 942392 1133729 176
214.6946193548387 972 1133729 1378030 213
330.62735483871 972 1378030 213451585 251
559.659667857143 975 213451585 902700179 279
604.216364516129 976 902700179 1316840688 338
506.75973 977 1316840688 1263812254 317
1520.660912903226 977 1263812254 1548322977 1182
1053.66495 977 1548322977 1431116867 922
610.575764516129 977 1431116867 1293760405 451
246.52409032258072 977 1293760405 787745576 236
177.82502 976 787745576 312496038 232
160.2995 975 312496038 9681868 238
192.88332 972 9681868 1224312 193
209.3279451612903 972 1224312 1338861 208
245.9336677419355 972 1338861 1578590 245
357.124453571429 972 1578590 204598470 273
322.233235483871 975 204598470 276451555 275
256.52057 975 276451555 201871534 250
324.9960516129032 975 201871534 296170892 252
189.52593000000002 975 296170892 95228831 245
173.4438 974 95228831 1091722 202
156.3930419354839 972 1091722 977663 152
167.41114 972 977663 1041393 162
155.34813548387098 972 1041393 966760 149
185.12122 972 966760 1171816 182
196.2319935483871 972 1171816 1259334 195
244.06755483870973 972 1259334 1569417 244
308.9022071428571 972 1569417 1987392 308
346.452732258065 972 1987392 69066157 316
352.84196 974 69066157 264115339 252
391.956206451613 975 264115339 476066089 250
210.03211 976 476066089 281279175 237
181.5044806451613 975 281279175 41630996 248
160.7100774193548 973 41630996 1004113 171
169.97879 972 1004113 1059684 164
159.9083193548387 972 1059684 988902 154
185.88055 972 988902 1180617 183
200.5590838709677 972 1180617 1285179 199
247.20396774193551 972 1285179 1586419 247
318.4328142857143 972 1586419 2043669 318
366.624422580645 972 2043669 194239031 286
322.21466 975 194239031 307000522 240
370.649829032258 975 307000522 467143498 245
203.3802 976 467143498 261158147 237
177.8159774193548 975 261158147 1120425 256
158.8730129032258 972 1120425 994607 154
168.90038 972 994607 1052970 163
160.897064516129 972 1052970 997954 155
185.37306 972 997954 1178384 182
201.9164193548387 972 1178384 1296162 201
245.9987451612903 972 1296162 1580481 245
319.549442857143 972 1580481 57252960 296
287.8616935483871 973 57252960 1831821 304
234.54048 972 1831821 1483804 231
304.9267193548387 972 1483804 114728413 251
176.9187 974 114728413 1115733 215
162.6729774193548 972 1115733 1026376 159
149.0926806451613 972 1026376 931332 145
160.95167 972 931332 1003464 155
151.11697096774193 972 1003464 933941 145
177.91431 972 933941 1128819 175
85.8782419354839 972 1128819 548730 85
