1132.0
962.0
918.0
1020.0
1362.0
1545.0
1350.0
1008.0
702.0
464.0
341.0
385.0
529.0
681.0
859.0
1137.0
1364.0
1348.0
1123.0
837.0
590.0
387.0
257.0
255.0
342.0
466.0
658.0
929.0
1269.0
1433.0
1265.0
957.0
671.0
440.0
296.0
294.0
399.0
569.0
1060.0
1664.72
1555.0
1548.0
1548.0
1548.0
1548.0
1512.0
1113.0
799.0
678.0
695.0
763.0
814.0
849.0
869.0
787.0
606.0
423.0
265.0
167.0
178.0
283.0
447.0
801.0
1218.0
1436.0
1394.0
1130.0
809.0
547.0
338.0
216.0
240.0
363.0
498.0
627.0
717.0
753.0
711.0
585.0
434.0
290.0
159.0
83.0
114.0
221.0
363.0
565.0
950.0
1462.0
1549.0
1541.0
1235.0
833.0
522.0
324.0
280.0
351.0
489.0
725.0
1023.0
1142.0
977.0
718.0
499.0
321.0
171.0
80.0
94.0
181.0
285.0
402.0
585.0
749.0
708.0
530.0
364.0
219.0
91.0
16.0
49.0
158.0
278.0
389.0
483.0
568.0
558.0
442.0
311.0
187.0
72.0
6.0
38.0
153.0
317.0
503.0
696.0
906.0
1007.0
877.0
635.0
417.0
238.0
129.0
135.0
254.0
447.0
874.0
1549.0
1559.0
1573.0
1550.0
1548.0
1286.0
833.0
527.0
408.0
445.0
576.0
906.0
1411.0
1556.0
1552.0
1549.0
1545.0
1230.0
790.0
500.0
390.0
414.0
500.0
639.0
1080.0
1530.0
1549.0
1503.0
1143.0
773.0
480.0
283.0
240.0
339.0
524.0
974.0
1620.0
1553.0
1548.0
1548.0
1548.0
1548.0
1265.0
829.0
642.0
624.0
673.0
785.0
1008.0
1287.0
1450.0
1340.0
1034.0
720.0
463.0
294.0
258.0
338.0
494.0
734.0
1117.0
1528.0
1549.0
1548.0
1548.0
1427.0
962.0
619.0
473.0
491.0
618.0
988.0
1687.1680000000001
1556.0
1548.0
1548.0
1548.0
1548.0
1540.0
1193.0
858.0
735.0
745.0
859.0
1006.0
1118.0
1140.0
994.0
745.0
517.0
318.0
184.0
185.0
