233
275
272
229
267
487.0
487.0
241
238
232
238
235
239
263
258
233
239
238
230
231
222
149
188
198
237
275
280
231
233
276
241
230
229
187
182
209
237
285
273
240
239
228
230
230
241
165
180
196
232
259
263
228
230
238
230
148
165
136
177
195
235
262
272
238
245
233
235
163
151
151
181
196
210
273
220
203
189
175
156
137
33
7
10
20
80
230
283
234
236
227
237
232
243
159
184
196
271
296
269
231
234
238
231
234
181
144
169
198
199
283
265
237
245
222
149
143
157
139
154
29
70
137
242
228
242
231
216
146
146
139
178
90
108
187
255
234
238
232
186
149
153
131
179
78
111
203
275
229
242
233
239
179
161
144
177
207
261
286
276
227
230
238
236
231
232
176
181
199
210
286
281
230
237
232
242
147
153
150
176
211
255
268
345
312
487.0
487.0
456
230
238
233
195
208
239
276
280
244
255
245
200
154
160
147
178
197
246
306
311
262
239
237
257
161
171
148
189
190
254
318
277
245
240
240
256
162
159
153
176
205
238
301
303
226
255
218
160
139
152
148
174
82
