260
417
418
299
234
487.0
487.0
244
239
232
227
232
253
391
354
285
234
227
232
232
227
149
190
197
241
367
446
307
234
239
220
232
239
197
190
197
241
430
353
289
233
227
232
232
227
173
190
197
241
371
293
273
234
227
208
149
165
149
178
185
256
398
346
281
234
239
208
149
165
161
178
197
215
275
221
202
199
178
150
149
116
17
21
32
73
256
413
334
233
227
232
232
227
173
178
197
283
453
384
259
234
227
232
232
178
149
178
185
201
299
279
231
234
227
161
149
153
149
165
78
72
150
249
287
236
231
208
151
154
149
178
102
102
219
299
282
234
229
173
149
153
149
178
79
120
216
358
305
234
240
233
161
165
149
178
197
284
421
421
305
234
229
232
232
239
173
178
208
205
311
415
286
234
227
208
149
165
149
165
220
295
487.0
487.0
326
487.0
487.0
446
244
227
232
202
208
248
362
315
253
234
227
197
149
165
149
178
197
237
323
338
323
246
227
232
173
165
161
178
185
244
332
357
305
234
239
220
161
165
149
178
197
246
329
277
226
235
227
161
149
153
149
178
197
