690
2260
2260
702
662
649
649
649
649
673
764
793
1052
2260
2260
732
725
652
650
661
727
779
753
788
1033
2260
2260
720
674
664
649
650
684
793
811
780
1237
2260
2260
788
730
678
653
652
680
709
686
861
2260
2260
2260
696
1365
1144
758
663
661
663
659
661
706
2260
2260
778
782
717
797
892
863
799
800
773
1005
2260
2260
1424
1315
1380
1231
1075
890
840
710
699
1004
2260
2260
853
701
664
708
666
805
1056
1039
974
1627
2260
2260
713
790
655
658
785
1121
1131
1014
883
1312
2260
2260
762
779
730
778
653
178
95
148
200
604
1865
2260
798
753
699
740
754
329
69
144
271
723
2260
2110
738
721
708
789
779
768
718
606
667
762
2260
2260
809
755
723
934
1137
1363
1134
975
861
1240
2260
2260
675
656
654
705
658
816
1107
1117
1002
1602
2260
2260
705
713
714
864
1263
1084
887
862
796
1089
2260
2260
654
649
649
649
649
657
782
917
872
1259
2260
2260
1043
1074
931
1208
1220
1139
1060
988
881
1414
2260
2260
1093
1041
756
990
1763
1346
1369
1078
1029
1391
2260
2260
828
942
774
1183
1965
1543
1412
1176
951
1745
2260
2260
1310
1078
1015
1169
994
865
768
735
710
