233
252
252
230
252
252
252
245
228
228
228
228
252
252
244
230
228
228
228
228
228
228
228
224
251
252
252
234
228
252
239
228
228
228
228
228
252
252
252
232
229
229
229
229
229
229
229
221
252
252
252
237
229
229
229
229
224
193
200
211
252
252
252
236
228
228
228
228
228
202
207
217
228
252
237
230
218
206
198
148
40
35
41
49
97
240
252
238
228
228
228
228
228
228
228
223
252
252
252
231
228
228
228
228
228
227
200
208
219
252
252
247
229
227
227
204
197
188
157
51
86
135
244
242
228
227
227
227
218
190
197
93
120
201
252
246
228
227
227
224
198
189
196
82
130
199
252
237
228
227
227
227
227
206
200
223
252
252
252
231
228
228
228
228
228
228
228
226
231
252
252
236
228
228
228
228
227
190
199
227
252
252
252
252
252
252
252
235
229
229
229
229
249
252
250
234
229
229
229
229
227
193
205
213
252
252
252
240
229
229
229
229
229
210
204
215
252
252
252
238
230
230
229
229
229
204
202
217
252
252
252
242
230
230
229
211
198
190
199
88
