1080
1365
1349
1222
1420
1407
1342
1384
1382
1499
1414
1278
1332
1584
1409
1309
1440
1382
1436
1472
1518
1392
1282
1201
1361
1783
1671
1325
1356
1420
1318
1422
1393
1365
1260
1261
1346
1695
1590
1682
1710
1857
1774
2008
1805
1930
1781
1732
1705
2135
2105
2260
2151
2023
2021
1767
1754
1581
1499
1320
1364
1709
1633
1408
1373
1418
1493
1447
1322
1208
1186
1162
1280
1563
1455
1172
1145
1158
1114
1097
1071
1051
1034
1029
1154
1395
1441
1335
1422
1340
1417
1416
1495
1416
1321
1229
1378
1664
1418
1297
1427
1422
1517
1596
1466
1352
1232
1162
1318
1643
1527
1219
1104
1166
1125
1083
1057
1042
1031
1026
1165
1416
1277
1109
1042
1042
1034
1029
1026
1024
1023
1023
1161
1346
1400
1121
1030
1025
1026
1025
1024
1023
1023
1023
1132
1439
1396
1100
1095
1147
1183
1171
1203
1193
1153
1124
1227
1530
1521
1655
1293
1396
1474
1534
1478
1404
1424
1287
1377
1755
1684
1284
1240
1362
1323
1329
1296
1324
1286
1253
1356
1629
1187
1290
1423
1440
1541
1655
1741
1760
1791
1799
1603
1945
1941
1666
1678
1780
1842
1854
1807
1679
1780
1681
1486
1829
1872
1830
1721
1972
1752
1835
1737
1657
1432
1453
1443
1839
1654
1780
2181
2260
1934
1901
1732
1548
1584
1651
1538
1964
2076
2240
1917
2086
2046
1487
1305
1224
1147
1101
