203
203
478
612
612
389
204
203
203
203
203
203
203
204
486
418
225
203
203
203
203
203
203
203
204
205
315
610
339
203
203
203
203
203
203
203
204
205
315
383
365
203
203
203
203
203
203
203
203
204
315
203
203
203
203
203
203
203
203
203
204
204
315
203
203
203
203
203
203
203
203
203
204
204
204
203
203
159
40
40
40
40
40
40
107
204
315
203
418
212
203
203
203
203
203
203
204
204
498
345
203
203
203
203
203
203
203
203
204
205
315
203
203
203
203
203
163
40
40
40
95
203
315
203
203
203
203
203
203
83
40
40
171
204
315
203
203
203
203
203
203
64
40
40
185
204
315
203
203
203
203
203
203
203
203
203
203
204
315
203
432
204
203
203
203
203
203
203
204
205
315
203
203
203
203
203
203
203
203
203
204
211
612
612
612
274
203
203
203
203
203
203
203
204
315
203
203
203
203
203
203
203
203
203
204
204
315
203
203
203
203
203
203
203
203
203
203
204
315
203
203
203
203
203
203
203
203
203
203
204
315
203
203
203
203
203
203
71
40
40
