424
2260
2260
911
278
260
260
260
260
260
260
260
733
2260
2260
1019
280
260
260
260
260
260
260
260
730
2260
2260
991
278
260
260
260
260
260
260
260
736
2260
2260
804
274
260
891
1407
1434
1414
1276
1986
2260
2260
2260
1147
282
260
260
260
300
278
260
357
1091
2260
2260
1241
281
260
260
260
260
260
260
260
718
2260
2260
1037
283
261
262
260
261
260
266
263
575
2260
2260
1155
274
260
260
260
260
322
476
808
1557
2260
2260
1006
279
260
260
260
260
260
260
260
684
2260
2260
1212
283
260
260
260
260
260
260
260
644
2260
2260
1039
287
271
261
265
263
260
260
261
652
2260
2260
977
281
264
260
260
260
260
260
262
584
2260
2260
962
281
289
262
260
260
260
260
260
691
2260
2260
986
275
264
260
260
260
260
260
260
722
2260
2260
1156
280
261
260
260
260
260
260
260
809
2260
2260
938
269
260
260
1037
1573
1387
1078
956
1390
2260
2260
1064
280
260
260
607
788
490
489
671
1186
2260
2260
1178
279
260
260
260
1018
1032
872
982
1432
2260
2260
1109
275
260
260
713
1435
1471
1343
1504
2008
2260
2260
1169
286
260
260
260
260
260
260
260
