197
211
477
612
612
389
197
196
196
196
196
196
197
210
528
418
225
196
196
196
196
196
196
196
197
213
315
612
339
196
196
196
196
196
196
196
197
214
315
432
365
196
196
196
196
196
196
196
197
213
315
198
196
196
196
196
196
196
196
196
197
210
315
199
196
196
196
196
196
196
196
196
197
212
210
198
196
196
163
40
40
40
40
40
105
211
315
198
420
212
196
196
196
196
196
196
197
212
540
345
196
196
196
196
196
196
196
196
197
211
315
199
196
196
196
196
196
78
40
40
109
209
315
199
196
197
196
197
197
108
40
40
181
209
315
199
196
196
196
196
196
88
40
40
182
211
315
198
196
199
196
196
196
196
196
196
197
214
315
225
464
203
196
196
196
196
196
196
197
211
315
198
196
196
196
196
196
196
196
196
198
331
612
612
612
274
196
196
196
196
196
196
197
211
315
198
196
196
196
196
196
196
196
196
197
211
315
199
196
196
196
196
196
196
196
196
197
211
315
198
196
196
196
196
196
196
196
196
197
213
315
199
196
196
196
196
196
196
117
55
