1132.0
962.0
918.0
1020.0
1364.0
1558.0
1345.0
1005.0
700.0
463.0
340.0
385.0
528.0
681.0
859.0
1137.0
1364.0
1347.0
1123.0
837.0
590.0
387.0
257.0
255.0
342.0
466.0
658.0
929.0
1269.0
1433.0
1265.0
957.0
671.0
440.0
296.0
294.0
399.0
569.0
1060.0
1604.0
1641.2959999999998
1651.5439999999999
1645.688
1662.28
1648.128
1451.0
973.0
708.0
619.0
656.0
737.0
798.0
838.0
862.0
782.0
603.0
421.0
264.0
167.0
178.0
283.0
447.0
800.0
1217.0
1436.0
1394.0
1130.0
809.0
547.0
338.0
216.0
240.0
363.0
498.0
627.0
717.0
753.0
711.0
585.0
434.0
290.0
159.0
83.0
114.0
221.0
363.0
565.0
950.0
1483.0
1589.0
1567.0
1206.0
814.0
510.0
316.0
275.0
347.0
487.0
724.0
1022.0
1142.0
976.0
717.0
499.0
321.0
171.0
80.0
94.0
181.0
285.0
402.0
585.0
749.0
708.0
530.0
364.0
219.0
91.0
16.0
49.0
158.0
278.0
389.0
483.0
568.0
558.0
442.0
311.0
187.0
72.0
6.0
38.0
153.0
317.0
503.0
696.0
906.0
1007.0
877.0
635.0
417.0
238.0
129.0
135.0
254.0
447.0
874.0
1467.0
1555.0
1561.0
1566.0
1565.0
1307.0
847.0
536.0
414.0
449.0
579.0
908.0
1412.0
1582.0
1597.0
1608.0
1583.0
1173.0
752.0
475.0
374.0
403.0
493.0
635.0
1077.0
1540.0
1592.0
1506.0
1122.0
760.0
471.0
278.0
236.0
336.0
522.0
973.0
1518.0
1601.0
1603.0
1618.0
1634.0
1620.0
1186.0
776.0
607.0
602.0
658.0
776.0
1002.0
1283.0
1447.0
1338.0
1033.0
719.0
462.0
294.0
258.0
338.0
494.0
734.0
1117.0
1589.0
1659.8400000000001
1644.224
1647.152
1315.0
862.0
554.0
431.0
464.0
601.0
976.0
1586.0
1674.48
1679.848
1656.912
1654.472
1642.76
1500.0
1020.0
743.0
661.0
697.0
827.0
985.0
1105.0
1131.0
988.0
742.0
515.0
316.0
183.0
184.0
