1132.0
962.0
918.0
1020.0
1355.0
1501.0
1365.0
1020.0
710.0
469.0
345.0
388.0
530.0
682.0
860.0
1138.0
1365.0
1348.0
1123.0
837.0
590.0
387.0
258.0
255.0
342.0
466.0
658.0
929.0
1269.0
1433.0
1265.0
957.0
671.0
440.0
296.0
294.0
399.0
570.0
1060.0
1512.0
1512.0
1505.0
1501.0
1501.0
1505.0
1509.0
1250.0
891.0
737.0
734.0
789.0
831.0
860.0
876.0
791.0
609.0
425.0
266.0
169.0
179.0
283.0
448.0
801.0
1218.0
1436.0
1394.0
1130.0
809.0
547.0
338.0
217.0
240.0
363.0
498.0
627.0
717.0
753.0
711.0
585.0
434.0
290.0
159.0
84.0
115.0
221.0
363.0
565.0
950.0
1438.0
1503.0
1509.0
1270.0
857.0
538.0
334.0
287.0
355.0
492.0
727.0
1024.0
1143.0
977.0
718.0
499.0
321.0
171.0
80.0
94.0
181.0
285.0
402.0
585.0
749.0
708.0
530.0
364.0
219.0
91.0
17.0
49.0
158.0
278.0
389.0
483.0
568.0
558.0
442.0
311.0
187.0
72.0
6.0
38.0
153.0
317.0
504.0
696.0
906.0
1007.0
877.0
635.0
417.0
239.0
129.0
135.0
254.0
448.0
874.0
1442.0
1515.0
1511.0
1539.0
1566.0
1354.0
880.0
557.0
428.0
458.0
585.0
912.0
1387.0
1502.0
1502.0
1508.0
1502.0
1304.0
842.0
534.0
412.0
428.0
509.0
645.0
1084.0
1497.0
1510.0
1506.0
1169.0
790.0
491.0
291.0
245.0
342.0
526.0
975.0
1468.0
1501.0
1501.0
1501.0
1501.0
1502.0
1376.0
926.0
705.0
665.0
700.0
803.0
1020.0
1294.0
1454.0
1343.0
1036.0
721.0
464.0
295.0
259.0
338.0
494.0
734.0
1117.0
1526.0
1515.0
1547.0
1645.1999999999998
1419.0
941.0
606.0
465.0
486.0
615.0
986.0
1489.0
1540.0
1518.0
1573.0
1658.376
1621.0
1586.0
1196.0
860.0
737.0
746.0
860.0
1007.0
1118.0
1140.0
994.0
745.0
517.0
318.0
184.0
185.0
