200
202
482
612
612
389
201
200
200
200
200
200
202
202
507
418
225
200
200
200
200
200
200
200
202
203
315
612
339
200
200
200
200
200
200
200
203
204
315
406
365
200
200
200
200
200
200
200
200
201
315
200
200
200
200
200
200
200
200
200
200
201
315
200
200
200
200
201
201
200
200
200
202
202
206
204
203
204
75
40
40
40
40
40
107
205
315
201
420
212
200
200
200
202
202
201
205
205
509
345
200
200
200
200
202
202
202
201
203
204
315
200
200
200
200
200
191
40
40
40
99
200
315
200
200
200
200
200
200
99
40
40
171
201
315
200
200
200
200
200
200
84
40
40
184
202
315
201
200
200
201
202
204
202
201
201
203
205
315
200
454
203
200
200
201
202
202
202
205
204
315
200
200
200
201
203
202
201
201
200
202
246
612
612
612
274
200
200
200
200
201
201
203
203
315
202
202
201
203
203
202
202
202
201
204
207
315
202
202
200
202
206
204
204
202
202
204
208
315
201
201
200
203
207
205
204
203
201
206
206
315
203
202
202
203
202
201
88
40
40
