233
252
252
234
252
252
252
245
232
233
237
238
246
252
252
235
235
232
232
232
230
152
179
204
237
252
252
234
233
252
242
232
233
193
184
202
240
252
252
238
235
233
232
232
233
170
180
198
231
252
252
233
232
232
232
151
158
146
175
191
233
252
252
237
238
235
238
160
160
150
183
197
213
252
225
206
185
171
157
144
23
0
13
30
83
237
252
240
234
232
234
232
239
162
181
200
252
252
252
234
238
232
232
238
175
145
177
190
206
252
252
236
238
228
153
141
151
140
162
31
73
131
238
238
236
234
212
147
155
142
172
89
107
197
252
235
235
234
188
142
152
141
171
81
117
195
252
239
237
235
245
171
160
148
179
205
252
252
252
232
232
232
234
232
239
174
181
200
218
252
252
234
235
235
238
149
158
146
176
213
251
252
252
252
252
252
252
236
232
238
193
208
245
252
252
250
252
245
202
152
162
149
182
195
244
252
252
252
250
237
248
171
164
154
183
199
247
252
252
240
245
237
252
154
163
155
182
201
245
252
252
231
251
215
159
145
155
145
175
85
