235
260
259
219
302
487.0
487.0
253
223
223
237
225
245
274
251
223
232
223
232
222
229
230
231
222
250
339
296
228
229
274
239
232
224
229
218
236
258
329
270
228
232
232
223
234
218
231
229
221
259
301
273
231
228
228
235
223
227
191
204
203
259
315
284
235
230
225
223
232
233
198
202
220
225
274
236
233
208
214
194
146
39
38
37
48
96
238
297
234
232
221
232
220
228
232
233
223
261
305
262
223
232
225
224
227
227
229
204
208
213
290
294
253
219
226
230
204
197
191
159
47
89
143
226
241
227
232
226
226
219
190
195
95
112
208
296
247
227
219
225
225
207
178
207
71
138
195
294
235
229
225
233
220
228
209
200
218
258
293
257
239
226
224
222
236
228
219
237
226
224
305
309
242
224
235
227
228
219
191
195
236
272
309
314
305
487.0
487.0
460
242
227
223
229
224
252
284
257
230
231
229
226
227
230
184
205
219
247
312
299
246
221
237
222
226
227
219
201
209
260
316
302
229
230
239
219
229
239
202
195
219
251
305
287
241
231
219
236
211
195
187
200
87
