252
252
252
252
235
252
252
245
232
232
232
232
252
252
252
252
235
232
232
232
225
157
180
204
235
252
252
252
235
232
232
232
232
199
185
202
238
252
252
252
234
232
232
232
232
174
181
198
241
252
252
252
235
232
203
155
163
151
176
191
252
252
252
252
235
232
209
156
165
154
183
197
212
252
222
219
196
173
158
146
123
0
22
35
87
238
252
252
234
232
232
232
232
168
182
198
252
252
252
252
235
232
232
232
172
151
176
188
203
252
252
249
235
229
157
147
156
146
172
74
76
132
250
252
235
235
206
153
160
149
174
103
111
198
252
252
235
233
170
148
157
147
172
90
120
196
252
252
235
238
233
165
164
151
176
203
252
252
252
252
234
233
232
232
232
181
181
198
215
252
252
252
235
232
201
154
162
149
175
212
252
252
252
252
252
252
252
236
232
232
205
208
242
252
252
252
235
232
194
156
164
151
181
193
240
252
252
252
235
232
232
177
167
153
180
195
243
252
252
252
234
232
231
159
165
153
178
197
240
252
252
240
236
231
161
149
157
149
175
197
