1434.413629629629
5949.410857142857
5443.304451612903
1516.6027916666671
1376.342290322581
1312.589833333333
1230.2785806451611
1152.4324516129032
1093.7081
1062.867
1183.3198
1314.590580645161
1694.440451612903
3830.691678571429
4344.783225806452
1397.754366666667
1347.849483870968
1248.4911
1159.192129032258
1086.93664516129
1049.790533333334
1080.923903225806
1019.3535999999999
1142.454677419355
1494.0277741935479
5215.9705
5859.1847419354835
1345.7893333333332
1290.019548387097
1180.020633333333
1063.927548387097
1002.499096774194
977.671966666667
1034.009903225806
1087.032133333333
1153.2766129032261
1672.3193870967739
5599.878846153846
5894.334375
1565.175074074074
1513.4270000000001
1447.190533333333
1362.654161290323
1295.9868064516131
1257.380333333333
1095.870489614984
1225.138
1485.590774193548
3552.490454545455
5051.74875
5592.984451612903
1416.735566666667
2062.689967741935
1779.5340999999999
1351.9305483870971
1092.314451612903
1035.930066666667
984.933935483871
978.2537
1001.6220000000001
1283.5502580645161
5199.787607142857
6933.374193548387
1502.0032
1482.048129032258
1390.755266666666
1363.835064516129
1379.365838709677
1287.1465
1222.012451612903
1235.706066666667
1275.994935483871
1475.504451612903
4304.5555
5601.743709677419
1873.5477333333329
1673.5936129032261
1683.3681000000001
1417.683161290323
1225.932548387097
994.138266666667
920.2310322580649
838.183033333333
948.233612903226
1620.138896551724
4892.284428571429
4408.089322580645
1154.254333333333
958.615677419355
931.971366666667
938.096580645161
868.395870967742
972.1098
1193.643516129032
1235.103433333333
1209.20264516129
2018.756258064516
5045.1615
4767.245451612903
1049.530066666667
1066.4470000000001
932.407366666667
913.2492903225809
1041.073064516129
1345.386566666667
1330.186580645161
1247.8314
1175.315193548387
1926.36864516129
4722.6678571428565
3962.244129032258
1106.934066666667
1087.469225806452
1031.3405
1064.51464516129
904.644967741936
395.4487
291.450225806452
365.5092
580.466129032258
1124.670580645161
2476.634607142857
3207.301645161291
1308.91265
1442.9793911550469
1363.0000166666669
1085.492
1051.348483870968
589.082533333333
312.303967741935
389.371366666667
709.782516129032
1457.712193548387
4066.59515384615
2855.907483870968
1420.6499
1209.1559
1372.0000166666669
1388.288903225807
1306.246439125911
1193.650603950617
985.734741935484
887.7212999999999
1170.359483870968
1591.49664516129
4138.461107142857
4980.8210322580635
1375.337633333333
1210.318806451613
1154.926266666667
1354.381419354839
1548.856870967742
1718.586066666667
1473.419709677419
1352.3589
1431.45135483871
2176.691225806452
6317.6079285714295
6320.191612903226
1619.2186000000002
1448.26264516129
1392.140466666667
1376.011612903226
1328.276903225807
1369.762733333333
1641.075935483871
1659.6831666666671
1602.413935483871
2266.195677419355
4659.07275
5159.497225806452
1406.1696666666671
1328.525064516129
1274.7102
1454.090483870968
1795.927161290323
1565.6691
1332.985967741935
1446.690133333333
1615.169419354839
1910.500096774194
6190.36003571429
3447.419
1576.9255
1425.824290322581
1357.7959333333329
1324.5175806451612
1328.124322580645
1266.2651851851851
1313.6568387096781
1472.567033333333
1557.517838709677
2217.0990967741927
4881.01346428571
5578.255967741936
1875.266333333333
1812.259225806452
1670.983666666667
1903.932935483871
1875.7782903225811
1758.327066666667
1640.526903225807
1594.419533333333
1562.503258064516
2434.04638709677
6546.499892857143
6518.203161290322
2064.460933333333
1950.6732258064521
1669.697433333333
1883.206161290323
2610.422838709678
2083.6987
2029.6043548387102
1776.9355
1793.728225806452
2230.29635483871
6590.761892857143
5398.543161290323
1634.5728666666669
1735.830419354839
1526.909533333334
1889.324774193548
2611.932774193548
2159.5627
1973.729451612903
1781.207166666667
1803.047516129032
2707.792290322581
5347.2675
6458.387612903226
2011.2845
1703.780612903226
1635.195733333333
1786.406903225806
1552.032709677419
1372.673333333333
1260.106838709677
1262.463433333333
1469.073516129032
