1824.413629629629
2170.410857142857
2203.304451612903
2037.6027916666671
2135.342290322581
2071.589833333333
1924.2785806451611
1888.4324516129032
1828.7081
1890.867
1836.3198
1800.590580645161
1974.440451612903
2240.691678571429
2073.783225806452
1975.754366666667
2063.849483870968
1980.4911
1946.192129032258
1897.93664516129
1842.790533333334
1697.923903225806
1550.3536
1556.454677419355
1822.0277741935479
2546.9705
2392.184741935484
1951.7893333333332
1973.019548387097
1938.020633333333
1733.927548387097
1775.499096774194
1688.671966666667
1609.009903225806
1538.032133333333
1635.2766129032261
1781.3193870967739
2423.878846153846
2386.334375
2460.175074074074
2494.427
2627.190533333333
2484.654161290323
2651.986806451613
2384.380333333333
2318.870489614984
2322.138
2356.590774193548
2418.490454545455
2974.7487499999997
2835.984451612903
3563.735566666667
2849.689967741935
2659.5341
2615.930548387097
2196.314451612903
2130.930066666667
1904.933935483871
1820.2537
1661.622
1941.5502580645161
2306.7876071428573
2406.3741935483868
2133.0032
2074.0481290322577
2092.755266666666
2060.835064516129
1936.365838709677
1750.1465
1635.012451612903
1624.706066666667
1665.994935483871
1750.504451612903
2025.5555
1948.743709677419
1622.5477333333329
1505.5936129032261
1463.3681000000001
1302.683161290323
1251.932548387097
1178.138266666667
1135.231032258065
1164.183033333333
1279.233612903226
1770.138896551724
1969.284428571429
1946.0893225806449
1637.254333333333
1680.615677419355
1608.971366666667
1648.0965806451609
1618.395870967742
1664.1098
1557.643516129032
1520.103433333333
1465.20264516129
1769.756258064516
2131.1615
1800.245451612903
1634.530066666667
1705.4470000000001
1700.407366666667
1772.249290322581
1852.073064516129
1694.386566666667
1555.186580645161
1468.8314
1455.315193548387
1932.36864516129
2176.667857142857
1926.2441290322581
1564.934066666667
1414.469225806452
1468.3405
1413.51464516129
1334.644967741936
1271.4487
1232.450225806452
1245.5092
1406.4661290322579
1685.670580645161
2027.634607142857
2068.301645161291
1620.91265
1733.9793911550469
1708.0000166666669
1381.492
1327.348483870968
1286.082533333333
1262.3039677419351
1266.371366666667
1461.782516129032
1895.712193548387
2371.59515384615
2145.907483870968
1804.6499
1520.1559
1691.0000166666669
1627.288903225807
1554.246439125911
1453.650603950617
1294.734741935484
1306.7213
1527.359483870968
1961.49664516129
2310.461107142857
2136.821032258064
1667.337633333333
1552.318806451613
1580.926266666667
1605.381419354839
1585.856870967742
1562.586066666667
1536.419709677419
1533.3589
1695.45135483871
2163.691225806452
2504.607928571429
2456.191612903226
2600.2186
2086.26264516129
2135.1404666666667
2146.011612903226
2205.276903225807
2034.762733333333
1941.075935483871
1968.6831666666671
1888.413935483871
2041.195677419355
2572.0727500000003
2517.4972258064518
1986.1696666666671
1856.525064516129
1924.7102
1914.090483870968
1863.927161290323
1781.6691
1773.985967741935
1873.690133333333
2072.169419354839
2177.500096774194
2788.36003571429
2336.419
2213.9255000000003
2200.824290322581
2149.795933333333
2217.517580645161
2335.1243225806447
2352.265185185185
2293.656838709678
2348.567033333333
2484.517838709677
2561.0990967741927
2997.01346428571
2848.255967741936
2499.266333333333
2417.259225806452
2520.983666666667
2538.932935483871
2511.778290322581
2428.3270666666667
2261.526903225807
2388.4195333333328
2362.503258064516
2506.04638709677
2812.499892857143
2813.203161290322
2801.460933333333
2631.673225806452
2886.697433333333
2646.206161290323
2683.422838709678
2476.6987
2319.60435483871
2132.9355
2217.728225806452
2282.29635483871
2751.761892857143
2571.543161290323
2587.572866666667
2974.8304193548393
3013.909533333334
2641.324774193548
2549.932774193548
2350.5627
2112.729451612903
2191.207166666667
2503.047516129032
2500.792290322581
2722.2675
3014.387612903226
2941.2844999999998
2543.780612903226
2707.195733333333
2664.4069032258058
2047.032709677419
1816.673333333333
1720.106838709677
1677.463433333333
1861.073516129032
