1168.413629629629
6057.410857142857
6538.304451612903
1725.6027916666671
992.342290322581
923.589833333333
841.278580645161
762.432451612903
704.7081000000001
648.867
679.3198
781.590580645161
1375.440451612903
5859.691678571429
5751.783225806452
1684.754366666667
902.849483870968
856.4911
769.192129032258
683.93664516129
582.790533333334
561.923903225806
525.3535999999999
614.454677419355
1191.0277741935479
7012.9705
6853.1847419354835
1616.7893333333332
894.019548387097
776.020633333333
674.927548387097
610.499096774194
552.671966666667
500.00990322580606
535.0321333333329
633.276612903226
1171.3193870967739
7215.878846153846
6032.334375
1581.175074074074
1057.4270000000001
1029.190533333333
1600.654161290323
2049.986806451613
2011.380333333333
1800.870489614984
1815.138
2610.590774193548
3681.490454545455
6940.74875
6337.984451612903
1867.735566666667
979.689967741935
895.5341
853.930548387097
687.314451612903
674.930066666667
598.933935483871
578.2537
697.6220000000001
1668.5502580645161
5895.787607142857
6816.374193548387
1965.0032
981.048129032258
933.755266666666
826.835064516129
747.365838709677
685.1465000000001
683.0124516129031
695.7060666666671
762.994935483871
1188.504451612903
6293.5555
5552.743709677419
1486.5477333333329
641.593612903226
565.3681
448.683161290323
411.932548387097
364.138266666667
339.231032258065
393.183033333333
512.233612903226
1191.138896551724
6080.284428571429
6256.089322580645
1456.254333333333
530.615677419355
527.971366666667
489.096580645161
460.395870967742
426.1098
459.64351612903204
672.103433333333
1043.20264516129
1948.756258064516
6152.1615
5603.245451612903
1342.530066666667
555.447
537.407366666667
514.2492903225809
515.0730645161291
485.386566666667
459.18658064516103
493.83140000000003
552.315193548387
1298.36864516129
6054.6678571428565
6144.244129032258
1556.934066666667
591.469225806452
561.3405
546.51464516129
509.64496774193594
470.4486999999999
445.45022580645195
470.50919999999996
639.466129032258
1164.670580645161
5483.634607142857
5541.301645161291
1549.91265
976.979391155047
935.000016666667
606.492
560.348483870968
519.082533333333
493.303967741935
499.371366666667
698.782516129032
1386.712193548387
5753.59515384615
5871.907483870968
1659.6499
769.1559
928.000016666667
859.288903225807
786.246439125911
686.650603950617
526.734741935484
539.7212999999999
765.359483870968
1413.49664516129
6286.461107142857
6318.8210322580635
1528.337633333333
736.318806451613
720.9262666666671
682.381419354839
671.856870967742
616.586066666667
599.419709677419
637.3589
830.45135483871
1627.6912258064522
7549.6079285714295
7628.191612903226
1930.2186000000002
1067.26264516129
1002.140466666667
931.011612903226
929.276903225807
814.762733333333
794.075935483871
802.683166666667
860.413935483871
1386.195677419355
6366.07275
7203.497225806452
1857.1696666666671
895.525064516129
821.7102
850.090483870968
792.927161290323
742.6691
705.985967741935
844.690133333333
1079.169419354839
1630.500096774194
8098.36003571429
5746.419
1860.9255
1045.824290322581
968.795933333333
935.517580645161
1715.124322580645
2182.265185185185
1918.6568387096781
1633.567033333333
1641.517838709677
2348.0990967741927
6649.01346428571
5916.255967741936
1896.266333333333
1018.2592258064519
999.983666666667
955.932935483871
1262.7782903225811
1407.327066666667
1070.526903225807
1095.419533333333
1352.503258064516
2206.04638709677
6588.499892857143
7257.203161290322
2149.460933333333
1188.6732258064521
1173.697433333333
1153.206161290323
1107.422838709678
1755.6987
1692.6043548387102
1570.9355
1746.728225806452
2271.29635483871
6460.761892857143
6859.543161290323
1915.5728666666669
1068.830419354839
1012.9095333333339
966.324774193548
1359.932774193548
2051.5627
2032.7294516129032
1948.207166666667
2356.047516129032
2970.792290322581
6977.2675
6743.387612903226
1870.2845
911.780612903226
880.195733333333
877.406903225806
818.032709677419
768.673333333333
752.106838709677
787.463433333333
1019.073516129032
