7.712786885245902
3.004426229508197
0.4216393442622951
1.4672131147540983
2.970983606557377
28.256393442622947
592.7859154929578
1979.0281690140846
1301.619718309859
304.04647887323944
63.12239436619718
28.43633802816902
7.712786885245902
3.004426229508197
0.4216393442622951
1.4672131147540983
2.970983606557377
28.256393442622947
592.7859154929578
1979.0281690140846
1301.619718309859
304.04647887323944
63.12239436619718
28.43633802816902
7.712786885245902
3.004426229508197
0.4216393442622951
1.4672131147540983
2.970983606557377
28.256393442622947
592.7859154929578
1979.0281690140846
1301.619718309859
304.04647887323944
63.12239436619718
28.43633802816902
7.712786885245902
3.004426229508197
0.4216393442622951
1.4672131147540983
2.970983606557377
28.256393442622947
592.7859154929578
1979.0281690140846
1301.619718309859
304.04647887323944
63.12239436619718
28.43633802816902
7.712786885245902
3.004426229508197
0.4216393442622951
1.4672131147540983
2.970983606557377
28.256393442622947
592.7859154929578
1979.0281690140846
1301.619718309859
304.04647887323944
63.12239436619718
28.43633802816902
7.712786885245902
3.004426229508197
0.4216393442622951
1.4672131147540983
2.970983606557377
28.256393442622947
592.7859154929578
1979.0281690140846
1301.619718309859
304.04647887323944
63.12239436619718
28.43633802816902
7.712786885245902
3.004426229508197
0.4216393442622951
1.4672131147540983
2.970983606557377
28.256393442622947
592.7859154929578
1979.0281690140846
1301.619718309859
304.04647887323944
63.12239436619718
28.43633802816902
7.712786885245902
3.004426229508197
0.4216393442622951
1.4672131147540983
2.970983606557377
28.256393442622947
592.7859154929578
1979.0281690140846
1301.619718309859
304.04647887323944
63.12239436619718
28.43633802816902
7.712786885245902
3.004426229508197
0.4216393442622951
1.4672131147540983
2.970983606557377
28.256393442622947
592.7859154929578
1979.0281690140846
1301.619718309859
304.04647887323944
63.12239436619718
28.43633802816902
7.712786885245902
3.004426229508197
0.4216393442622951
1.4672131147540983
2.970983606557377
28.256393442622947
592.7859154929578
1979.0281690140846
1301.619718309859
304.04647887323944
63.12239436619718
28.43633802816902
7.712786885245902
3.004426229508197
0.4216393442622951
1.4672131147540983
2.970983606557377
28.256393442622947
592.7859154929578
1979.0281690140846
1301.619718309859
304.04647887323944
63.12239436619718
28.43633802816902
7.712786885245902
3.004426229508197
0.4216393442622951
1.4672131147540983
2.970983606557377
28.256393442622947
592.7859154929578
1979.0281690140846
1301.619718309859
304.04647887323944
63.12239436619718
28.43633802816902
7.712786885245902
3.004426229508197
0.4216393442622951
1.4672131147540983
2.970983606557377
28.256393442622947
592.7859154929578
1979.0281690140846
1301.619718309859
304.04647887323944
63.12239436619718
28.43633802816902
7.712786885245902
3.004426229508197
0.4216393442622951
1.4672131147540983
2.970983606557377
28.256393442622947
592.7859154929578
1979.0281690140846
1301.619718309859
304.04647887323944
63.12239436619718
28.43633802816902
7.712786885245902
3.004426229508197
0.4216393442622951
1.4672131147540983
2.970983606557377
28.256393442622947
592.7859154929578
1979.0281690140846
1301.619718309859
304.04647887323944
63.12239436619718
28.43633802816902
7.712786885245902
3.004426229508197
0.4216393442622951
1.4672131147540983
2.970983606557377
28.256393442622947
592.7859154929578
1979.0281690140846
1301.619718309859
304.04647887323944
63.12239436619718
28.43633802816902
7.712786885245902
3.004426229508197
0.4216393442622951
1.4672131147540983
2.970983606557377
28.256393442622947
592.7859154929578
1979.0281690140846
1301.619718309859
304.04647887323944
63.12239436619718
28.43633802816902
7.712786885245902
3.004426229508197
0.4216393442622951
1.4672131147540983
2.970983606557377
28.256393442622947
592.7859154929578
1979.0281690140846
1301.619718309859
304.04647887323944
63.12239436619718
28.43633802816902
7.712786885245902
3.004426229508197
0.4216393442622951
1.4672131147540983
2.970983606557377
28.256393442622947
592.7859154929578
1979.0281690140846
1301.619718309859
304.04647887323944
63.12239436619718
28.43633802816902
7.712786885245902
3.004426229508197
0.4216393442622951
1.4672131147540983
2.970983606557377
28.256393442622947
592.7859154929578
1979.0281690140846
1301.619718309859
304.04647887323944
63.12239436619718
28.43633802816902
