1010.799988
776.299988
793.299988
1160.599976
1045.699951
763.400024
569.099976
535.0
844.400024
1120.099976
1065.199951
1083.300049
1010.799988
776.299988
793.299988
1160.599976
1045.699951
763.400024
569.099976
535.0
844.400024
1120.099976
1065.199951
1083.300049
1010.799988
776.299988
793.299988
1160.599976
1045.699951
763.400024
569.099976
535.0
844.400024
1120.099976
1065.199951
1083.300049
1010.799988
776.299988
793.299988
1160.599976
1045.699951
763.400024
569.099976
535.0
844.400024
1120.099976
1065.199951
1083.300049
1010.799988
776.299988
793.299988
1160.599976
1045.699951
763.400024
569.099976
535.0
844.400024
1120.099976
1065.199951
1083.300049
1010.799988
776.299988
793.299988
1160.599976
1045.699951
763.400024
569.099976
535.0
844.400024
1120.099976
1065.199951
1083.300049
1010.799988
776.299988
793.299988
1160.599976
1045.699951
763.400024
569.099976
535.0
844.400024
1120.099976
1065.199951
1083.300049
1010.799988
776.299988
793.299988
1160.599976
1045.699951
763.400024
569.099976
535.0
844.400024
1120.099976
1065.199951
1083.300049
1010.799988
776.299988
793.299988
1160.599976
1045.699951
763.400024
569.099976
535.0
844.400024
1120.099976
1065.199951
1083.300049
1010.799988
776.299988
793.299988
1160.599976
1045.699951
763.400024
569.099976
535.0
844.400024
1120.099976
1065.199951
1083.300049
1010.799988
776.299988
793.299988
1160.599976
1045.699951
763.400024
569.099976
535.0
844.400024
1120.099976
1065.199951
1083.300049
1010.799988
776.299988
793.299988
1160.599976
1045.699951
763.400024
569.099976
535.0
844.400024
1120.099976
1065.199951
1083.300049
1010.799988
776.299988
793.299988
1160.599976
1045.699951
763.400024
569.099976
535.0
844.400024
1120.099976
1065.199951
1083.300049
1010.799988
776.299988
793.299988
1160.599976
1045.699951
763.400024
569.099976
535.0
844.400024
1120.099976
1065.199951
1083.300049
1010.799988
776.299988
793.299988
1160.599976
1045.699951
763.400024
569.099976
535.0
844.400024
1120.099976
1065.199951
1083.300049
1010.799988
776.299988
793.299988
1160.599976
1045.699951
763.400024
569.099976
535.0
844.400024
1120.099976
1065.199951
1083.300049
1010.799988
776.299988
793.299988
1160.599976
1045.699951
763.400024
569.099976
535.0
844.400024
1120.099976
1065.199951
1083.300049
1010.799988
776.299988
793.299988
1160.599976
1045.699951
763.400024
569.099976
535.0
844.400024
1120.099976
1065.199951
1083.300049
1010.799988
776.299988
793.299988
1160.599976
1045.699951
763.400024
569.099976
535.0
844.400024
1120.099976
1065.199951
1083.300049
1010.799988
776.299988
793.299988
1160.599976
1045.699951
763.400024
569.099976
535.0
844.400024
1120.099976
1065.199951
1083.300049
