111
72
56
55
86
254
1006
2160
1698
932
377
195
111
72
56
55
86
254
1006
2160
1698
932
377
195
111
72
56
55
86
254
1006
2160
1698
932
377
195
111
72
56
55
86
254
1006
2160
1698
932
377
195
111
72
56
55
86
254
1006
2160
1698
932
377
195
111
72
56
55
86
254
1006
2160
1698
932
377
195
111
72
56
55
86
254
1006
2160
1698
932
377
195
111
72
56
55
86
254
1006
2160
1698
932
377
195
111
72
56
55
86
254
1006
2160
1698
932
377
195
111
72
56
55
86
254
1006
2160
1698
932
377
195
111
72
56
55
86
254
1006
2160
1698
932
377
195
111
72
56
55
86
254
1006
2160
1698
932
377
195
111
72
56
55
86
254
1006
2160
1698
932
377
195
111
72
56
55
86
254
1006
2160
1698
932
377
195
111
72
56
55
86
254
1006
2160
1698
932
377
195
111
72
56
55
86
254
1006
2160
1698
932
377
195
111
72
56
55
86
254
1006
2160
1698
932
377
195
111
72
56
55
86
254
1006
2160
1698
932
377
195
111
72
56
55
86
254
1006
2160
1698
932
377
195
111
72
56
55
86
254
1006
2160
1698
932
377
195
