28.37514934
19.84126984
8.21385902
6.944444444
10.82735962
22.37654321
20.16129032
16.05436081
30.47839506
37.70908005
38.96604938
35.09557945
28.37514934
19.84126984
8.21385902
6.944444444
10.82735962
22.37654321
20.16129032
16.05436081
30.47839506
37.70908005
38.96604938
35.09557945
28.37514934
19.84126984
8.21385902
6.944444444
10.82735962
22.37654321
20.16129032
16.05436081
30.47839506
37.70908005
38.96604938
35.09557945
28.37514934
19.84126984
8.21385902
6.944444444
10.82735962
22.37654321
20.16129032
16.05436081
30.47839506
37.70908005
38.96604938
35.09557945
28.37514934
19.84126984
8.21385902
6.944444444
10.82735962
22.37654321
20.16129032
16.05436081
30.47839506
37.70908005
38.96604938
35.09557945
28.37514934
19.84126984
8.21385902
6.944444444
10.82735962
22.37654321
20.16129032
16.05436081
30.47839506
37.70908005
38.96604938
35.09557945
28.37514934
19.84126984
8.21385902
6.944444444
10.82735962
22.37654321
20.16129032
16.05436081
30.47839506
37.70908005
38.96604938
35.09557945
28.37514934
19.84126984
8.21385902
6.944444444
10.82735962
22.37654321
20.16129032
16.05436081
30.47839506
37.70908005
38.96604938
35.09557945
28.37514934
19.84126984
8.21385902
6.944444444
10.82735962
22.37654321
20.16129032
16.05436081
30.47839506
37.70908005
38.96604938
35.09557945
28.37514934
19.84126984
8.21385902
6.944444444
10.82735962
22.37654321
20.16129032
16.05436081
30.47839506
37.70908005
38.96604938
35.09557945
28.37514934
19.84126984
8.21385902
6.944444444
10.82735962
22.37654321
20.16129032
16.05436081
30.47839506
37.70908005
38.96604938
35.09557945
28.37514934
19.84126984
8.21385902
6.944444444
10.82735962
22.37654321
20.16129032
16.05436081
30.47839506
37.70908005
38.96604938
35.09557945
28.37514934
19.84126984
8.21385902
6.944444444
10.82735962
22.37654321
20.16129032
16.05436081
30.47839506
37.70908005
38.96604938
35.09557945
28.37514934
19.84126984
8.21385902
6.944444444
10.82735962
22.37654321
20.16129032
16.05436081
30.47839506
37.70908005
38.96604938
35.09557945
28.37514934
19.84126984
8.21385902
6.944444444
10.82735962
22.37654321
20.16129032
16.05436081
30.47839506
37.70908005
38.96604938
35.09557945
28.37514934
19.84126984
8.21385902
6.944444444
10.82735962
22.37654321
20.16129032
16.05436081
30.47839506
37.70908005
38.96604938
35.09557945
28.37514934
19.84126984
8.21385902
6.944444444
10.82735962
22.37654321
20.16129032
16.05436081
30.47839506
37.70908005
38.96604938
35.09557945
28.37514934
19.84126984
8.21385902
6.944444444
10.82735962
22.37654321
20.16129032
16.05436081
30.47839506
37.70908005
38.96604938
35.09557945
28.37514934
19.84126984
8.21385902
6.944444444
10.82735962
22.37654321
20.16129032
16.05436081
30.47839506
37.70908005
38.96604938
35.09557945
28.37514934
19.84126984
8.21385902
6.944444444
10.82735962
22.37654321
20.16129032
16.05436081
30.47839506
37.70908005
38.96604938
35.09557945
