9.2637
6.3979
6.9387
4.6224
0.89304
0.0
0.0
0.0
25.791
40.533
16.996
12.994
9.2637
6.3979
6.9387
4.6224
0.89304
0.0
0.0
0.0
25.791
40.533
16.996
12.994
9.2637
6.3979
6.9387
4.6224
0.89304
0.0
0.0
0.0
25.791
40.533
16.996
12.994
9.2637
6.3979
6.9387
4.6224
0.89304
0.0
0.0
0.0
25.791
40.533
16.996
12.994
9.2637
6.3979
6.9387
4.6224
0.89304
0.0
0.0
0.0
25.791
40.533
16.996
12.994
9.2637
6.3979
6.9387
4.6224
0.89304
0.0
0.0
0.0
25.791
40.533
16.996
12.994
9.2637
6.3979
6.9387
4.6224
0.89304
0.0
0.0
0.0
25.791
40.533
16.996
12.994
9.2637
6.3979
6.9387
4.6224
0.89304
0.0
0.0
0.0
25.791
40.533
16.996
12.994
9.2637
6.3979
6.9387
4.6224
0.89304
0.0
0.0
0.0
25.791
40.533
16.996
12.994
9.2637
6.3979
6.9387
4.6224
0.89304
0.0
0.0
0.0
25.791
40.533
16.996
12.994
9.2637
6.3979
6.9387
4.6224
0.89304
0.0
0.0
0.0
25.791
40.533
16.996
12.994
9.2637
6.3979
6.9387
4.6224
0.89304
0.0
0.0
0.0
25.791
40.533
16.996
12.994
9.2637
6.3979
6.9387
4.6224
0.89304
0.0
0.0
0.0
25.791
40.533
16.996
12.994
9.2637
6.3979
6.9387
4.6224
0.89304
0.0
0.0
0.0
25.791
40.533
16.996
12.994
9.2637
6.3979
6.9387
4.6224
0.89304
0.0
0.0
0.0
25.791
40.533
16.996
12.994
9.2637
6.3979
6.9387
4.6224
0.89304
0.0
0.0
0.0
25.791
40.533
16.996
12.994
9.2637
6.3979
6.9387
4.6224
0.89304
0.0
0.0
0.0
25.791
40.533
16.996
12.994
9.2637
6.3979
6.9387
4.6224
0.89304
0.0
0.0
0.0
25.791
40.533
16.996
12.994
9.2637
6.3979
6.9387
4.6224
0.89304
0.0
0.0
0.0
25.791
40.533
16.996
12.994
9.2637
6.3979
6.9387
4.6224
0.89304
0.0
0.0
0.0
25.791
40.533
16.996
12.994
