8.083828457499107500e+00
8.083828457499107500e+00
8.083828457499107500e+00
8.083828457499107500e+00
8.083828457499107500e+00
8.083828457499107500e+00
8.083828457499107500e+00
8.083828457499107500e+00
8.083828457499107500e+00
8.083828457499107500e+00
8.083828457499107500e+00
8.083828457499107500e+00
8.295624763085584163e+00
8.295624763085584163e+00
8.295624763085584163e+00
8.295624763085584163e+00
8.295624763085584163e+00
8.295624763085584163e+00
8.295624763085584163e+00
8.295624763085584163e+00
8.295624763085584163e+00
8.295624763085584163e+00
8.295624763085584163e+00
8.295624763085584163e+00
8.510481444449501609e+00
8.510481444449501609e+00
8.510481444449501609e+00
8.510481444449501609e+00
8.510481444449501609e+00
8.510481444449501609e+00
8.510481444449501609e+00
8.510481444449501609e+00
8.510481444449501609e+00
8.510481444449501609e+00
8.510481444449501609e+00
8.510481444449501609e+00
8.728349769427408589e+00
8.728349769427408589e+00
8.728349769427408589e+00
8.728349769427408589e+00
8.728349769427408589e+00
8.728349769427408589e+00
8.728349769427408589e+00
8.728349769427408589e+00
8.728349769427408589e+00
8.728349769427408589e+00
8.728349769427408589e+00
8.728349769427408589e+00
8.949177018593921673e+00
8.949177018593921673e+00
8.949177018593921673e+00
8.949177018593921673e+00
8.949177018593921673e+00
8.949177018593921673e+00
8.949177018593921673e+00
8.949177018593921673e+00
8.949177018593921673e+00
8.949177018593921673e+00
8.949177018593921673e+00
8.949177018593921673e+00
9.172906444058769537e+00
9.172906444058769537e+00
9.172906444058769537e+00
9.172906444058769537e+00
9.172906444058769537e+00
9.172906444058769537e+00
9.172906444058769537e+00
9.172906444058769537e+00
9.172906444058769537e+00
9.172906444058769537e+00
9.172906444058769537e+00
9.172906444058769537e+00
9.399477233227020889e+00
9.399477233227020889e+00
9.399477233227020889e+00
9.399477233227020889e+00
9.399477233227020889e+00
9.399477233227020889e+00
9.399477233227020889e+00
9.399477233227020889e+00
9.399477233227020889e+00
9.399477233227020889e+00
9.399477233227020889e+00
9.399477233227020889e+00
9.627884529994437557e+00
9.627884529994437557e+00
9.627884529994437557e+00
9.627884529994437557e+00
9.627884529994437557e+00
9.627884529994437557e+00
9.627884529994437557e+00
9.627884529994437557e+00
9.627884529994437557e+00
9.627884529994437557e+00
9.627884529994437557e+00
9.627884529994437557e+00
9.858953758714303461e+00
9.858953758714303461e+00
9.858953758714303461e+00
9.858953758714303461e+00
9.858953758714303461e+00
9.858953758714303461e+00
9.858953758714303461e+00
9.858953758714303461e+00
9.858953758714303461e+00
9.858953758714303461e+00
9.858953758714303461e+00
9.858953758714303461e+00
1.009261096279583292e+01
1.009261096279583292e+01
1.009261096279583292e+01
1.009261096279583292e+01
1.009261096279583292e+01
1.009261096279583292e+01
1.009261096279583292e+01
1.009261096279583292e+01
1.009261096279583292e+01
1.009261096279583292e+01
1.009261096279583292e+01
1.009261096279583292e+01
1.032877805932525561e+01
1.032877805932525561e+01
1.032877805932525561e+01
1.032877805932525561e+01
1.032877805932525561e+01
1.032877805932525561e+01
1.032877805932525561e+01
1.032877805932525561e+01
1.032877805932525561e+01
1.032877805932525561e+01
1.032877805932525561e+01
1.032877805932525561e+01
1.056633995468973630e+01
1.056633995468973630e+01
1.056633995468973630e+01
1.056633995468973630e+01
1.056633995468973630e+01
1.056633995468973630e+01
1.056633995468973630e+01
1.056633995468973630e+01
1.056633995468973630e+01
1.056633995468973630e+01
1.056633995468973630e+01
1.056633995468973630e+01
1.080619587166119366e+01
1.080619587166119366e+01
1.080619587166119366e+01
1.080619587166119366e+01
1.080619587166119366e+01
1.080619587166119366e+01
1.080619587166119366e+01
1.080619587166119366e+01
1.080619587166119366e+01
1.080619587166119366e+01
1.080619587166119366e+01
1.080619587166119366e+01
1.104717403959923772e+01
1.104717403959923772e+01
1.104717403959923772e+01
1.104717403959923772e+01
1.104717403959923772e+01
1.104717403959923772e+01
1.104717403959923772e+01
1.104717403959923772e+01
1.104717403959923772e+01
1.104717403959923772e+01
1.104717403959923772e+01
1.104717403959923772e+01
1.129021186847042024e+01
1.129021186847042024e+01
1.129021186847042024e+01
1.129021186847042024e+01
1.129021186847042024e+01
1.129021186847042024e+01
1.129021186847042024e+01
1.129021186847042024e+01
1.129021186847042024e+01
1.129021186847042024e+01
1.129021186847042024e+01
1.129021186847042024e+01
1.153408044482938166e+01
1.153408044482938166e+01
1.153408044482938166e+01
1.153408044482938166e+01
1.153408044482938166e+01
1.153408044482938166e+01
1.153408044482938166e+01
1.153408044482938166e+01
1.153408044482938166e+01
1.153408044482938166e+01
1.153408044482938166e+01
1.153408044482938166e+01
1.177975635830424750e+01
1.177975635830424750e+01
1.177975635830424750e+01
1.177975635830424750e+01
1.177975635830424750e+01
1.177975635830424750e+01
1.177975635830424750e+01
1.177975635830424750e+01
1.177975635830424750e+01
1.177975635830424750e+01
1.177975635830424750e+01
1.177975635830424750e+01
1.202713124182863602e+01
1.202713124182863602e+01
1.202713124182863602e+01
1.202713124182863602e+01
1.202713124182863602e+01
1.202713124182863602e+01
1.202713124182863602e+01
1.202713124182863602e+01
1.202713124182863602e+01
1.202713124182863602e+01
1.202713124182863602e+01
1.202713124182863602e+01
1.227489014541030521e+01
1.227489014541030521e+01
1.227489014541030521e+01
1.227489014541030521e+01
1.227489014541030521e+01
1.227489014541030521e+01
1.227489014541030521e+01
1.227489014541030521e+01
1.227489014541030521e+01
1.227489014541030521e+01
1.227489014541030521e+01
1.227489014541030521e+01
1.252407041536213406e+01
1.252407041536213406e+01
1.252407041536213406e+01
1.252407041536213406e+01
1.252407041536213406e+01
1.252407041536213406e+01
1.252407041536213406e+01
1.252407041536213406e+01
1.252407041536213406e+01
1.252407041536213406e+01
1.252407041536213406e+01
1.252407041536213406e+01
1.277329941662784130e+01
1.277329941662784130e+01
1.277329941662784130e+01
1.277329941662784130e+01
1.277329941662784130e+01
1.277329941662784130e+01
1.277329941662784130e+01
1.277329941662784130e+01
1.277329941662784130e+01
1.277329941662784130e+01
1.277329941662784130e+01
1.277329941662784130e+01
1.302365608519374618e+01
1.302365608519374618e+01
1.302365608519374618e+01
1.302365608519374618e+01
1.302365608519374618e+01
1.302365608519374618e+01
1.302365608519374618e+01
1.302365608519374618e+01
1.302365608519374618e+01
1.302365608519374618e+01
1.302365608519374618e+01
1.302365608519374618e+01
1.327371028202946590e+01
1.327371028202946590e+01
1.327371028202946590e+01
1.327371028202946590e+01
1.327371028202946590e+01
1.327371028202946590e+01
1.327371028202946590e+01
1.327371028202946590e+01
1.327371028202946590e+01
1.327371028202946590e+01
1.327371028202946590e+01
1.327371028202946590e+01
1.352458340635982204e+01
1.352458340635982204e+01
1.352458340635982204e+01
1.352458340635982204e+01
1.352458340635982204e+01
1.352458340635982204e+01
1.352458340635982204e+01
1.352458340635982204e+01
1.352458340635982204e+01
1.352458340635982204e+01
1.352458340635982204e+01
1.352458340635982204e+01
1.377614065771811447e+01
1.377614065771811447e+01
1.377614065771811447e+01
1.377614065771811447e+01
1.377614065771811447e+01
1.377614065771811447e+01
1.377614065771811447e+01
1.377614065771811447e+01
1.377614065771811447e+01
1.377614065771811447e+01
1.377614065771811447e+01
1.377614065771811447e+01
1.402686641768858422e+01
1.402686641768858422e+01
1.402686641768858422e+01
1.402686641768858422e+01
1.402686641768858422e+01
1.402686641768858422e+01
1.402686641768858422e+01
1.402686641768858422e+01
1.402686641768858422e+01
1.402686641768858422e+01
1.402686641768858422e+01
1.402686641768858422e+01
1.427794732656520971e+01
1.427794732656520971e+01
1.427794732656520971e+01
1.427794732656520971e+01
1.427794732656520971e+01
1.427794732656520971e+01
1.427794732656520971e+01
1.427794732656520971e+01
1.427794732656520971e+01
1.427794732656520971e+01
1.427794732656520971e+01
1.427794732656520971e+01
1.452781140478010080e+01
1.452781140478010080e+01
1.452781140478010080e+01
1.452781140478010080e+01
1.452781140478010080e+01
1.452781140478010080e+01
1.452781140478010080e+01
1.452781140478010080e+01
1.452781140478010080e+01
1.452781140478010080e+01
1.452781140478010080e+01
1.452781140478010080e+01
1.477768976094231768e+01
1.477768976094231768e+01
1.477768976094231768e+01
1.477768976094231768e+01
1.477768976094231768e+01
1.477768976094231768e+01
1.477768976094231768e+01
1.477768976094231768e+01
1.477768976094231768e+01
1.477768976094231768e+01
1.477768976094231768e+01
1.477768976094231768e+01
1.502743271790224355e+01
1.502743271790224355e+01
1.502743271790224355e+01
1.502743271790224355e+01
1.502743271790224355e+01
1.502743271790224355e+01
1.502743271790224355e+01
1.502743271790224355e+01
1.502743271790224355e+01
1.502743271790224355e+01
1.502743271790224355e+01
1.502743271790224355e+01
1.527688810101941996e+01
1.527688810101941996e+01
1.527688810101941996e+01
1.527688810101941996e+01
1.527688810101941996e+01
1.527688810101941996e+01
1.527688810101941996e+01
1.527688810101941996e+01
1.527688810101941996e+01
1.527688810101941996e+01
1.527688810101941996e+01
1.527688810101941996e+01
1.552437368825593467e+01
1.552437368825593467e+01
1.552437368825593467e+01
1.552437368825593467e+01
1.552437368825593467e+01
1.552437368825593467e+01
1.552437368825593467e+01
1.552437368825593467e+01
1.552437368825593467e+01
1.552437368825593467e+01
1.552437368825593467e+01
1.552437368825593467e+01
1.577121122989920465e+01
1.577121122989920465e+01
1.577121122989920465e+01
1.577121122989920465e+01
1.577121122989920465e+01
1.577121122989920465e+01
1.577121122989920465e+01
1.577121122989920465e+01
1.577121122989920465e+01
1.577121122989920465e+01
1.577121122989920465e+01
1.577121122989920465e+01
1.601724212508563383e+01
1.601724212508563383e+01
1.601724212508563383e+01
1.601724212508563383e+01
1.601724212508563383e+01
1.601724212508563383e+01
1.601724212508563383e+01
1.601724212508563383e+01
1.601724212508563383e+01
1.601724212508563383e+01
1.601724212508563383e+01
1.601724212508563383e+01
1.626230592959944232e+01
1.626230592959944232e+01
1.626230592959944232e+01
1.626230592959944232e+01
1.626230592959944232e+01
1.626230592959944232e+01
1.626230592959944232e+01
1.626230592959944232e+01
1.626230592959944232e+01
1.626230592959944232e+01
1.626230592959944232e+01
1.626230592959944232e+01
1.650624051854343222e+01
1.650624051854343222e+01
1.650624051854343222e+01
1.650624051854343222e+01
1.650624051854343222e+01
1.650624051854343222e+01
1.650624051854343222e+01
1.650624051854343222e+01
1.650624051854343222e+01
1.650624051854343222e+01
1.650624051854343222e+01
1.650624051854343222e+01
1.674888225416601983e+01
1.674888225416601983e+01
1.674888225416601983e+01
1.674888225416601983e+01
1.674888225416601983e+01
1.674888225416601983e+01
1.674888225416601983e+01
1.674888225416601983e+01
1.674888225416601983e+01
1.674888225416601983e+01
1.674888225416601983e+01
1.674888225416601983e+01
1.699006615862601066e+01
1.699006615862601066e+01
1.699006615862601066e+01
1.699006615862601066e+01
1.699006615862601066e+01
1.699006615862601066e+01
1.699006615862601066e+01
1.699006615862601066e+01
1.699006615862601066e+01
1.699006615862601066e+01
1.699006615862601066e+01
1.699006615862601066e+01
1.722962609146263802e+01
1.722962609146263802e+01
1.722962609146263802e+01
1.722962609146263802e+01
1.722962609146263802e+01
1.722962609146263802e+01
1.722962609146263802e+01
1.722962609146263802e+01
1.722962609146263802e+01
1.722962609146263802e+01
1.722962609146263802e+01
1.722962609146263802e+01
1.746739493152482225e+01
1.746739493152482225e+01
1.746739493152482225e+01
1.746739493152482225e+01
1.746739493152482225e+01
1.746739493152482225e+01
1.746739493152482225e+01
1.746739493152482225e+01
1.746739493152482225e+01
1.746739493152482225e+01
1.746739493152482225e+01
1.746739493152482225e+01
1.770320476310040902e+01
1.770320476310040902e+01
1.770320476310040902e+01
1.770320476310040902e+01
1.770320476310040902e+01
1.770320476310040902e+01
1.770320476310040902e+01
1.770320476310040902e+01
1.770320476310040902e+01
1.770320476310040902e+01
1.770320476310040902e+01
1.770320476310040902e+01
1.793688706597333393e+01
1.793688706597333393e+01
1.793688706597333393e+01
1.793688706597333393e+01
1.793688706597333393e+01
1.793688706597333393e+01
1.793688706597333393e+01
1.793688706597333393e+01
1.793688706597333393e+01
1.793688706597333393e+01
1.793688706597333393e+01
1.793688706597333393e+01
1.816827290912438997e+01
1.816827290912438997e+01
1.816827290912438997e+01
1.816827290912438997e+01
1.816827290912438997e+01
1.816827290912438997e+01
1.816827290912438997e+01
1.816827290912438997e+01
1.816827290912438997e+01
1.816827290912438997e+01
1.816827290912438997e+01
1.816827290912438997e+01
1.839719314777935821e+01
1.839719314777935821e+01
1.839719314777935821e+01
1.839719314777935821e+01
1.839719314777935821e+01
1.839719314777935821e+01
1.839719314777935821e+01
1.839719314777935821e+01
1.839719314777935821e+01
1.839719314777935821e+01
1.839719314777935821e+01
1.839719314777935821e+01
1.862347862349704286e+01
1.862347862349704286e+01
1.862347862349704286e+01
1.862347862349704286e+01
1.862347862349704286e+01
1.862347862349704286e+01
1.862347862349704286e+01
1.862347862349704286e+01
1.862347862349704286e+01
1.862347862349704286e+01
1.862347862349704286e+01
1.862347862349704286e+01
1.884882271484135785e+01
1.884882271484135785e+01
1.884882271484135785e+01
1.884882271484135785e+01
1.884882271484135785e+01
1.884882271484135785e+01
1.884882271484135785e+01
1.884882271484135785e+01
1.884882271484135785e+01
1.884882271484135785e+01
1.884882271484135785e+01
1.884882271484135785e+01
1.907123882287648442e+01
1.907123882287648442e+01
1.907123882287648442e+01
1.907123882287648442e+01
1.907123882287648442e+01
1.907123882287648442e+01
1.907123882287648442e+01
1.907123882287648442e+01
1.907123882287648442e+01
1.907123882287648442e+01
1.907123882287648442e+01
1.907123882287648442e+01
1.929055806933956418e+01
1.929055806933956418e+01
1.929055806933956418e+01
1.929055806933956418e+01
1.929055806933956418e+01
1.929055806933956418e+01
1.929055806933956418e+01
1.929055806933956418e+01
1.929055806933956418e+01
1.929055806933956418e+01
1.929055806933956418e+01
1.929055806933956418e+01
1.950854137552310164e+01
1.950854137552310164e+01
1.950854137552310164e+01
1.950854137552310164e+01
1.950854137552310164e+01
1.950854137552310164e+01
1.950854137552310164e+01
1.950854137552310164e+01
1.950854137552310164e+01
1.950854137552310164e+01
1.950854137552310164e+01
1.950854137552310164e+01
1.972313533065385727e+01
1.972313533065385727e+01
1.972313533065385727e+01
1.972313533065385727e+01
1.972313533065385727e+01
1.972313533065385727e+01
1.972313533065385727e+01
1.972313533065385727e+01
1.972313533065385727e+01
1.972313533065385727e+01
1.972313533065385727e+01
1.972313533065385727e+01
1.993417287869185373e+01
1.993417287869185373e+01
1.993417287869185373e+01
1.993417287869185373e+01
1.993417287869185373e+01
1.993417287869185373e+01
1.993417287869185373e+01
1.993417287869185373e+01
1.993417287869185373e+01
1.993417287869185373e+01
1.993417287869185373e+01
1.993417287869185373e+01
2.014348169391811894e+01
2.014348169391811894e+01
2.014348169391811894e+01
2.014348169391811894e+01
2.014348169391811894e+01
2.014348169391811894e+01
2.014348169391811894e+01
2.014348169391811894e+01
2.014348169391811894e+01
2.014348169391811894e+01
2.014348169391811894e+01
2.014348169391811894e+01
2.034894520719608479e+01
2.034894520719608479e+01
2.034894520719608479e+01
2.034894520719608479e+01
2.034894520719608479e+01
2.034894520719608479e+01
2.034894520719608479e+01
2.034894520719608479e+01
2.034894520719608479e+01
2.034894520719608479e+01
2.034894520719608479e+01
2.034894520719608479e+01
2.055243465926804447e+01
2.055243465926804447e+01
2.055243465926804447e+01
2.055243465926804447e+01
2.055243465926804447e+01
2.055243465926804447e+01
2.055243465926804447e+01
2.055243465926804447e+01
2.055243465926804447e+01
2.055243465926804447e+01
2.055243465926804447e+01
2.055243465926804447e+01
2.075384851892887283e+01
2.075384851892887283e+01
2.075384851892887283e+01
2.075384851892887283e+01
2.075384851892887283e+01
2.075384851892887283e+01
2.075384851892887283e+01
2.075384851892887283e+01
2.075384851892887283e+01
2.075384851892887283e+01
2.075384851892887283e+01
2.075384851892887283e+01
2.095101007985869757e+01
2.095101007985869757e+01
2.095101007985869757e+01
2.095101007985869757e+01
2.095101007985869757e+01
2.095101007985869757e+01
2.095101007985869757e+01
2.095101007985869757e+01
2.095101007985869757e+01
2.095101007985869757e+01
2.095101007985869757e+01
2.095101007985869757e+01
2.114585447360138204e+01
2.114585447360138204e+01
2.114585447360138204e+01
2.114585447360138204e+01
2.114585447360138204e+01
2.114585447360138204e+01
2.114585447360138204e+01
2.114585447360138204e+01
2.114585447360138204e+01
2.114585447360138204e+01
2.114585447360138204e+01
2.114585447360138204e+01
2.133828174931115385e+01
2.133828174931115385e+01
2.133828174931115385e+01
2.133828174931115385e+01
2.133828174931115385e+01
2.133828174931115385e+01
2.133828174931115385e+01
2.133828174931115385e+01
2.133828174931115385e+01
2.133828174931115385e+01
2.133828174931115385e+01
2.133828174931115385e+01
2.152605862870509057e+01
2.152605862870509057e+01
2.152605862870509057e+01
2.152605862870509057e+01
2.152605862870509057e+01
2.152605862870509057e+01
2.152605862870509057e+01
2.152605862870509057e+01
2.152605862870509057e+01
2.152605862870509057e+01
2.152605862870509057e+01
2.152605862870509057e+01
2.171118273291195422e+01
2.171118273291195422e+01
2.171118273291195422e+01
2.171118273291195422e+01
2.171118273291195422e+01
2.171118273291195422e+01
2.171118273291195422e+01
2.171118273291195422e+01
2.171118273291195422e+01
2.171118273291195422e+01
2.171118273291195422e+01
2.171118273291195422e+01
2.189355666786841326e+01
2.189355666786841326e+01
2.189355666786841326e+01
2.189355666786841326e+01
2.189355666786841326e+01
2.189355666786841326e+01
2.189355666786841326e+01
2.189355666786841326e+01
2.189355666786841326e+01
2.189355666786841326e+01
2.189355666786841326e+01
2.189355666786841326e+01
2.207308383254493478e+01
2.207308383254493478e+01
2.207308383254493478e+01
2.207308383254493478e+01
2.207308383254493478e+01
2.207308383254493478e+01
2.207308383254493478e+01
2.207308383254493478e+01
2.207308383254493478e+01
2.207308383254493478e+01
2.207308383254493478e+01
2.207308383254493478e+01
2.224966850320529588e+01
2.224966850320529588e+01
2.224966850320529588e+01
2.224966850320529588e+01
2.224966850320529588e+01
2.224966850320529588e+01
2.224966850320529588e+01
2.224966850320529588e+01
2.224966850320529588e+01
2.224966850320529588e+01
2.224966850320529588e+01
2.224966850320529588e+01
2.242321591753029608e+01
2.242321591753029608e+01
2.242321591753029608e+01
2.242321591753029608e+01
2.242321591753029608e+01
2.242321591753029608e+01
2.242321591753029608e+01
2.242321591753029608e+01
2.242321591753029608e+01
2.242321591753029608e+01
2.242321591753029608e+01
2.242321591753029608e+01
2.259363235850352680e+01
2.259363235850352680e+01
2.259363235850352680e+01
2.259363235850352680e+01
2.259363235850352680e+01
2.259363235850352680e+01
2.259363235850352680e+01
2.259363235850352680e+01
2.259363235850352680e+01
2.259363235850352680e+01
2.259363235850352680e+01
2.259363235850352680e+01
2.276082523795645329e+01
2.276082523795645329e+01
2.276082523795645329e+01
2.276082523795645329e+01
2.276082523795645329e+01
2.276082523795645329e+01
2.276082523795645329e+01
2.276082523795645329e+01
2.276082523795645329e+01
2.276082523795645329e+01
2.276082523795645329e+01
2.276082523795645329e+01
2.292470317966974136e+01
2.292470317966974136e+01
2.292470317966974136e+01
2.292470317966974136e+01
2.292470317966974136e+01
2.292470317966974136e+01
2.292470317966974136e+01
2.292470317966974136e+01
2.292470317966974136e+01
2.292470317966974136e+01
2.292470317966974136e+01
2.292470317966974136e+01
2.308517610192743064e+01
2.308517610192743064e+01
2.308517610192743064e+01
2.308517610192743064e+01
2.308517610192743064e+01
2.308517610192743064e+01
2.308517610192743064e+01
2.308517610192743064e+01
2.308517610192743064e+01
2.308517610192743064e+01
2.308517610192743064e+01
2.308517610192743064e+01
2.324215529942053848e+01
2.324215529942053848e+01
2.324215529942053848e+01
2.324215529942053848e+01
2.324215529942053848e+01
2.324215529942053848e+01
2.324215529942053848e+01
2.324215529942053848e+01
2.324215529942053848e+01
2.324215529942053848e+01
2.324215529942053848e+01
2.324215529942053848e+01
2.339787773992665620e+01
2.339787773992665620e+01
2.339787773992665620e+01
2.339787773992665620e+01
2.339787773992665620e+01
2.339787773992665620e+01
2.339787773992665620e+01
2.339787773992665620e+01
2.339787773992665620e+01
2.339787773992665620e+01
2.339787773992665620e+01
2.339787773992665620e+01
2.354996394523617909e+01
2.354996394523617909e+01
2.354996394523617909e+01
2.354996394523617909e+01
2.354996394523617909e+01
2.354996394523617909e+01
2.354996394523617909e+01
2.354996394523617909e+01
2.354996394523617909e+01
2.354996394523617909e+01
2.354996394523617909e+01
2.354996394523617909e+01
2.369832871809116526e+01
2.369832871809116526e+01
2.369832871809116526e+01
2.369832871809116526e+01
2.369832871809116526e+01
2.369832871809116526e+01
2.369832871809116526e+01
2.369832871809116526e+01
2.369832871809116526e+01
2.369832871809116526e+01
2.369832871809116526e+01
2.369832871809116526e+01
2.384288852327152242e+01
2.384288852327152242e+01
2.384288852327152242e+01
2.384288852327152242e+01
2.384288852327152242e+01
2.384288852327152242e+01
2.384288852327152242e+01
2.384288852327152242e+01
2.384288852327152242e+01
2.384288852327152242e+01
2.384288852327152242e+01
2.384288852327152242e+01
2.398594585441115257e+01
2.398594585441115257e+01
2.398594585441115257e+01
2.398594585441115257e+01
2.398594585441115257e+01
2.398594585441115257e+01
2.398594585441115257e+01
2.398594585441115257e+01
2.398594585441115257e+01
2.398594585441115257e+01
2.398594585441115257e+01
2.398594585441115257e+01
2.412506434036673753e+01
2.412506434036673753e+01
2.412506434036673753e+01
2.412506434036673753e+01
2.412506434036673753e+01
2.412506434036673753e+01
2.412506434036673753e+01
2.412506434036673753e+01
2.412506434036673753e+01
2.412506434036673753e+01
2.412506434036673753e+01
2.412506434036673753e+01
2.426016470067279229e+01
2.426016470067279229e+01
2.426016470067279229e+01
2.426016470067279229e+01
2.426016470067279229e+01
2.426016470067279229e+01
2.426016470067279229e+01
2.426016470067279229e+01
2.426016470067279229e+01
2.426016470067279229e+01
2.426016470067279229e+01
2.426016470067279229e+01
2.439359560652649250e+01
2.439359560652649250e+01
2.439359560652649250e+01
2.439359560652649250e+01
2.439359560652649250e+01
2.439359560652649250e+01
2.439359560652649250e+01
2.439359560652649250e+01
2.439359560652649250e+01
2.439359560652649250e+01
2.439359560652649250e+01
2.439359560652649250e+01
2.452288166324108332e+01
2.452288166324108332e+01
2.452288166324108332e+01
2.452288166324108332e+01
2.452288166324108332e+01
2.452288166324108332e+01
2.452288166324108332e+01
2.452288166324108332e+01
2.452288166324108332e+01
2.452288166324108332e+01
2.452288166324108332e+01
2.452288166324108332e+01
2.465040064788993845e+01
2.465040064788993845e+01
2.465040064788993845e+01
2.465040064788993845e+01
2.465040064788993845e+01
2.465040064788993845e+01
2.465040064788993845e+01
2.465040064788993845e+01
2.465040064788993845e+01
2.465040064788993845e+01
2.465040064788993845e+01
2.465040064788993845e+01
2.477365265112938886e+01
2.477365265112938886e+01
2.477365265112938886e+01
2.477365265112938886e+01
2.477365265112938886e+01
2.477365265112938886e+01
2.477365265112938886e+01
2.477365265112938886e+01
2.477365265112938886e+01
2.477365265112938886e+01
2.477365265112938886e+01
2.477365265112938886e+01
