1.487899956541499336e+01
1.487899956541499336e+01
1.487899956541499336e+01
1.487899956541499336e+01
1.487899956541499336e+01
1.487899956541499336e+01
1.487899956541499336e+01
1.487899956541499336e+01
1.487899956541499336e+01
1.487899956541499336e+01
1.487899956541499336e+01
1.487899956541499336e+01
1.526882935402886687e+01
1.526882935402886687e+01
1.526882935402886687e+01
1.526882935402886687e+01
1.526882935402886687e+01
1.526882935402886687e+01
1.526882935402886687e+01
1.526882935402886687e+01
1.526882935402886687e+01
1.526882935402886687e+01
1.526882935402886687e+01
1.526882935402886687e+01
1.566429203429821371e+01
1.566429203429821371e+01
1.566429203429821371e+01
1.566429203429821371e+01
1.566429203429821371e+01
1.566429203429821371e+01
1.566429203429821371e+01
1.566429203429821371e+01
1.566429203429821371e+01
1.566429203429821371e+01
1.566429203429821371e+01
1.566429203429821371e+01
1.606529791037624832e+01
1.606529791037624832e+01
1.606529791037624832e+01
1.606529791037624832e+01
1.606529791037624832e+01
1.606529791037624832e+01
1.606529791037624832e+01
1.606529791037624832e+01
1.606529791037624832e+01
1.606529791037624832e+01
1.606529791037624832e+01
1.606529791037624832e+01
1.647174994750876564e+01
1.647174994750876564e+01
1.647174994750876564e+01
1.647174994750876564e+01
1.647174994750876564e+01
1.647174994750876564e+01
1.647174994750876564e+01
1.647174994750876564e+01
1.647174994750876564e+01
1.647174994750876564e+01
1.647174994750876564e+01
1.647174994750876564e+01
1.688354369619648310e+01
1.688354369619648310e+01
1.688354369619648310e+01
1.688354369619648310e+01
1.688354369619648310e+01
1.688354369619648310e+01
1.688354369619648310e+01
1.688354369619648310e+01
1.688354369619648310e+01
1.688354369619648310e+01
1.688354369619648310e+01
1.688354369619648310e+01
1.730056722549253578e+01
1.730056722549253578e+01
1.730056722549253578e+01
1.730056722549253578e+01
1.730056722549253578e+01
1.730056722549253578e+01
1.730056722549253578e+01
1.730056722549253578e+01
1.730056722549253578e+01
1.730056722549253578e+01
1.730056722549253578e+01
1.730056722549253578e+01
1.772097100907200584e+01
1.772097100907200584e+01
1.772097100907200584e+01
1.772097100907200584e+01
1.772097100907200584e+01
1.772097100907200584e+01
1.772097100907200584e+01
1.772097100907200584e+01
1.772097100907200584e+01
1.772097100907200584e+01
1.772097100907200584e+01
1.772097100907200584e+01
1.814627431328973373e+01
1.814627431328973373e+01
1.814627431328973373e+01
1.814627431328973373e+01
1.814627431328973373e+01
1.814627431328973373e+01
1.814627431328973373e+01
1.814627431328973373e+01
1.814627431328973373e+01
1.814627431328973373e+01
1.814627431328973373e+01
1.814627431328973373e+01
1.857634101451469988e+01
1.857634101451469988e+01
1.857634101451469988e+01
1.857634101451469988e+01
1.857634101451469988e+01
1.857634101451469988e+01
1.857634101451469988e+01
1.857634101451469988e+01
1.857634101451469988e+01
1.857634101451469988e+01
1.857634101451469988e+01
1.857634101451469988e+01
1.901102739425434507e+01
1.901102739425434507e+01
1.901102739425434507e+01
1.901102739425434507e+01
1.901102739425434507e+01
1.901102739425434507e+01
1.901102739425434507e+01
1.901102739425434507e+01
1.901102739425434507e+01
1.901102739425434507e+01
1.901102739425434507e+01
1.901102739425434507e+01
1.944828102432219552e+01
1.944828102432219552e+01
1.944828102432219552e+01
1.944828102432219552e+01
1.944828102432219552e+01
1.944828102432219552e+01
1.944828102432219552e+01
1.944828102432219552e+01
1.944828102432219552e+01
1.944828102432219552e+01
1.944828102432219552e+01
1.944828102432219552e+01
1.988975700357431009e+01
1.988975700357431009e+01
1.988975700357431009e+01
1.988975700357431009e+01
1.988975700357431009e+01
1.988975700357431009e+01
1.988975700357431009e+01
1.988975700357431009e+01
1.988975700357431009e+01
1.988975700357431009e+01
1.988975700357431009e+01
1.988975700357431009e+01
2.033329858475401863e+01
2.033329858475401863e+01
2.033329858475401863e+01
2.033329858475401863e+01
2.033329858475401863e+01
2.033329858475401863e+01
2.033329858475401863e+01
2.033329858475401863e+01
2.033329858475401863e+01
2.033329858475401863e+01
2.033329858475401863e+01
2.033329858475401863e+01
2.078063115361860724e+01
2.078063115361860724e+01
2.078063115361860724e+01
2.078063115361860724e+01
2.078063115361860724e+01
2.078063115361860724e+01
2.078063115361860724e+01
2.078063115361860724e+01
2.078063115361860724e+01
2.078063115361860724e+01
2.078063115361860724e+01
2.078063115361860724e+01
2.122949278653677041e+01
2.122949278653677041e+01
2.122949278653677041e+01
2.122949278653677041e+01
2.122949278653677041e+01
2.122949278653677041e+01
2.122949278653677041e+01
2.122949278653677041e+01
2.122949278653677041e+01
2.122949278653677041e+01
2.122949278653677041e+01
2.122949278653677041e+01
2.168168098289000412e+01
2.168168098289000412e+01
2.168168098289000412e+01
2.168168098289000412e+01
2.168168098289000412e+01
2.168168098289000412e+01
2.168168098289000412e+01
2.168168098289000412e+01
2.168168098289000412e+01
2.168168098289000412e+01
2.168168098289000412e+01
2.168168098289000412e+01
2.213699628353069571e+01
2.213699628353069571e+01
2.213699628353069571e+01
2.213699628353069571e+01
2.213699628353069571e+01
2.213699628353069571e+01
2.213699628353069571e+01
2.213699628353069571e+01
2.213699628353069571e+01
2.213699628353069571e+01
2.213699628353069571e+01
2.213699628353069571e+01
2.259301840697142794e+01
2.259301840697142794e+01
2.259301840697142794e+01
2.259301840697142794e+01
2.259301840697142794e+01
2.259301840697142794e+01
2.259301840697142794e+01
2.259301840697142794e+01
2.259301840697142794e+01
2.259301840697142794e+01
2.259301840697142794e+01
2.259301840697142794e+01
2.305165668063294859e+01
2.305165668063294859e+01
2.305165668063294859e+01
2.305165668063294859e+01
2.305165668063294859e+01
2.305165668063294859e+01
2.305165668063294859e+01
2.305165668063294859e+01
2.305165668063294859e+01
2.305165668063294859e+01
2.305165668063294859e+01
2.305165668063294859e+01
2.351038464857754562e+01
2.351038464857754562e+01
2.351038464857754562e+01
2.351038464857754562e+01
2.351038464857754562e+01
2.351038464857754562e+01
2.351038464857754562e+01
2.351038464857754562e+01
2.351038464857754562e+01
2.351038464857754562e+01
2.351038464857754562e+01
2.351038464857754562e+01
2.397118818768966619e+01
2.397118818768966619e+01
2.397118818768966619e+01
2.397118818768966619e+01
2.397118818768966619e+01
2.397118818768966619e+01
2.397118818768966619e+01
2.397118818768966619e+01
2.397118818768966619e+01
2.397118818768966619e+01
2.397118818768966619e+01
2.397118818768966619e+01
2.443143500089330900e+01
2.443143500089330900e+01
2.443143500089330900e+01
2.443143500089330900e+01
2.443143500089330900e+01
2.443143500089330900e+01
2.443143500089330900e+01
2.443143500089330900e+01
2.443143500089330900e+01
2.443143500089330900e+01
2.443143500089330900e+01
2.443143500089330900e+01
2.489318912241019177e+01
2.489318912241019177e+01
2.489318912241019177e+01
2.489318912241019177e+01
2.489318912241019177e+01
2.489318912241019177e+01
2.489318912241019177e+01
2.489318912241019177e+01
2.489318912241019177e+01
2.489318912241019177e+01
2.489318912241019177e+01
2.489318912241019177e+01
2.535620244008702073e+01
2.535620244008702073e+01
2.535620244008702073e+01
2.535620244008702073e+01
2.535620244008702073e+01
2.535620244008702073e+01
2.535620244008702073e+01
2.535620244008702073e+01
2.535620244008702073e+01
2.535620244008702073e+01
2.535620244008702073e+01
2.535620244008702073e+01
2.581768532449660469e+01
2.581768532449660469e+01
2.581768532449660469e+01
2.581768532449660469e+01
2.581768532449660469e+01
2.581768532449660469e+01
2.581768532449660469e+01
2.581768532449660469e+01
2.581768532449660469e+01
2.581768532449660469e+01
2.581768532449660469e+01
2.581768532449660469e+01
2.627982189180509565e+01
2.627982189180509565e+01
2.627982189180509565e+01
2.627982189180509565e+01
2.627982189180509565e+01
2.627982189180509565e+01
2.627982189180509565e+01
2.627982189180509565e+01
2.627982189180509565e+01
2.627982189180509565e+01
2.627982189180509565e+01
2.627982189180509565e+01
2.673971877491168314e+01
2.673971877491168314e+01
2.673971877491168314e+01
2.673971877491168314e+01
2.673971877491168314e+01
2.673971877491168314e+01
2.673971877491168314e+01
2.673971877491168314e+01
2.673971877491168314e+01
2.673971877491168314e+01
2.673971877491168314e+01
2.673971877491168314e+01
2.719964193784016260e+01
2.719964193784016260e+01
2.719964193784016260e+01
2.719964193784016260e+01
2.719964193784016260e+01
2.719964193784016260e+01
2.719964193784016260e+01
2.719964193784016260e+01
2.719964193784016260e+01
2.719964193784016260e+01
2.719964193784016260e+01
2.719964193784016260e+01
2.765931588658965978e+01
2.765931588658965978e+01
2.765931588658965978e+01
2.765931588658965978e+01
2.765931588658965978e+01
2.765931588658965978e+01
2.765931588658965978e+01
2.765931588658965978e+01
2.765931588658965978e+01
2.765931588658965978e+01
2.765931588658965978e+01
2.765931588658965978e+01
2.811846053030704695e+01
2.811846053030704695e+01
2.811846053030704695e+01
2.811846053030704695e+01
2.811846053030704695e+01
2.811846053030704695e+01
2.811846053030704695e+01
2.811846053030704695e+01
2.811846053030704695e+01
2.811846053030704695e+01
2.811846053030704695e+01
2.811846053030704695e+01
2.857397959089801986e+01
2.857397959089801986e+01
2.857397959089801986e+01
2.857397959089801986e+01
2.857397959089801986e+01
2.857397959089801986e+01
2.857397959089801986e+01
2.857397959089801986e+01
2.857397959089801986e+01
2.857397959089801986e+01
2.857397959089801986e+01
2.857397959089801986e+01
2.902830586639329979e+01
2.902830586639329979e+01
2.902830586639329979e+01
2.902830586639329979e+01
2.902830586639329979e+01
2.902830586639329979e+01
2.902830586639329979e+01
2.902830586639329979e+01
2.902830586639329979e+01
2.902830586639329979e+01
2.902830586639329979e+01
2.902830586639329979e+01
2.948114743790903702e+01
2.948114743790903702e+01
2.948114743790903702e+01
2.948114743790903702e+01
2.948114743790903702e+01
2.948114743790903702e+01
2.948114743790903702e+01
2.948114743790903702e+01
2.948114743790903702e+01
2.948114743790903702e+01
2.948114743790903702e+01
2.948114743790903702e+01
2.993220899370904675e+01
2.993220899370904675e+01
2.993220899370904675e+01
2.993220899370904675e+01
2.993220899370904675e+01
2.993220899370904675e+01
2.993220899370904675e+01
2.993220899370904675e+01
2.993220899370904675e+01
2.993220899370904675e+01
2.993220899370904675e+01
2.993220899370904675e+01
3.038119212861468199e+01
3.038119212861468199e+01
3.038119212861468199e+01
3.038119212861468199e+01
3.038119212861468199e+01
3.038119212861468199e+01
3.038119212861468199e+01
3.038119212861468199e+01
3.038119212861468199e+01
3.038119212861468199e+01
3.038119212861468199e+01
3.038119212861468199e+01
3.082779565290531920e+01
3.082779565290531920e+01
3.082779565290531920e+01
3.082779565290531920e+01
3.082779565290531920e+01
3.082779565290531920e+01
3.082779565290531920e+01
3.082779565290531920e+01
3.082779565290531920e+01
3.082779565290531920e+01
3.082779565290531920e+01
3.082779565290531920e+01
3.127171591030715447e+01
3.127171591030715447e+01
3.127171591030715447e+01
3.127171591030715447e+01
3.127171591030715447e+01
3.127171591030715447e+01
3.127171591030715447e+01
3.127171591030715447e+01
3.127171591030715447e+01
3.127171591030715447e+01
3.127171591030715447e+01
3.127171591030715447e+01
3.171264710464248537e+01
3.171264710464248537e+01
3.171264710464248537e+01
3.171264710464248537e+01
3.171264710464248537e+01
3.171264710464248537e+01
3.171264710464248537e+01
3.171264710464248537e+01
3.171264710464248537e+01
3.171264710464248537e+01
3.171264710464248537e+01
3.171264710464248537e+01
3.215028163468655009e+01
3.215028163468655009e+01
3.215028163468655009e+01
3.215028163468655009e+01
3.215028163468655009e+01
3.215028163468655009e+01
3.215028163468655009e+01
3.215028163468655009e+01
3.215028163468655009e+01
3.215028163468655009e+01
3.215028163468655009e+01
3.215028163468655009e+01
3.258431043675481931e+01
3.258431043675481931e+01
3.258431043675481931e+01
3.258431043675481931e+01
3.258431043675481931e+01
3.258431043675481931e+01
3.258431043675481931e+01
3.258431043675481931e+01
3.258431043675481931e+01
3.258431043675481931e+01
3.258431043675481931e+01
3.258431043675481931e+01
3.301442333451998223e+01
3.301442333451998223e+01
3.301442333451998223e+01
3.301442333451998223e+01
3.301442333451998223e+01
3.301442333451998223e+01
3.301442333451998223e+01
3.301442333451998223e+01
3.301442333451998223e+01
3.301442333451998223e+01
3.301442333451998223e+01
3.301442333451998223e+01
3.344030939553528725e+01
3.344030939553528725e+01
3.344030939553528725e+01
3.344030939553528725e+01
3.344030939553528725e+01
3.344030939553528725e+01
3.344030939553528725e+01
3.344030939553528725e+01
3.344030939553528725e+01
3.344030939553528725e+01
3.344030939553528725e+01
3.344030939553528725e+01
3.386165729391903056e+01
3.386165729391903056e+01
3.386165729391903056e+01
3.386165729391903056e+01
3.386165729391903056e+01
3.386165729391903056e+01
3.386165729391903056e+01
3.386165729391903056e+01
3.386165729391903056e+01
3.386165729391903056e+01
3.386165729391903056e+01
3.386165729391903056e+01
3.427815567863423496e+01
3.427815567863423496e+01
3.427815567863423496e+01
3.427815567863423496e+01
3.427815567863423496e+01
3.427815567863423496e+01
3.427815567863423496e+01
3.427815567863423496e+01
3.427815567863423496e+01
3.427815567863423496e+01
3.427815567863423496e+01
3.427815567863423496e+01
3.469292136234570734e+01
3.469292136234570734e+01
3.469292136234570734e+01
3.469292136234570734e+01
3.469292136234570734e+01
3.469292136234570734e+01
3.469292136234570734e+01
3.469292136234570734e+01
3.469292136234570734e+01
3.469292136234570734e+01
3.469292136234570734e+01
3.469292136234570734e+01
3.510229783442138540e+01
3.510229783442138540e+01
3.510229783442138540e+01
3.510229783442138540e+01
3.510229783442138540e+01
3.510229783442138540e+01
3.510229783442138540e+01
3.510229783442138540e+01
3.510229783442138540e+01
3.510229783442138540e+01
3.510229783442138540e+01
3.510229783442138540e+01
3.550597425951723096e+01
3.550597425951723096e+01
3.550597425951723096e+01
3.550597425951723096e+01
3.550597425951723096e+01
3.550597425951723096e+01
3.550597425951723096e+01
3.550597425951723096e+01
3.550597425951723096e+01
3.550597425951723096e+01
3.550597425951723096e+01
3.550597425951723096e+01
3.590719176864977413e+01
3.590719176864977413e+01
3.590719176864977413e+01
3.590719176864977413e+01
3.590719176864977413e+01
3.590719176864977413e+01
3.590719176864977413e+01
3.590719176864977413e+01
3.590719176864977413e+01
3.590719176864977413e+01
3.590719176864977413e+01
3.590719176864977413e+01
3.630217087810492416e+01
3.630217087810492416e+01
3.630217087810492416e+01
3.630217087810492416e+01
3.630217087810492416e+01
3.630217087810492416e+01
3.630217087810492416e+01
3.630217087810492416e+01
3.630217087810492416e+01
3.630217087810492416e+01
3.630217087810492416e+01
3.630217087810492416e+01
3.669060410650064341e+01
3.669060410650064341e+01
3.669060410650064341e+01
3.669060410650064341e+01
3.669060410650064341e+01
3.669060410650064341e+01
3.669060410650064341e+01
3.669060410650064341e+01
3.669060410650064341e+01
3.669060410650064341e+01
3.669060410650064341e+01
3.669060410650064341e+01
3.707585544961889923e+01
3.707585544961889923e+01
3.707585544961889923e+01
3.707585544961889923e+01
3.707585544961889923e+01
3.707585544961889923e+01
3.707585544961889923e+01
3.707585544961889923e+01
3.707585544961889923e+01
3.707585544961889923e+01
3.707585544961889923e+01
3.707585544961889923e+01
3.745402917520501518e+01
3.745402917520501518e+01
3.745402917520501518e+01
3.745402917520501518e+01
3.745402917520501518e+01
3.745402917520501518e+01
3.745402917520501518e+01
3.745402917520501518e+01
3.745402917520501518e+01
3.745402917520501518e+01
3.745402917520501518e+01
3.745402917520501518e+01
3.782856946695706313e+01
3.782856946695706313e+01
3.782856946695706313e+01
3.782856946695706313e+01
3.782856946695706313e+01
3.782856946695706313e+01
3.782856946695706313e+01
3.782856946695706313e+01
3.782856946695706313e+01
3.782856946695706313e+01
3.782856946695706313e+01
3.782856946695706313e+01
3.819928944773324275e+01
3.819928944773324275e+01
3.819928944773324275e+01
3.819928944773324275e+01
3.819928944773324275e+01
3.819928944773324275e+01
3.819928944773324275e+01
3.819928944773324275e+01
3.819928944773324275e+01
3.819928944773324275e+01
3.819928944773324275e+01
3.819928944773324275e+01
3.856218269748671190e+01
3.856218269748671190e+01
3.856218269748671190e+01
3.856218269748671190e+01
3.856218269748671190e+01
3.856218269748671190e+01
3.856218269748671190e+01
3.856218269748671190e+01
3.856218269748671190e+01
3.856218269748671190e+01
3.856218269748671190e+01
3.856218269748671190e+01
3.892081099657333709e+01
3.892081099657333709e+01
3.892081099657333709e+01
3.892081099657333709e+01
3.892081099657333709e+01
3.892081099657333709e+01
3.892081099657333709e+01
3.892081099657333709e+01
3.892081099657333709e+01
3.892081099657333709e+01
3.892081099657333709e+01
3.892081099657333709e+01
3.927499037664215109e+01
3.927499037664215109e+01
3.927499037664215109e+01
3.927499037664215109e+01
3.927499037664215109e+01
3.927499037664215109e+01
3.927499037664215109e+01
3.927499037664215109e+01
3.927499037664215109e+01
3.927499037664215109e+01
3.927499037664215109e+01
3.927499037664215109e+01
3.962061029195660211e+01
3.962061029195660211e+01
3.962061029195660211e+01
3.962061029195660211e+01
3.962061029195660211e+01
3.962061029195660211e+01
3.962061029195660211e+01
3.962061029195660211e+01
3.962061029195660211e+01
3.962061029195660211e+01
3.962061029195660211e+01
3.962061029195660211e+01
3.996134754046742898e+01
3.996134754046742898e+01
3.996134754046742898e+01
3.996134754046742898e+01
3.996134754046742898e+01
3.996134754046742898e+01
3.996134754046742898e+01
3.996134754046742898e+01
3.996134754046742898e+01
3.996134754046742898e+01
3.996134754046742898e+01
3.996134754046742898e+01
4.029702285980735610e+01
4.029702285980735610e+01
4.029702285980735610e+01
4.029702285980735610e+01
4.029702285980735610e+01
4.029702285980735610e+01
4.029702285980735610e+01
4.029702285980735610e+01
4.029702285980735610e+01
4.029702285980735610e+01
4.029702285980735610e+01
4.029702285980735610e+01
4.062745844725777289e+01
4.062745844725777289e+01
4.062745844725777289e+01
4.062745844725777289e+01
4.062745844725777289e+01
4.062745844725777289e+01
4.062745844725777289e+01
4.062745844725777289e+01
4.062745844725777289e+01
4.062745844725777289e+01
4.062745844725777289e+01
4.062745844725777289e+01
4.095247811483583433e+01
4.095247811483583433e+01
4.095247811483583433e+01
4.095247811483583433e+01
4.095247811483583433e+01
4.095247811483583433e+01
4.095247811483583433e+01
4.095247811483583433e+01
4.095247811483583433e+01
4.095247811483583433e+01
4.095247811483583433e+01
4.095247811483583433e+01
4.127190744413155699e+01
4.127190744413155699e+01
4.127190744413155699e+01
4.127190744413155699e+01
4.127190744413155699e+01
4.127190744413155699e+01
4.127190744413155699e+01
4.127190744413155699e+01
4.127190744413155699e+01
4.127190744413155699e+01
4.127190744413155699e+01
4.127190744413155699e+01
4.158557394070695779e+01
4.158557394070695779e+01
4.158557394070695779e+01
4.158557394070695779e+01
4.158557394070695779e+01
4.158557394070695779e+01
4.158557394070695779e+01
4.158557394070695779e+01
4.158557394070695779e+01
4.158557394070695779e+01
4.158557394070695779e+01
4.158557394070695779e+01
4.189330718786818863e+01
4.189330718786818863e+01
4.189330718786818863e+01
4.189330718786818863e+01
4.189330718786818863e+01
4.189330718786818863e+01
4.189330718786818863e+01
4.189330718786818863e+01
4.189330718786818863e+01
4.189330718786818863e+01
4.189330718786818863e+01
4.189330718786818863e+01
4.219493899962083816e+01
4.219493899962083816e+01
4.219493899962083816e+01
4.219493899962083816e+01
4.219493899962083816e+01
4.219493899962083816e+01
4.219493899962083816e+01
4.219493899962083816e+01
4.219493899962083816e+01
4.219493899962083816e+01
4.219493899962083816e+01
4.219493899962083816e+01
4.249030357261818125e+01
4.249030357261818125e+01
4.249030357261818125e+01
4.249030357261818125e+01
4.249030357261818125e+01
4.249030357261818125e+01
4.249030357261818125e+01
4.249030357261818125e+01
4.249030357261818125e+01
4.249030357261818125e+01
4.249030357261818125e+01
4.249030357261818125e+01
4.277923763691198644e+01
4.277923763691198644e+01
4.277923763691198644e+01
4.277923763691198644e+01
4.277923763691198644e+01
4.277923763691198644e+01
4.277923763691198644e+01
4.277923763691198644e+01
4.277923763691198644e+01
4.277923763691198644e+01
4.277923763691198644e+01
4.277923763691198644e+01
4.306585852907929990e+01
4.306585852907929990e+01
4.306585852907929990e+01
4.306585852907929990e+01
4.306585852907929990e+01
4.306585852907929990e+01
4.306585852907929990e+01
4.306585852907929990e+01
4.306585852907929990e+01
4.306585852907929990e+01
4.306585852907929990e+01
4.306585852907929990e+01
4.334578660951831353e+01
4.334578660951831353e+01
4.334578660951831353e+01
4.334578660951831353e+01
4.334578660951831353e+01
4.334578660951831353e+01
4.334578660951831353e+01
4.334578660951831353e+01
4.334578660951831353e+01
4.334578660951831353e+01
4.334578660951831353e+01
4.334578660951831353e+01
4.361886506515828188e+01
4.361886506515828188e+01
4.361886506515828188e+01
4.361886506515828188e+01
4.361886506515828188e+01
4.361886506515828188e+01
4.361886506515828188e+01
4.361886506515828188e+01
4.361886506515828188e+01
4.361886506515828188e+01
4.361886506515828188e+01
4.361886506515828188e+01
4.388494014205574700e+01
4.388494014205574700e+01
4.388494014205574700e+01
4.388494014205574700e+01
4.388494014205574700e+01
4.388494014205574700e+01
4.388494014205574700e+01
4.388494014205574700e+01
4.388494014205574700e+01
4.388494014205574700e+01
4.388494014205574700e+01
4.388494014205574700e+01
4.414824978290808133e+01
4.414824978290808133e+01
4.414824978290808133e+01
4.414824978290808133e+01
4.414824978290808133e+01
4.414824978290808133e+01
4.414824978290808133e+01
4.414824978290808133e+01
4.414824978290808133e+01
4.414824978290808133e+01
4.414824978290808133e+01
4.414824978290808133e+01
4.440430963164894962e+01
4.440430963164894962e+01
4.440430963164894962e+01
4.440430963164894962e+01
4.440430963164894962e+01
4.440430963164894962e+01
4.440430963164894962e+01
4.440430963164894962e+01
4.440430963164894962e+01
4.440430963164894962e+01
4.440430963164894962e+01
4.440430963164894962e+01
4.465297376558618225e+01
4.465297376558618225e+01
4.465297376558618225e+01
4.465297376558618225e+01
4.465297376558618225e+01
4.465297376558618225e+01
4.465297376558618225e+01
4.465297376558618225e+01
4.465297376558618225e+01
4.465297376558618225e+01
4.465297376558618225e+01
4.465297376558618225e+01
4.489856512129690458e+01
4.489856512129690458e+01
4.489856512129690458e+01
4.489856512129690458e+01
4.489856512129690458e+01
4.489856512129690458e+01
4.489856512129690458e+01
4.489856512129690458e+01
4.489856512129690458e+01
4.489856512129690458e+01
4.489856512129690458e+01
4.489856512129690458e+01
4.513652751643977723e+01
4.513652751643977723e+01
4.513652751643977723e+01
4.513652751643977723e+01
4.513652751643977723e+01
4.513652751643977723e+01
4.513652751643977723e+01
4.513652751643977723e+01
4.513652751643977723e+01
4.513652751643977723e+01
4.513652751643977723e+01
4.513652751643977723e+01
4.537123745952526122e+01
4.537123745952526122e+01
4.537123745952526122e+01
4.537123745952526122e+01
4.537123745952526122e+01
4.537123745952526122e+01
4.537123745952526122e+01
4.537123745952526122e+01
4.537123745952526122e+01
4.537123745952526122e+01
4.537123745952526122e+01
4.537123745952526122e+01
4.559809364682288901e+01
4.559809364682288901e+01
4.559809364682288901e+01
4.559809364682288901e+01
4.559809364682288901e+01
4.559809364682288901e+01
4.559809364682288901e+01
4.559809364682288901e+01
4.559809364682288901e+01
4.559809364682288901e+01
4.559809364682288901e+01
4.559809364682288901e+01
