5.855875082092316219e+00
5.855875082092316219e+00
5.855875082092316219e+00
5.855875082092316219e+00
5.855875082092316219e+00
5.855875082092316219e+00
5.855875082092316219e+00
5.855875082092316219e+00
5.855875082092316219e+00
5.855875082092316219e+00
5.855875082092316219e+00
5.855875082092316219e+00
6.009299009243134648e+00
6.009299009243134648e+00
6.009299009243134648e+00
6.009299009243134648e+00
6.009299009243134648e+00
6.009299009243134648e+00
6.009299009243134648e+00
6.009299009243134648e+00
6.009299009243134648e+00
6.009299009243134648e+00
6.009299009243134648e+00
6.009299009243134648e+00
6.164939853582532159e+00
6.164939853582532159e+00
6.164939853582532159e+00
6.164939853582532159e+00
6.164939853582532159e+00
6.164939853582532159e+00
6.164939853582532159e+00
6.164939853582532159e+00
6.164939853582532159e+00
6.164939853582532159e+00
6.164939853582532159e+00
6.164939853582532159e+00
6.322762313834244807e+00
6.322762313834244807e+00
6.322762313834244807e+00
6.322762313834244807e+00
6.322762313834244807e+00
6.322762313834244807e+00
6.322762313834244807e+00
6.322762313834244807e+00
6.322762313834244807e+00
6.322762313834244807e+00
6.322762313834244807e+00
6.322762313834244807e+00
6.482728200374251237e+00
6.482728200374251237e+00
6.482728200374251237e+00
6.482728200374251237e+00
6.482728200374251237e+00
6.482728200374251237e+00
6.482728200374251237e+00
6.482728200374251237e+00
6.482728200374251237e+00
6.482728200374251237e+00
6.482728200374251237e+00
6.482728200374251237e+00
6.644796405383607940e+00
6.644796405383607940e+00
6.644796405383607940e+00
6.644796405383607940e+00
6.644796405383607940e+00
6.644796405383607940e+00
6.644796405383607940e+00
6.644796405383607940e+00
6.644796405383607940e+00
6.644796405383607940e+00
6.644796405383607940e+00
6.644796405383607940e+00
6.808922876596582796e+00
6.808922876596582796e+00
6.808922876596582796e+00
6.808922876596582796e+00
6.808922876596582796e+00
6.808922876596582796e+00
6.808922876596582796e+00
6.808922876596582796e+00
6.808922876596582796e+00
6.808922876596582796e+00
6.808922876596582796e+00
6.808922876596582796e+00
6.974379702497880196e+00
6.974379702497880196e+00
6.974379702497880196e+00
6.974379702497880196e+00
6.974379702497880196e+00
6.974379702497880196e+00
6.974379702497880196e+00
6.974379702497880196e+00
6.974379702497880196e+00
6.974379702497880196e+00
6.974379702497880196e+00
6.974379702497880196e+00
7.141764815357829477e+00
7.141764815357829477e+00
7.141764815357829477e+00
7.141764815357829477e+00
7.141764815357829477e+00
7.141764815357829477e+00
7.141764815357829477e+00
7.141764815357829477e+00
7.141764815357829477e+00
7.141764815357829477e+00
7.141764815357829477e+00
7.141764815357829477e+00
7.311024641481809638e+00
7.311024641481809638e+00
7.311024641481809638e+00
7.311024641481809638e+00
7.311024641481809638e+00
7.311024641481809638e+00
7.311024641481809638e+00
7.311024641481809638e+00
7.311024641481809638e+00
7.311024641481809638e+00
7.311024641481809638e+00
7.311024641481809638e+00
7.482102618092484114e+00
7.482102618092484114e+00
7.482102618092484114e+00
7.482102618092484114e+00
7.482102618092484114e+00
7.482102618092484114e+00
7.482102618092484114e+00
7.482102618092484114e+00
7.482102618092484114e+00
7.482102618092484114e+00
7.482102618092484114e+00
7.482102618092484114e+00
7.654190978308610838e+00
7.654190978308610838e+00
7.654190978308610838e+00
7.654190978308610838e+00
7.654190978308610838e+00
7.654190978308610838e+00
7.654190978308610838e+00
7.654190978308610838e+00
7.654190978308610838e+00
7.654190978308610838e+00
7.654190978308610838e+00
7.654190978308610838e+00
7.827941113516216021e+00
7.827941113516216021e+00
7.827941113516216021e+00
7.827941113516216021e+00
7.827941113516216021e+00
7.827941113516216021e+00
7.827941113516216021e+00
7.827941113516216021e+00
7.827941113516216021e+00
7.827941113516216021e+00
7.827941113516216021e+00
7.827941113516216021e+00
8.002504200347628327e+00
8.002504200347628327e+00
8.002504200347628327e+00
8.002504200347628327e+00
8.002504200347628327e+00
8.002504200347628327e+00
8.002504200347628327e+00
8.002504200347628327e+00
8.002504200347628327e+00
8.002504200347628327e+00
8.002504200347628327e+00
8.002504200347628327e+00
8.178559292755275933e+00
8.178559292755275933e+00
8.178559292755275933e+00
8.178559292755275933e+00
8.178559292755275933e+00
8.178559292755275933e+00
8.178559292755275933e+00
8.178559292755275933e+00
8.178559292755275933e+00
8.178559292755275933e+00
8.178559292755275933e+00
8.178559292755275933e+00
8.355216173478789088e+00
8.355216173478789088e+00
8.355216173478789088e+00
8.355216173478789088e+00
8.355216173478789088e+00
8.355216173478789088e+00
8.355216173478789088e+00
8.355216173478789088e+00
8.355216173478789088e+00
8.355216173478789088e+00
8.355216173478789088e+00
8.355216173478789088e+00
8.533182277973887508e+00
8.533182277973887508e+00
8.533182277973887508e+00
8.533182277973887508e+00
8.533182277973887508e+00
8.533182277973887508e+00
8.533182277973887508e+00
8.533182277973887508e+00
8.533182277973887508e+00
8.533182277973887508e+00
8.533182277973887508e+00
8.533182277973887508e+00
8.712379105811338675e+00
8.712379105811338675e+00
8.712379105811338675e+00
8.712379105811338675e+00
8.712379105811338675e+00
8.712379105811338675e+00
8.712379105811338675e+00
8.712379105811338675e+00
8.712379105811338675e+00
8.712379105811338675e+00
8.712379105811338675e+00
8.712379105811338675e+00
8.891854115391051749e+00
8.891854115391051749e+00
8.891854115391051749e+00
8.891854115391051749e+00
8.891854115391051749e+00
8.891854115391051749e+00
8.891854115391051749e+00
8.891854115391051749e+00
8.891854115391051749e+00
8.891854115391051749e+00
8.891854115391051749e+00
8.891854115391051749e+00
9.072358753933489339e+00
9.072358753933489339e+00
9.072358753933489339e+00
9.072358753933489339e+00
9.072358753933489339e+00
9.072358753933489339e+00
9.072358753933489339e+00
9.072358753933489339e+00
9.072358753933489339e+00
9.072358753933489339e+00
9.072358753933489339e+00
9.072358753933489339e+00
9.252898693136765829e+00
9.252898693136765829e+00
9.252898693136765829e+00
9.252898693136765829e+00
9.252898693136765829e+00
9.252898693136765829e+00
9.252898693136765829e+00
9.252898693136765829e+00
9.252898693136765829e+00
9.252898693136765829e+00
9.252898693136765829e+00
9.252898693136765829e+00
9.434255507522246731e+00
9.434255507522246731e+00
9.434255507522246731e+00
9.434255507522246731e+00
9.434255507522246731e+00
9.434255507522246731e+00
9.434255507522246731e+00
9.434255507522246731e+00
9.434255507522246731e+00
9.434255507522246731e+00
9.434255507522246731e+00
9.434255507522246731e+00
9.615393213266674621e+00
9.615393213266674621e+00
9.615393213266674621e+00
9.615393213266674621e+00
9.615393213266674621e+00
9.615393213266674621e+00
9.615393213266674621e+00
9.615393213266674621e+00
9.615393213266674621e+00
9.615393213266674621e+00
9.615393213266674621e+00
9.615393213266674621e+00
9.797124144997415129e+00
9.797124144997415129e+00
9.797124144997415129e+00
9.797124144997415129e+00
9.797124144997415129e+00
9.797124144997415129e+00
9.797124144997415129e+00
9.797124144997415129e+00
9.797124144997415129e+00
9.797124144997415129e+00
9.797124144997415129e+00
9.797124144997415129e+00
9.979350654094366391e+00
9.979350654094366391e+00
9.979350654094366391e+00
9.979350654094366391e+00
9.979350654094366391e+00
9.979350654094366391e+00
9.979350654094366391e+00
9.979350654094366391e+00
9.979350654094366391e+00
9.979350654094366391e+00
9.979350654094366391e+00
9.979350654094366391e+00
1.016097483599888385e+01
1.016097483599888385e+01
1.016097483599888385e+01
1.016097483599888385e+01
1.016097483599888385e+01
1.016097483599888385e+01
1.016097483599888385e+01
1.016097483599888385e+01
1.016097483599888385e+01
1.016097483599888385e+01
1.016097483599888385e+01
1.016097483599888385e+01
1.034285628556326309e+01
1.034285628556326309e+01
1.034285628556326309e+01
1.034285628556326309e+01
1.034285628556326309e+01
1.034285628556326309e+01
1.034285628556326309e+01
1.034285628556326309e+01
1.034285628556326309e+01
1.034285628556326309e+01
1.034285628556326309e+01
1.034285628556326309e+01
1.052385627056061956e+01
1.052385627056061956e+01
1.052385627056061956e+01
1.052385627056061956e+01
1.052385627056061956e+01
1.052385627056061956e+01
1.052385627056061956e+01
1.052385627056061956e+01
1.052385627056061956e+01
1.052385627056061956e+01
1.052385627056061956e+01
1.052385627056061956e+01
1.070486659841426302e+01
1.070486659841426302e+01
1.070486659841426302e+01
1.070486659841426302e+01
1.070486659841426302e+01
1.070486659841426302e+01
1.070486659841426302e+01
1.070486659841426302e+01
1.070486659841426302e+01
1.070486659841426302e+01
1.070486659841426302e+01
1.070486659841426302e+01
1.088577884392746320e+01
1.088577884392746320e+01
1.088577884392746320e+01
1.088577884392746320e+01
1.088577884392746320e+01
1.088577884392746320e+01
1.088577884392746320e+01
1.088577884392746320e+01
1.088577884392746320e+01
1.088577884392746320e+01
1.088577884392746320e+01
1.088577884392746320e+01
1.106648277273665926e+01
1.106648277273665926e+01
1.106648277273665926e+01
1.106648277273665926e+01
1.106648277273665926e+01
1.106648277273665926e+01
1.106648277273665926e+01
1.106648277273665926e+01
1.106648277273665926e+01
1.106648277273665926e+01
1.106648277273665926e+01
1.106648277273665926e+01
1.124575979365499379e+01
1.124575979365499379e+01
1.124575979365499379e+01
1.124575979365499379e+01
1.124575979365499379e+01
1.124575979365499379e+01
1.124575979365499379e+01
1.124575979365499379e+01
1.124575979365499379e+01
1.124575979365499379e+01
1.124575979365499379e+01
1.124575979365499379e+01
1.142456737437410830e+01
1.142456737437410830e+01
1.142456737437410830e+01
1.142456737437410830e+01
1.142456737437410830e+01
1.142456737437410830e+01
1.142456737437410830e+01
1.142456737437410830e+01
1.142456737437410830e+01
1.142456737437410830e+01
1.142456737437410830e+01
1.142456737437410830e+01
1.160279062541434492e+01
1.160279062541434492e+01
1.160279062541434492e+01
1.160279062541434492e+01
1.160279062541434492e+01
1.160279062541434492e+01
1.160279062541434492e+01
1.160279062541434492e+01
1.160279062541434492e+01
1.160279062541434492e+01
1.160279062541434492e+01
1.160279062541434492e+01
1.178031332198318459e+01
1.178031332198318459e+01
1.178031332198318459e+01
1.178031332198318459e+01
1.178031332198318459e+01
1.178031332198318459e+01
1.178031332198318459e+01
1.178031332198318459e+01
1.178031332198318459e+01
1.178031332198318459e+01
1.178031332198318459e+01
1.178031332198318459e+01
1.195701802181293161e+01
1.195701802181293161e+01
1.195701802181293161e+01
1.195701802181293161e+01
1.195701802181293161e+01
1.195701802181293161e+01
1.195701802181293161e+01
1.195701802181293161e+01
1.195701802181293161e+01
1.195701802181293161e+01
1.195701802181293161e+01
1.195701802181293161e+01
1.213278618673358089e+01
1.213278618673358089e+01
1.213278618673358089e+01
1.213278618673358089e+01
1.213278618673358089e+01
1.213278618673358089e+01
1.213278618673358089e+01
1.213278618673358089e+01
1.213278618673358089e+01
1.213278618673358089e+01
1.213278618673358089e+01
1.213278618673358089e+01
1.230749830782254506e+01
1.230749830782254506e+01
1.230749830782254506e+01
1.230749830782254506e+01
1.230749830782254506e+01
1.230749830782254506e+01
1.230749830782254506e+01
1.230749830782254506e+01
1.230749830782254506e+01
1.230749830782254506e+01
1.230749830782254506e+01
1.230749830782254506e+01
1.248103403396284250e+01
1.248103403396284250e+01
1.248103403396284250e+01
1.248103403396284250e+01
1.248103403396284250e+01
1.248103403396284250e+01
1.248103403396284250e+01
1.248103403396284250e+01
1.248103403396284250e+01
1.248103403396284250e+01
1.248103403396284250e+01
1.248103403396284250e+01
1.265327230363152999e+01
1.265327230363152999e+01
1.265327230363152999e+01
1.265327230363152999e+01
1.265327230363152999e+01
1.265327230363152999e+01
1.265327230363152999e+01
1.265327230363152999e+01
1.265327230363152999e+01
1.265327230363152999e+01
1.265327230363152999e+01
1.265327230363152999e+01
1.282409147973055497e+01
1.282409147973055497e+01
1.282409147973055497e+01
1.282409147973055497e+01
1.282409147973055497e+01
1.282409147973055497e+01
1.282409147973055497e+01
1.282409147973055497e+01
1.282409147973055497e+01
1.282409147973055497e+01
1.282409147973055497e+01
1.282409147973055497e+01
1.299336948726299745e+01
1.299336948726299745e+01
1.299336948726299745e+01
1.299336948726299745e+01
1.299336948726299745e+01
1.299336948726299745e+01
1.299336948726299745e+01
1.299336948726299745e+01
1.299336948726299745e+01
1.299336948726299745e+01
1.299336948726299745e+01
1.299336948726299745e+01
1.316098395364869056e+01
1.316098395364869056e+01
1.316098395364869056e+01
1.316098395364869056e+01
1.316098395364869056e+01
1.316098395364869056e+01
1.316098395364869056e+01
1.316098395364869056e+01
1.316098395364869056e+01
1.316098395364869056e+01
1.316098395364869056e+01
1.316098395364869056e+01
1.332681235146466392e+01
1.332681235146466392e+01
1.332681235146466392e+01
1.332681235146466392e+01
1.332681235146466392e+01
1.332681235146466392e+01
1.332681235146466392e+01
1.332681235146466392e+01
1.332681235146466392e+01
1.332681235146466392e+01
1.332681235146466392e+01
1.332681235146466392e+01
1.349073214338767990e+01
1.349073214338767990e+01
1.349073214338767990e+01
1.349073214338767990e+01
1.349073214338767990e+01
1.349073214338767990e+01
1.349073214338767990e+01
1.349073214338767990e+01
1.349073214338767990e+01
1.349073214338767990e+01
1.349073214338767990e+01
1.349073214338767990e+01
1.365397000232267111e+01
1.365397000232267111e+01
1.365397000232267111e+01
1.365397000232267111e+01
1.365397000232267111e+01
1.365397000232267111e+01
1.365397000232267111e+01
1.365397000232267111e+01
1.365397000232267111e+01
1.365397000232267111e+01
1.365397000232267111e+01
1.365397000232267111e+01
1.381508684835007905e+01
1.381508684835007905e+01
1.381508684835007905e+01
1.381508684835007905e+01
1.381508684835007905e+01
1.381508684835007905e+01
1.381508684835007905e+01
1.381508684835007905e+01
1.381508684835007905e+01
1.381508684835007905e+01
1.381508684835007905e+01
1.381508684835007905e+01
1.397396034710610557e+01
1.397396034710610557e+01
1.397396034710610557e+01
1.397396034710610557e+01
1.397396034710610557e+01
1.397396034710610557e+01
1.397396034710610557e+01
1.397396034710610557e+01
1.397396034710610557e+01
1.397396034710610557e+01
1.397396034710610557e+01
1.397396034710610557e+01
1.413186609902840374e+01
1.413186609902840374e+01
1.413186609902840374e+01
1.413186609902840374e+01
1.413186609902840374e+01
1.413186609902840374e+01
1.413186609902840374e+01
1.413186609902840374e+01
1.413186609902840374e+01
1.413186609902840374e+01
1.413186609902840374e+01
1.413186609902840374e+01
1.428731662611771647e+01
1.428731662611771647e+01
1.428731662611771647e+01
1.428731662611771647e+01
1.428731662611771647e+01
1.428731662611771647e+01
1.428731662611771647e+01
1.428731662611771647e+01
1.428731662611771647e+01
1.428731662611771647e+01
1.428731662611771647e+01
1.428731662611771647e+01
1.444019091401717603e+01
1.444019091401717603e+01
1.444019091401717603e+01
1.444019091401717603e+01
1.444019091401717603e+01
1.444019091401717603e+01
1.444019091401717603e+01
1.444019091401717603e+01
1.444019091401717603e+01
1.444019091401717603e+01
1.444019091401717603e+01
1.444019091401717603e+01
1.459181291861435703e+01
1.459181291861435703e+01
1.459181291861435703e+01
1.459181291861435703e+01
1.459181291861435703e+01
1.459181291861435703e+01
1.459181291861435703e+01
1.459181291861435703e+01
1.459181291861435703e+01
1.459181291861435703e+01
1.459181291861435703e+01
1.459181291861435703e+01
1.474064941038422383e+01
1.474064941038422383e+01
1.474064941038422383e+01
1.474064941038422383e+01
1.474064941038422383e+01
1.474064941038422383e+01
1.474064941038422383e+01
1.474064941038422383e+01
1.474064941038422383e+01
1.474064941038422383e+01
1.474064941038422383e+01
1.474064941038422383e+01
1.488805590448806626e+01
1.488805590448806626e+01
1.488805590448806626e+01
1.488805590448806626e+01
1.488805590448806626e+01
1.488805590448806626e+01
1.488805590448806626e+01
1.488805590448806626e+01
1.488805590448806626e+01
1.488805590448806626e+01
1.488805590448806626e+01
1.488805590448806626e+01
1.503395885235204865e+01
1.503395885235204865e+01
1.503395885235204865e+01
1.503395885235204865e+01
1.503395885235204865e+01
1.503395885235204865e+01
1.503395885235204865e+01
1.503395885235204865e+01
1.503395885235204865e+01
1.503395885235204865e+01
1.503395885235204865e+01
1.503395885235204865e+01
1.517678146144939255e+01
1.517678146144939255e+01
1.517678146144939255e+01
1.517678146144939255e+01
1.517678146144939255e+01
1.517678146144939255e+01
1.517678146144939255e+01
1.517678146144939255e+01
1.517678146144939255e+01
1.517678146144939255e+01
1.517678146144939255e+01
1.517678146144939255e+01
1.531792552904087223e+01
1.531792552904087223e+01
1.531792552904087223e+01
1.531792552904087223e+01
1.531792552904087223e+01
1.531792552904087223e+01
1.531792552904087223e+01
1.531792552904087223e+01
1.531792552904087223e+01
1.531792552904087223e+01
1.531792552904087223e+01
1.531792552904087223e+01
1.545731865135514482e+01
1.545731865135514482e+01
1.545731865135514482e+01
1.545731865135514482e+01
1.545731865135514482e+01
1.545731865135514482e+01
1.545731865135514482e+01
1.545731865135514482e+01
1.545731865135514482e+01
1.545731865135514482e+01
1.545731865135514482e+01
1.545731865135514482e+01
1.559334305548707000e+01
1.559334305548707000e+01
1.559334305548707000e+01
1.559334305548707000e+01
1.559334305548707000e+01
1.559334305548707000e+01
1.559334305548707000e+01
1.559334305548707000e+01
1.559334305548707000e+01
1.559334305548707000e+01
1.559334305548707000e+01
1.559334305548707000e+01
1.572744580576425832e+01
1.572744580576425832e+01
1.572744580576425832e+01
1.572744580576425832e+01
1.572744580576425832e+01
1.572744580576425832e+01
1.572744580576425832e+01
1.572744580576425832e+01
1.572744580576425832e+01
1.572744580576425832e+01
1.572744580576425832e+01
1.572744580576425832e+01
1.585955635053267798e+01
1.585955635053267798e+01
1.585955635053267798e+01
1.585955635053267798e+01
1.585955635053267798e+01
1.585955635053267798e+01
1.585955635053267798e+01
1.585955635053267798e+01
1.585955635053267798e+01
1.585955635053267798e+01
1.585955635053267798e+01
1.585955635053267798e+01
1.598960471260704530e+01
1.598960471260704530e+01
1.598960471260704530e+01
1.598960471260704530e+01
1.598960471260704530e+01
1.598960471260704530e+01
1.598960471260704530e+01
1.598960471260704530e+01
1.598960471260704530e+01
1.598960471260704530e+01
1.598960471260704530e+01
1.598960471260704530e+01
1.611752155030790234e+01
1.611752155030790234e+01
1.611752155030790234e+01
1.611752155030790234e+01
1.611752155030790234e+01
1.611752155030790234e+01
1.611752155030790234e+01
1.611752155030790234e+01
1.611752155030790234e+01
1.611752155030790234e+01
1.611752155030790234e+01
1.611752155030790234e+01
1.624323821840030391e+01
1.624323821840030391e+01
1.624323821840030391e+01
1.624323821840030391e+01
1.624323821840030391e+01
1.624323821840030391e+01
1.624323821840030391e+01
1.624323821840030391e+01
1.624323821840030391e+01
1.624323821840030391e+01
1.624323821840030391e+01
1.624323821840030391e+01
1.636668682886014636e+01
1.636668682886014636e+01
1.636668682886014636e+01
1.636668682886014636e+01
1.636668682886014636e+01
1.636668682886014636e+01
1.636668682886014636e+01
1.636668682886014636e+01
1.636668682886014636e+01
1.636668682886014636e+01
1.636668682886014636e+01
1.636668682886014636e+01
1.648780031139371260e+01
1.648780031139371260e+01
1.648780031139371260e+01
1.648780031139371260e+01
1.648780031139371260e+01
1.648780031139371260e+01
1.648780031139371260e+01
1.648780031139371260e+01
1.648780031139371260e+01
1.648780031139371260e+01
1.648780031139371260e+01
1.648780031139371260e+01
1.660651247363574612e+01
1.660651247363574612e+01
1.660651247363574612e+01
1.660651247363574612e+01
1.660651247363574612e+01
1.660651247363574612e+01
1.660651247363574612e+01
1.660651247363574612e+01
1.660651247363574612e+01
1.660651247363574612e+01
1.660651247363574612e+01
1.660651247363574612e+01
1.672275806095119677e+01
1.672275806095119677e+01
1.672275806095119677e+01
1.672275806095119677e+01
1.672275806095119677e+01
1.672275806095119677e+01
1.672275806095119677e+01
1.672275806095119677e+01
1.672275806095119677e+01
1.672275806095119677e+01
1.672275806095119677e+01
1.672275806095119677e+01
1.683647281576566357e+01
1.683647281576566357e+01
1.683647281576566357e+01
1.683647281576566357e+01
1.683647281576566357e+01
1.683647281576566357e+01
1.683647281576566357e+01
1.683647281576566357e+01
1.683647281576566357e+01
1.683647281576566357e+01
1.683647281576566357e+01
1.683647281576566357e+01
1.694927718363129188e+01
1.694927718363129188e+01
1.694927718363129188e+01
1.694927718363129188e+01
1.694927718363129188e+01
1.694927718363129188e+01
1.694927718363129188e+01
1.694927718363129188e+01
1.694927718363129188e+01
1.694927718363129188e+01
1.694927718363129188e+01
1.694927718363129188e+01
1.705944748532489541e+01
1.705944748532489541e+01
1.705944748532489541e+01
1.705944748532489541e+01
1.705944748532489541e+01
1.705944748532489541e+01
1.705944748532489541e+01
1.705944748532489541e+01
1.705944748532489541e+01
1.705944748532489541e+01
1.705944748532489541e+01
1.705944748532489541e+01
1.716692200448244066e+01
1.716692200448244066e+01
1.716692200448244066e+01
1.716692200448244066e+01
1.716692200448244066e+01
1.716692200448244066e+01
1.716692200448244066e+01
1.716692200448244066e+01
1.716692200448244066e+01
1.716692200448244066e+01
1.716692200448244066e+01
1.716692200448244066e+01
1.727164022870978499e+01
1.727164022870978499e+01
1.727164022870978499e+01
1.727164022870978499e+01
1.727164022870978499e+01
1.727164022870978499e+01
1.727164022870978499e+01
1.727164022870978499e+01
1.727164022870978499e+01
1.727164022870978499e+01
1.727164022870978499e+01
1.727164022870978499e+01
1.737527007008204194e+01
1.737527007008204194e+01
1.737527007008204194e+01
1.737527007008204194e+01
1.737527007008204194e+01
1.737527007008204194e+01
1.737527007008204194e+01
1.737527007008204194e+01
1.737527007008204194e+01
1.737527007008204194e+01
1.737527007008204194e+01
1.737527007008204194e+01
1.747604663648851897e+01
1.747604663648851897e+01
1.747604663648851897e+01
1.747604663648851897e+01
1.747604663648851897e+01
1.747604663648851897e+01
1.747604663648851897e+01
1.747604663648851897e+01
1.747604663648851897e+01
1.747604663648851897e+01
1.747604663648851897e+01
1.747604663648851897e+01
1.757391249765285579e+01
1.757391249765285579e+01
1.757391249765285579e+01
1.757391249765285579e+01
1.757391249765285579e+01
1.757391249765285579e+01
1.757391249765285579e+01
1.757391249765285579e+01
1.757391249765285579e+01
1.757391249765285579e+01
1.757391249765285579e+01
1.757391249765285579e+01
1.767056901638994759e+01
1.767056901638994759e+01
1.767056901638994759e+01
1.767056901638994759e+01
1.767056901638994759e+01
1.767056901638994759e+01
1.767056901638994759e+01
1.767056901638994759e+01
1.767056901638994759e+01
1.767056901638994759e+01
1.767056901638994759e+01
1.767056901638994759e+01
1.776422303217681531e+01
1.776422303217681531e+01
1.776422303217681531e+01
1.776422303217681531e+01
1.776422303217681531e+01
1.776422303217681531e+01
1.776422303217681531e+01
1.776422303217681531e+01
1.776422303217681531e+01
1.776422303217681531e+01
1.776422303217681531e+01
1.776422303217681531e+01
1.785659699194413363e+01
1.785659699194413363e+01
1.785659699194413363e+01
1.785659699194413363e+01
1.785659699194413363e+01
1.785659699194413363e+01
1.785659699194413363e+01
1.785659699194413363e+01
1.785659699194413363e+01
1.785659699194413363e+01
1.785659699194413363e+01
1.785659699194413363e+01
1.794587997690385350e+01
1.794587997690385350e+01
1.794587997690385350e+01
1.794587997690385350e+01
1.794587997690385350e+01
1.794587997690385350e+01
1.794587997690385350e+01
1.794587997690385350e+01
1.794587997690385350e+01
1.794587997690385350e+01
1.794587997690385350e+01
1.794587997690385350e+01
