746.413629629629
809.410857142857
860.304451612903
841.602791666667
746.342290322581
690.589833333333
616.278580645161
550.432451612903
507.708100000000
464.867000000000
469.319800000000
538.590580645161
644.440451612903
660.691678571429
670.783225806452
692.754366666667
654.849483870968
623.491100000000
544.192129032258
471.936645161290
385.790533333334
377.923903225806
315.353600000000
371.454677419355
463.027774193548
767.970500000000
727.184741935484
652.789333333333
648.019548387097
543.020633333333
449.927548387097
398.499096774194
355.671966666667
316.009903225806
325.032133333333
390.276612903226
437.319387096774
732.878846153846
802.334375000000
804.175074074074
815.427000000000
796.190533333333
744.654161290323
690.986806451613
641.380333333333
462.870489614984
589.138000000000
641.590774193548
715.490454545455
843.748750000000
736.984451612903
747.735566666667
729.689967741935
662.534100000000
628.930548387097
475.314451612903
437.930066666667
396.933935483871
368.253700000000
357.622000000000
579.550258064516
601.787607142857
779.374193548387
751.003200000000
732.048129032258
700.755266666666
601.835064516129
535.365838709677
488.146500000000
499.012451612903
485.706066666667
519.994935483871
472.504451612903
466.555500000000
499.743709677419
476.547733333333
390.593612903226
330.368100000000
221.683161290323
198.932548387097
166.138266666667
154.231032258065
176.183033333333
266.233612903226
618.138896551724
578.284428571429
511.089322580645
328.254333333333
288.615677419355
293.971366666667
264.096580645161
247.395870967742
229.109800000000
213.643516129032
246.103433333333
252.202645161290
393.756258064516
471.161500000000
387.245451612903
363.530066666667
308.447000000000
303.407366666667
289.249290322581
302.073064516129
288.386566666667
275.186580645161
283.831400000000
309.315193548387
616.368645161290
537.667857142857
404.244129032258
371.934066666667
340.469225806452
327.340500000000
321.514645161290
296.644967741936
273.448700000000
261.450225806452
260.509200000000
396.466129032258
522.670580645161
615.634607142857
797.301645161291
537.912650000000
721.979391155047
691.000016666667
380.492000000000
343.348483870968
319.082533333333
309.303967741935
289.371366666667
454.782516129032
736.712193548387
1029.59515384615
751.907483870968
709.649900000000
520.155900000000
691.000016666667
634.288903225807
574.246439125911
489.650603950617
342.734741935484
329.721300000000
520.359483870968
831.496645161290
875.461107142857
746.821032258064
593.337633333333
487.318806451613
458.926266666667
455.381419354839
459.856870967742
419.586066666667
415.419709677419
427.358900000000
587.451354838710
938.691225806452
978.607928571429
941.191612903226
971.218600000000
824.262645161290
765.140466666667
706.011612903226
717.276903225807
617.762733333333
610.075935483871
592.683166666667
617.413935483871
666.195677419355
821.072750000000
839.497225806452
728.169666666667
647.525064516129
587.710200000000
625.090483870968
580.927161290323
545.669100000000
521.985967741935
634.690133333333
836.169419354839
823.500096774194
1163.36003571429
1155.41900000000
949.925500000000
808.824290322581
735.795933333333
710.517580645161
726.124322580645
673.265185185185
607.656838709678
605.567033333333
702.517838709677
960.099096774193
1056.01346428571
913.255967741936
859.266333333333
770.259225806452
766.983666666667
730.932935483871
703.778290322581
683.327066666667
656.526903225807
656.419533333333
698.503258064516
1022.04638709677
987.499892857143
947.203161290322
998.460933333333
941.673225806452
940.697433333333
928.206161290323
895.422838709678
801.698700000000
736.604354838710
748.935500000000
781.728225806452
841.296354838710
916.761892857143
923.543161290323
833.572866666667
825.830419354839
779.909533333334
741.324774193548
694.932774193548
680.562700000000
637.729451612903
655.207166666667
869.047516129032
964.792290322581
762.267500000000
944.387612903226
728.284500000000
657.780612903226
647.195733333333
652.406903225806
606.032709677419
571.673333333333
568.106838709677
577.463433333333
776.073516129032