42.59677419
60.15
86.83225806
151.4533333
246.0129032
143.97
66.48387097
41.23870968
31.12666667
27.87096774
38.83666667
58.9516129
75.11290323
90.02857143
124.1064516
195.7966667
168.0032258
108.98
55.89354839
40.83870968
31.22
25.47741935
23.85333333
35.19032258
46.14516129
70.425
111.3387097
167.39
213.1096774
142.7633333
68.73548387
41.96129032
31.76
25.12258065
26.44666667
39.51935484
57.94516129
93.83928571
257.1870968
310.71
347.1129032
234.12
117.5548387
56.38387097
38.05
29.3
26.47666667
26.56451613
46.67741935
73.97142857
85.69032258
99.07666667
101.3967742
99.67333333
53.60645161
36.51612903
26.64333333
22.60645161
21.07
28.46774194
47.99032258
79.31428571
180.2290323
202.9366667
171.3806452
105.3666667
47.03225806
33.3516129
25.53
19.9516129
24.40333333
40.46129032
56.43225806
69.75357143
86.14193548
94.05
89.62580645
61.85666667
38.97419355
29.37096774
22.36333333
16.58064516
18.95
25.81290323
40.26129032
63.48214286
105.0129032
215.1233333
295.3548387
162.7733333
69.44516129
36.96774194
25.53666667
19.62258065
18.80666667
30.81290323
46.67096774
79.12142857
129.8
175.4933333
111.2419355
47.59666667
31.93548387
25.92258065
19.74666667
14.88387097
14.85666667
20.57741935
31.91935484
44.29642857
66.50322581
119.5633333
107.2580645
44.71333333
28.1483871
21.98709677
16.11666667
11.5483871
12.01333333
21.37419355
34.04516129
46.6
60.22903226
78.37333333
87.07741935
47.82666667
29.60322581
22.79354839
16.65333333
11.8
11.86
19.88387097
36.75806452
66.66071429
87.01290323
123.37
145.4709677
108.4533333
46.39677419
28.97741935
20.89333333
16.75483871
15.95666667
23.86451613
51.9516129
85.43928571
211.4709677
318.39
283.9709677
170.0966667
73.09354839
43.99032258
30.41666667
21.29032258
18.14666667
29.39032258
53.8516129
85.11785714
185.5645161
263.9733333
302.8870968
183.6466667
74.37741935
42.27419355
28.29
20.3483871
19.72666667
27.53225806
46.01612903
63.16071429
97.19677419
265.1633333
243.8129032
152.1066667
64.38709677
37.07096774
26.18333333
17.22258065
14.51
27.61290323
56.69354839
91.69285714
230.916129
305.58
329.1258065
211.43
101.2709677
50.9
35.21333333
23.99677419
24.49
42.32258065
55.98387097
71.31785714
106.2322581
170.5133333
193.7709677
164.09
81.73548387
43.33548387
29.74666667
22.69677419
20.25
28.19677419
49.91290323
82.80357143
129.4935484
221.3
342.7290323
222.1933333
110.0322581
52.30322581
33.88333333
23.10322581
20.85666667
29.70322581
55.57741935
89.7
208.6193548
405.05
353.3774194
223.7833333
108.7483871
52.45806452
34.49666667
24.25483871
21.62666667
33.39032258
50.02903226
77.28571429
113.9516129
137.83
138.3806452
113.4966667
56.16129032
37.28709677
27.63
17.82258065
16.50333333
30.75483871
