2555.50086931035
1852.24192451438
1853.95311290323
1437.64899000000
480.334848387097
249.615540000000
187.091796774193
142.989677419355
92.0624400000000
73.3879741935484
86.0163600000001
579.958025806452
1172.63421290323
1142.43605357143
822.584090322581
449.715780000000
193.767648387097
136.305390000000
110.512190322581
94.5787354838712
74.2852500000000
61.8802548387097
53.3985000000000
155.029122580645
736.599077419355
2606.20875000000
1935.73588064516
653.084910000000
207.766480645161
128.981880000000
92.5201161290322
68.1286935483871
52.6179000000000
40.1500161290323
38.4593700000000
101.145367741936
1047.70579655173
2759.20100000000
2757.88996428571
1401.85842857143
384.992506451613
203.041350000000
136.130830434783
91.7784580645161
43.7191200000000
1.05148928571429
19.9233300000000
1316.46902142857
2366.32745729032
1719.77469300000
2275.56800550000
2161.36843200000
975.141377419356
141.109650000000
108.598470967742
79.5439741935484
208.138246683267
39.8219040000000
39.0347100000000
57.4510645161291
859.262243478261
1054.82041363636
466.228896428571
483.711400000000
216.701361290323
415.300299600000
321.452954662238
251.904956203474
208.138246683267
108.936450000000
108.275640000000
242.967251612903
682.343012903225
420.336032142857
335.631338709677
1123.11556213248
221.298996774193
172.841430000000
136.130893548387
86.3786903225807
130.938300000000
24.0542129032259
40.1010300000000
1314.72216666667
2682.39060000000
2250.47646428571
2808.24046774193
3089.25465800000
262.033231034483
263.087760000000
284.820416129032
199.156383870968
137.357040000000
121.012137931035
74.9914881831363
465.156916411185
1209.99416158020
1817.54024460126
1772.07668048130
966.289836551231
314.241228251533
258.303250196078
176.605653037912
133.151575098526
115.857141422298
37.1007000000000
31.0991400000000
51.0441967741936
189.017448387097
696.760875000000
1186.86672580645
358.182060000000
182.410345161291
128.239980000000
87.5580387096774
70.4439870967742
51.1607100000000
43.8948290322581
48.4564500000000
129.935554838709
416.210370967742
1566.32682857143
1907.27525032258
928.051470000000
335.417109677420
124.756860000000
86.5021064516129
65.6386258064516
49.9332300000000
38.0207322580645
30.9454200000000
156.045077419355
867.433616129032
2526.96439285714
1176.16110967742
561.329640000000
185.206558064516
100.877640000000
70.4257548387097
48.1108354838709
32.8128000000000
24.6034451612903
32.6995800000000
854.729738709677
2609.39380645161
1969.16133214285
2216.82266129032
757.839720000001
306.238848387097
168.639330000000
116.674577419355
76.6797967741936
51.8376600000000
37.6453741935484
31.6899000000000
105.785622580645
1169.24484193548
1976.79297857143
2035.12076419355
1329.06888000000
455.929316129032
253.103370000000
176.597100000000
132.085538709677
92.1772199999997
67.1795709677420
61.8232800000000
86.9978032258064
194.139493548387
797.221157142858
975.971758064517
590.335980000000
204.206748387097
133.073820000000
88.7501612903226
54.7899677419355
38.0730103448276
27.8425451612903
35.2315500000000
474.552377419355
1255.97340087416
1852.24192451438
2042.97945167802
1123.11556213248
367.619189889271
415.300299600000
321.452954662238
251.904956203474
208.138246683267
78.1920500000000
45.3297600000000
76.7573709677420
726.252677419355
2609.15068928571
497.137331250000
1123.11556213248
203.666719354839
415.300299600000
321.452954662238
251.904956203474
208.138246683267
41.5657883210389
162.130319733995
266.350254545454
824.015271428572
1179.01862307692
1402.64667692308
1123.11556213248
367.619189889271
415.300299600000
321.452954662238
251.904956203474
208.138246683267
41.5657883210389
162.130319733995
365.024394842566
885.552619354839
158.897700000000
2042.97945167802
1123.11556213248
367.619189889271
415.300299600000
75.1804714285714
64.0991612903225
208.138246683267
41.5657883210389
28.6286400000000
525.407275862070
1226.41725483871
1852.24192451438
2042.97945167802
217.829430000000
127.095735483871
76.0616400000001
52.1806354838709
33.8971064516129
22.3053900000000
13.4962000000000
162.130319733995
365.024394842566