1.036764999999999937e+01
6.672250000000000014e+00
5.594424999999999670e+01
1.040871000000000066e+02
1.220508500000000112e+02
1.304681499999999801e+02
1.715281499999999824e+02
2.092007000000000119e+02
2.006807499999999891e+02
1.505875499999999931e+02
5.625219999999999487e+01
1.488424999999999976e+01
1.063928242999999974e+01
6.847062949999999759e+00
5.740998934999999648e+01
1.068141820200000041e+02
1.252485822700000142e+02
1.338864155299999936e+02
1.760221875299999965e+02
2.146817583400000160e+02
2.059385856499999932e+02
1.545329438100000061e+02
5.772600763999999174e+01
1.527421734999999892e+01
1.091483984493699921e+01
7.024401880404999687e+00
5.889690807416499752e+01
1.095806693343180029e+02
1.284925205507930173e+02
1.373540736922269900e+02
1.805811621870269903e+02
2.202420158810060116e+02
2.112723950183350041e+02
1.585353470546789936e+02
5.922111123787599496e+01
1.566981957936499903e+01
1.119425974496738618e+01
7.204226568543367293e+00
6.040466892086362094e+01
1.123859344692765490e+02
1.317819290768933058e+02
1.408703379787480117e+02
1.852040399390148764e+02
2.258802114875597624e+02
2.166809683308043759e+02
1.625938519392787782e+02
6.073717168556562029e+01
1.607096696059674201e+01
1.147747451651506090e+01
7.386493500727514316e+00
6.193290704456146756e+01
1.152292986113492503e+02
1.351160118825387144e+02
1.444343575296103381e+02
1.898897021494719581e+02
2.315949808381950277e+02
2.221629968295737285e+02
1.667074763933425174e+02
6.227382212921042992e+01
1.647756242469984045e+01
1.176441137942793702e+01
7.571155838245702263e+00
6.348122972067550762e+01
1.181100310766329784e+02
1.384939121796021766e+02
1.480452164678505937e+02
1.946369447032087692e+02
2.373848553591498955e+02
2.277170717503130675e+02
1.708751633031760662e+02
6.383066768244069067e+01
1.688950148531733575e+01
1.205499234049980650e+01
7.758163387450371040e+00
6.504921609477619882e+01
1.210273488442258127e+02
1.419147118104383480e+02
1.517019333146064923e+02
1.994444772373780381e+02
2.432482612865208864e+02
2.333416834225457990e+02
1.750957798367645069e+02
6.540728517419697141e+01
1.730667217200467434e+01
1.234792865437395193e+01
7.946686757765415443e+00
6.662991204587926575e+01
1.239683134211404933e+02
1.453632393074319964e+02
1.553882902941514317e+02
2.042909780342463364e+02
2.491591940357833437e+02
2.390118863297136613e+02
1.793506072867978958e+02
6.699668220392996432e+01
1.772722430578438946e+01
1.264427894207892678e+01
8.137407239951786053e+00
6.822902993498037461e+01
1.269435529432478660e+02
1.488519570508103698e+02
1.591176092612110722e+02
2.091939615070682521e+02
2.551390146926421494e+02
2.447481716016267796e+02
1.836550218616810355e+02
6.860460257682427709e+01
1.815267768912321600e+01
1.294394835300619739e+01
8.330263791538643048e+00
6.984605794443940852e+01
1.299521151480028323e+02
1.523797484329145675e+02
1.628886966007017634e+02
2.141518583947857621e+02
2.611858093408577588e+02
2.505487032685853421e+02
1.880076458798028796e+02
7.023053165789501406e+01
1.858289615035543463e+01
1.324683674446654180e+01
8.525191964260647737e+00
7.148045570033929152e+01
1.329929946424661011e+02
1.559454345462447691e+02
1.667002921011581975e+02
2.191630118812237527e+02
2.672975572794338177e+02
2.564115429250702505e+02
1.924070247933902635e+02
7.187392609868975057e+01
1.901773592027375059e+01
1.355151398958927267e+01
8.721271379438642057e+00
7.312450618144708869e+01
1.360518335192428196e+02
1.595321795408083858e+02
1.705343988194848350e+02
2.242037611544919002e+02
2.734454010968607918e+02
2.623090084123468841e+02
1.968323863636382498e+02
7.352702639895962022e+01
1.945514384644004835e+01
1.385913335715294892e+01
8.919244239751899173e+00
7.478443247176593900e+01
1.391402101401296250e+02
1.631535600163847448e+02
1.744055296726871518e+02
2.292931865326988543e+02
2.796526117017595539e+02
2.682634229033071733e+02
2.013004815340928246e+02
7.519608989821600176e+01
1.989677561175423648e+01
1.416819203101746005e+01
9.118143386298367403e+00
7.645212531588632032e+01
1.422430368262545244e+02
1.667918844047501352e+02
1.782947729843880893e+02
2.344064245923780447e+02
2.858888649427087785e+02
2.742456972340509083e+02
2.057894822723031041e+02
7.687296270294622502e+01
2.034047370789635423e+01
1.447989225569984484e+01
9.318742540796931095e+00
7.813407207283582068e+01
1.453723836364321187e+02
1.704613058616546368e+02
1.822172579900446294e+02
2.395633659334103527e+02
2.921784199714483634e+02
2.802791025732000207e+02
2.103168508822937781e+02
7.856416788241104143e+01
2.078796412947007255e+01
1.479265792842296179e+01
9.520027379678145607e+00
7.982176802960907480e+01
1.485124271229790622e+02
1.741432700682663892e+02
1.861531507626295934e+02
2.447379346375720104e+02
2.984894738428316714e+02
2.863331311887811239e+02
2.148596948613513291e+02
8.026115390867111898e+01
2.123698415466662581e+01
1.510774154229837052e+01
9.722803962865290472e+00
8.152197168863975207e+01
1.516757418206985051e+02
1.778525217207204605e+02
1.901182128738736026e+02
2.499508526453522848e+02
3.048472996356840099e+02
2.924320268831021394e+02
2.194362063618981153e+02
8.197071648692580936e+01
2.168933191716102371e+01
1.542500411468663657e+01
9.926982846085461887e+00
8.323393309410118945e+01
1.548609323989331870e+02
1.815874246768555906e+02
1.941106953442249505e+02
2.551998205509046898e+02
3.112490929280333489e+02
2.985730994476472802e+02
2.240443666954979847e+02
8.369210153315124501e+01
2.214480788742140405e+01
1.574275919944918201e+01
1.013147869271482193e+01
8.494855211583967503e+01
1.580510676063512108e+02
1.853281256251988225e+02
1.981093756683159768e+02
2.604569368542533425e+02
3.176608242423508273e+02
3.047237052962688040e+02
2.286596806494252405e+02
8.541615882473415411e+01
2.260099092990228442e+01
1.606233721119799895e+01
1.033714771017693224e+01
8.667300772379121554e+01
1.612595042787601471e+02
1.890902865753903654e+02
2.021309959943828005e+02
2.657442126723946672e+02
3.241093389744705746e+02
3.109095965137830717e+02
2.333014721666085620e+02
8.715010684887626269e+01
2.305979104577929917e+01
1.638197772170083866e+01
1.054285694960945285e+01
8.839780057749466380e+01
1.644685684139074624e+02
1.928531832782406354e+02
2.061534028146710114e+02
2.710325225045752973e+02
3.305591148200625184e+02
3.170966974844073434e+02
2.379441714627240856e+02
8.888439397516890494e+01
2.351868088759030684e+01
1.670306448504617336e+01
1.074949694582179838e+01
9.013039746881355541e+01
1.676921523548200526e+02
1.966331056704941602e+02
2.101940095098385655e+02
2.763447599456649755e+02
3.370380734705357213e+02
3.233117927551017488e+02
2.426078772233934728e+02
9.062652809708221469e+01
2.397964703298707789e+01
1.702376332315905927e+01
1.095588728718157689e+01
9.186090110021477528e+01
1.709118416800326088e+02
2.004084612993676444e+02
2.142297344924274682e+02
2.816505793366217176e+02
3.435092044811700021e+02
3.295193791759996884e+02
2.472659484660826195e+02
9.236655743654618789e+01
2.444005625602042997e+01
1.734551244996676544e+01
1.116295355690930791e+01
9.359707213100882939e+01
1.741420754877852346e+02
2.041961812179256981e+02
2.182786764743343610e+02
2.869737752860838782e+02
3.500015284458640963e+02
3.357472954424260934e+02
2.519392748920915892e+02
9.411228537209690614e+01
2.490197331925921631e+01
1.766813898153614559e+01
1.137058449306782038e+01
9.533797767264559297e+01
1.773811180918580419e+02
2.079942301885791096e+02
2.223386598567569763e+02
2.923114875064050580e+02
3.565115568749571935e+02
3.419921951376552443e+02
2.566253454050844880e+02
9.586277388001791167e+01
2.536515002299743671e+01
1.798969911100010322e+01
1.157752913084165414e+01
9.707312886628774606e+01
1.806094544411298557e+02
2.117797251780112617e+02
2.263852234661499665e+02
2.976315565790216056e+02
3.630000672100813972e+02
3.482164530891605523e+02
2.612959266914569980e+02
9.760747636463423760e+01
2.582679575341598976e+01
1.831171472508700404e+01
1.178476690228371915e+01
9.881073787299429512e+01
1.838423636756260748e+02
2.155705822586976694e+02
2.304375189661940624e+02
3.029591614417860796e+02
3.694977684131418414e+02
3.544495275994565304e+02
2.659731237792340721e+02
9.935465019156119126e+01
2.628909539740213575e+01
1.863216973277602762e+01
1.199100032307368480e+01
1.005399257857717004e+02
1.870596050399495311e+02
2.193430674482248719e+02
2.344701755481024463e+02
3.082609467670173444e+02
3.759639793603718090e+02
3.606523943324470451e+02
2.706276534453706404e+02
1.010933565699135102e+02
2.674915456685667436e+01
1.895264305217977352e+01
1.219724552863055145e+01
1.022692125092869730e+02
1.902770302466366559e+02
2.231157682083343445e+02
2.385030625675298097e+02
3.135630350514100542e+02
3.824305598053701942e+02
3.668556155149651090e+02
2.752824490846310255e+02
1.028321623029160179e+02
2.720924002540660780e+01
1.927294271976161255e+01
1.240337897806440814e+01
1.039975622006939204e+02
1.934927120578048232e+02
2.268864246910551969e+02
2.425337643249210657e+02
3.188622503437788964e+02
3.888936362660809323e+02
3.730554754171679974e+02
2.799347224741612763e+02
1.045700258458353034e+02
2.766907618183597961e+01
1.959287356890965626e+01
1.260927506910027773e+01
1.057239217332254384e+02
1.967046910779643838e+02
2.306527393409267006e+02
2.465598248127147656e+02
3.241553636994856333e+02
3.953492706280978837e+02
3.792481963090929753e+02
2.845816388672323569e+02
1.063058882748761675e+02
2.812838284645445697e+01
1.991027812072599446e+01
1.281354532521970313e+01
1.074366492653036858e+02
1.998913070734274129e+02
2.343893137182497242e+02
2.505540939746807396e+02
3.294066805914172846e+02
4.017539288122730454e+02
3.853920170893002819e+02
2.891918614168815225e+02
1.080280436649291573e+02
2.858406264856701995e+01
2.022685154284553732e+01
1.301728069589069570e+01
1.091448919886220210e+02
2.030695788558949175e+02
2.381161038063698925e+02
2.545379040688781629e+02
3.346442468128208247e+02
4.081418162803881842e+02
3.915197501610201698e+02
2.937900120134099211e+02
1.097456895592015371e+02
2.903854924467923482e+01
2.054239042691392925e+01
1.322035027474658975e+01
1.108475523036445196e+02
2.062374642860468725e+02
2.418307150257492708e+02
2.585086953723526904e+02
3.398646970631008344e+02
4.145088286143622440e+02
3.976274582635321053e+02
2.983731362008190899e+02
1.114577223163250750e+02
2.949155061289622992e+01
2.085668900044571217e+01
1.342262163395021268e+01
1.125435198538902739e+02
2.093928974896233797e+02
2.455307249656432305e+02
2.624638784115496719e+02
3.450646269281662626e+02
4.208508136921619780e+02
4.037111583749641568e+02
3.029382451846915956e+02
1.131630254677648537e+02
2.994277133727354112e+01
2.116953933545239863e+01
1.362396095845946675e+01
1.142316726516986307e+02
2.125337909519677169e+02
2.492136858401278801e+02
2.664008365877228925e+02
3.502405963320887849e+02
4.271635758975444332e+02
4.097668257505886231e+02
3.074823188624619661e+02
1.148604708497813220e+02
3.039191290733264594e+01
2.148073156368354830e+01
1.382423318454882022e+01
1.159108782396785955e+02
2.156580376789616480e+02
2.528771270219777705e+02
2.703169288855624472e+02
3.553891330981704755e+02
4.334428804632383390e+02
4.157903980891222773e+02
3.120023089497401543e+02
1.165489197712731055e+02
3.083867402707043581e+01
2.179005409820059214e+01
1.402330214240632245e+01
1.175799948863299704e+02
2.187635134215387041e+02
2.565185576510942269e+02
2.742094926615145596e+02
3.605067366147841312e+02
4.396844579419089882e+02
4.217777798216056340e+02
3.164951421986164064e+02
1.182272242159794331e+02
3.128275093306024957e+01
2.209729386098522141e+01
1.422103070261425195e+01
1.192378728142272166e+02
2.218480789607824022e+02
2.601354693139746814e+02
2.780758465080419342e+02
3.655898816010525820e+02
4.458840087988899086e+02
4.277248465170902705e+02
3.209577237036169208e+02
1.198942280774247422e+02
3.172383772121639822e+01
2.240223651626681800e+01
1.441728092631032787e+01
1.208833554590635515e+02
2.249095824504412064e+02
2.637253387905075215e+02
2.819132931898529364e+02
3.706350219671471109e+02
4.520372081203145740e+02
4.336274493990260908e+02
3.253869402907268409e+02
1.215487684248931970e+02
3.216162668176918515e+01
2.270466670923642027e+01
1.461191421881551733e+01
1.225152807577609053e+02
2.279458618135221570e+02
2.672856308641793817e+02
2.857191226479159241e+02
3.756385947637036224e+02
4.581397104299388161e+02
4.394814199659129486e+02
3.297796639846516769e+02
1.231896767986292502e+02
3.259580864197307193e+01
2.300436830979834113e+01
1.480479148650388233e+01
1.241324824637633526e+02
2.309547471894606474e+02
2.708138011915865491e+02
2.894906150668684290e+02
3.805970242145845077e+02
4.641871546076139907e+02
4.452825747094630060e+02
3.341327555492490546e+02
1.248157805323711500e+02
3.302607331604711760e+01
2.330112466099474133e+01
1.499577329667978276e+01
1.257337914875459006e+02
2.339340634282046949e+02
2.743072992269580368e+02
2.932250440012310264e+02
3.855067258269526747e+02
4.701751689020522349e+02
4.510267199232150688e+02
3.384430680958343487e+02
1.264259041012387428e+02
3.345210966182412449e+01
2.359471883172327367e+01
1.518472004021794852e+01
1.273180372602889747e+02
2.368816326274000801e+02
2.777635711972176864e+02
2.969196795556465531e+02
3.903641105723722831e+02
4.760993760302180817e+02
4.567096565942475763e+02
3.427074507538418402e+02
1.280188704929143455e+02
3.387360624356310979e+01
2.388493387335347151e+01
1.537149209671262895e+01
1.288840491185905250e+02
2.397952767087170969e+02
2.811800631229434657e+02
3.005717916141809951e+02
3.951655891324124354e+02
4.819553983553897751e+02
4.623271853703568013e+02
3.469227523981140848e+02
1.295935025999771995e+02
3.429025160035893549e+01
2.417394157322104675e+01
1.555748715108285118e+01
1.304435461129254747e+02
2.426967995568925858e+02
2.845823418867310579e+02
3.042087102927125670e+02
3.999470927609146429e+02
4.877870586754900160e+02
4.679213443133381247e+02
3.511205177021312807e+02
1.311615839814369338e+02
3.470516364472327808e+01
2.445919408378505366e+01
1.574106549946562872e+01
1.319827799570579998e+02
2.455606217916639196e+02
2.879404135209944684e+02
3.077983730741665909e+02
4.046664684554934297e+02
4.935429459678608168e+02
4.734428161762355103e+02
3.552637398110164213e+02
1.327092906724178931e+02
3.511468457573101176e+01
2.474047481574858054e+01
1.592208775270948351e+01
1.335005819265641662e+02
2.483845689422680607e+02
2.912517282764858919e+02
3.113380543645195075e+02
4.093201328427315957e+02
4.992186898464912019e+02
4.788874085622622374e+02
3.593492728188431329e+02
1.342354475151506961e+02
3.551850344835192175e+01
2.502004218116653789e+01
1.610200734431510128e+01
1.350091385023343378e+02
2.511913145713157007e+02
2.945428728060101662e+02
3.148561743788386025e+02
4.139454503438544748e+02
5.048598610417565737e+02
4.842988362790158021e+02
3.634099196016960605e+02
1.357523080720719122e+02
3.591986253731829493e+01
2.529526264515936873e+01
1.627912942510256755e+01
1.364942390258600255e+02
2.539544190316001675e+02
2.977828444068762792e+02
3.183195922970058405e+02
4.184988502976368636e+02
5.104133195132159244e+02
4.896261234780849918e+02
3.674074287173147013e+02
1.372455834608647081e+02
3.631498102522879634e+01
2.556592195546257429e+01
1.645331610995116378e+01
1.379547273834367331e+02
2.566717313152382758e+02
3.009691208420298381e+02
3.217256119345838101e+02
4.229767879958215531e+02
5.158747420320073616e+02
4.948651229993005245e+02
3.713386882045899711e+02
1.387141112038959534e+02
3.670355132219874150e+01
2.583436413599493164e+01
1.662607592910564946e+01
1.394032520209628103e+02
2.593667844940482610e+02
3.041292966108711653e+02
3.251037308598969275e+02
4.274180442697776812e+02
5.212914268233433859e+02
5.000612067907931646e+02
3.752377444307381893e+02
1.401706093715368695e+02
3.708893861108182932e+01
2.609787465018208152e+01
1.679566190358252697e+01
1.408251651915766445e+02
2.620123256958875686e+02
3.072314154363020293e+02
3.284197889146678904e+02
4.317777083213294418e+02
5.266085993769414699e+02
5.051618311000592598e+02
3.790651694239317067e+02
1.416003495871265443e+02
3.746724578491486568e+01
2.635885339668390159e+01
1.696361852261835068e+01
1.422334168434924209e+02
2.646324489528464596e+02
3.103037295906650570e+02
3.317039868038145869e+02
4.360954854045427282e+02
5.318746853707108357e+02
5.102134494110598553e+02
3.828558211181710362e+02
1.430163530829977958e+02
3.784191824276401661e+01
2.661717015997140479e+01
1.712986198414001038e+01
1.436273043285586368e+02
2.672258469525843338e+02
3.133447061406535568e+02
3.349546858744919859e+02
4.403692211615072551e+02
5.370870572873437823e+02
5.152135412152882736e+02
3.866078081651290859e+02
1.444179133432111826e+02
3.821276904154310472e+01
2.687003327649113160e+01
1.729259567298933931e+01
1.449917637196799376e+02
2.697644924986338992e+02
3.163214808489897791e+02
3.381367553902996406e+02
4.445527287625415624e+02
5.421893843315735921e+02
5.201080698568334810e+02
3.902805823426978122e+02
1.457898835199716814e+02
3.857579034743776702e+01
2.711992458596250088e+01
1.745341681274814150e+01
1.463401871222729653e+02
2.722733022788711992e+02
3.192632706208854074e+02
3.412814272154294031e+02
4.486870691400332021e+02
5.472317456058572134e+02
5.249450749065019863e+02
3.939101917584849275e+02
1.471457294367074269e+02
3.893454519766893895e+01
2.736671589969476059e+01
1.761224290574415008e+01
1.476718828250856461e+02
2.747509893296088990e+02
3.221685663835354489e+02
3.443870882030898315e+02
4.527701214692074814e+02
5.522115544908705260e+02
5.297220750881512004e+02
3.974947745034871218e+02
1.484847555745814702e+02
3.928884955896772624e+01
2.760754299961207536e+01
1.776723064331469715e+01
1.489713953939464091e+02
2.771687980357094716e+02
3.250036497677105558e+02
3.474176945792769970e+02
4.567544985381364882e+02
5.570710161703901804e+02
5.343836293489268883e+02
4.009927285191178044e+02
1.497914214236377859e+02
3.963459143508664084e+01
2.784496786940873747e+01
1.792002882684720433e+01
1.502525493943343520e+02
2.795524496988165879e+02
3.277986811557128703e+02
3.504054867526587600e+02
4.606825872255644754e+02
5.618618269094555444e+02
5.389793285613276339e+02
4.044412659843821984e+02
1.510796276478810682e+02
3.997544892142838791e+01
2.807886559951177219e+01
1.807055706899271996e+01
1.515146708092467520e+02
2.819006902762866389e+02
3.305521900774208461e+02
3.533488928413810868e+02
4.645523209582592017e+02
5.665814662554950019e+02
5.435067549212427593e+02
4.078385726186510283e+02
1.523486965201232692e+02
4.031124269236838842e+01
2.830911229742777024e+01
1.821873563695845988e+01
1.527570911098825661e+02
2.842122759365522029e+02
3.332627180360556736e+02
3.562463537626804282e+02
4.683616499901169163e+02
5.712274342787900423e+02
5.479635103115969059e+02
4.111828489141239515e+02
1.535979558315882798e+02
4.064179488244580796e+01
2.853558519580719377e+01
1.836448552205412810e+01
1.539791478387616337e+02
2.864859741440446328e+02
3.359288197803440994e+02
3.590963245927818548e+02
4.721085431900378353e+02
5.757972537530204136e+02
5.523472183940897366e+02
4.144723117054369368e+02
1.548267394782409951e+02
4.096692924150537607e+01
2.875816276033448915e+01
1.850772850912614942e+01
1.551801851919039734e+02
2.887205647423681967e+02
3.385490645746307905e+02
3.618972759246055375e+02
4.757909898269201108e+02
5.802884723322939635e+02
5.566555266975636869e+02
4.177051957367393697e+02
1.560343880461712729e+02
4.128647128958911594e+01
2.897672479731303241e+01
1.864838724579550799e+01
1.563595545993624398e+02
2.909148410344101876e+02
3.411220374653979661e+02
3.646476952216325458e+02
4.794070013496046840e+02
5.846986647220194300e+02
5.608861087004651154e+02
4.208797552243385667e+02
1.572202493953221847e+02
4.160024847138999604e+01
2.919115256081314769e+01
1.878638531141439572e+01
1.575166153033977139e+02
2.930676108580648247e+02
3.436463405426418944e+02
3.673460881662726365e+02
4.829546131595917586e+02
5.890254348409623617e+02
5.650366659048485189e+02
4.239942654129986863e+02
1.583836792408475560e+02
4.190809031007827912e+01
2.940132885925100226e+01
1.892164728565657938e+01
1.586507349335821857e+02
2.951776976562429127e+02
3.461205941945489144e+02
3.699909800010697722e+02
4.864318863743408201e+02
5.932664179718173045e+02
5.691049298993634693e+02
4.270470241239722782e+02
1.595240417313816579e+02
4.220982856031083941e+01
2.960713816126575892e+01
1.905409881665617533e+01
1.597612900781172698e+02
2.972439415398366123e+02
3.485434383539107444e+02
3.725809168610772417e+02
4.898369095789611833e+02
5.974192828976200644e+02
5.730886644086590422e+02
4.300363532928400900e+02
1.606407100235013274e+02
4.250529736023301552e+01
2.980846670076236649e+01
1.918366668860943847e+01
1.608476668506484657e+02
2.992652003423074802e+02
3.509135337347173618e+02
3.751144670957325502e+02
4.931678005640981155e+02
6.014817340213238595e+02
5.769856673266378948e+02
4.329606004952314038e+02
1.617330668516611354e+02
4.279433338228260197e+01
3.000818342765747460e+01
1.931219725542312204e+01
1.619253462185478156e+02
3.012702771846009568e+02
3.532646544107399791e+02
3.776277340252739805e+02
4.964720248278775898e+02
6.055116616392667765e+02
5.808514712977263343e+02
4.358614365185494535e+02
1.628166783995672517e+02
4.308105541594389365e+01
3.020323661993724684e+01
1.943772653758337299e+01
1.629778609689683719e+02
3.032285339863008744e+02
3.555608746644097664e+02
3.800823142964382555e+02
4.996990929892588156e+02
6.094474874399220425e+02
5.846270058611615923e+02
4.386945358559200372e+02
1.638749868091644259e+02
4.336108227614752764e+01
3.039351701064285294e+01
1.956018421477014968e+01
1.640046214930728752e+02
3.051388737504145752e+02
3.578009081747955520e+02
3.824768328765057959e+02
5.028471972750911618e+02
6.132870066107935827e+02
5.883101559980868842e+02
4.414583114318123194e+02
1.649073992260621537e+02
4.363425709448726053e+01
3.057891746440777325e+01
1.967950133848024663e+01
1.650050496841806194e+02
3.070002208802920904e+02
3.599834937146617904e+02
3.848099415570524684e+02
5.059145651784692177e+02
6.170280573511194007e+02
5.918988479496752007e+02
4.441512071315463572e+02
1.659133343613411284e+02
4.390042606276363557e+01
3.076239096919422167e+01
1.979757834651112702e+01
1.659950799822857164e+02
3.088422222055738189e+02
3.621433946769497538e+02
3.871188012063947781e+02
5.089500525695400484e+02
6.207302256952260677e+02
5.954502410373733028e+02
4.468161143743356547e+02
1.669088143675091658e+02
4.416382861914021873e+01
3.094081283681554950e+01
1.991240430092089042e+01
1.669578514461829855e+02
3.106335070943661663e+02
3.642438263660760640e+02
3.893640902533918506e+02
5.119019628744433703e+02
6.243304610042583818e+02
5.989038524353900357e+02
4.494076478377068042e+02
1.678768854908407206e+02
4.441997882513123130e+01
3.111408138870171669e+01
2.002391376500604636e+01
1.678928154142816140e+02
3.123730547340946373e+02
3.662835917937260888e+02
3.915445291588108603e+02
5.147686138665402495e+02
6.278267115858822081e+02
6.022577140090281773e+02
4.519243306655979495e+02
1.688169960495894202e+02
4.466873070655196898e+01
3.128520883633957439e+01
2.013404529071357985e+01
1.688162258990601572e+02
3.140911065351321554e+02
3.682981515485915907e+02
3.936980240691843278e+02
5.175998412428061783e+02
6.312797584996045543e+02
6.055701314360778724e+02
4.544099144842587634e+02
1.697454895278621620e+02
4.491440872543800822e+01
3.145102044317217249e+01
2.024075573075436196e+01
1.697109518963251844e+02
3.157557893997683323e+02
3.702501317517991311e+02
3.957846235967510324e+02
5.203431204013930937e+02
6.346255412196524048e+02
6.087796531326890772e+02
4.568182870310253065e+02
1.706451406223598326e+02
4.515245509168283178e+01
3.161456574947666809e+01
2.034600766055428522e+01
1.705934488461860781e+02
3.173977195046471138e+02
3.721754324369084657e+02
3.978427036394541574e+02
5.230489046274802831e+02
6.379255940339945710e+02
6.119453073289790836e+02
4.591937421235866168e+02
1.715324953535960901e+02
4.538724785815958285e+01
3.177263857822405058e+01
2.044773769885705761e+01
1.714464160904170171e+02
3.189847081021703730e+02
3.740363095990929878e+02
3.998319171576514464e+02
5.256641491506177317e+02
6.411152220041645933e+02
6.150050338656240001e+02
4.614897108342045726e+02
1.723901578303640747e+02
4.561418409745038360e+01
