0.527703106
0.044890556
0.16401583
0.766358025
2.917856357
3.80127704
7.136697485
7.515152778
8.989994234
2.065921711
0.77454561
0.093496947
0.400135238
0.04649379
0.165600524
0.771270576
2.890304668
3.975470799
7.407048039
7.800098226
9.305871674
2.112827965
0.776183128
0.096666335
0.049917861
0.35001929
0.97141743
0.41920439
3.924464755
4.79178627
6.651831193
9.534183621
9.618813327
1.804919865
0.318497085
0.24879696
0.369233705
0
0.147376543
0.207964678
1.701375407
4.685096236
8.751861601
7.292453828
10.33461077
1.957057696
0.704132373
0
0.376364828
0.137212644
0.742429145
0.686119684
3.703236339
4.481061703
7.04989144
8.168502767
9.751061094
1.604798536
0.853146433
0.02377041
0.351009724
0
0.103005111
1.031635802
4.019439732
6.749932107
8.291438363
8.503137599
10.77164508
1.439978831
0.668106996
0.090327559
0.141037767
0.031580688
0.358933194
0.468329904
2.725807738
5.423268133
7.828428187
8.161010948
10.98059347
2.265188172
0.571493484
0.129944909
0.451637794
0.208783436
0.533249535
0.351247428
3.559431945
5.061740046
6.778780549
10.92492226
10.70891795
1.664634649
0.185858196
0.278906146
0.106966846
0
0
0.424116941
2.787606448
5.516457562
8.458025645
8.917369698
12.66770645
2.468068374
0.78600823
0.502348002
0.30426125
0.05263448
0.41281279
0.309490741
4.116558928
5.414498062
8.394778383
10.08459424
10.32886245
1.108202609
0.59114369
0.258305124
0.266228594
0.0657931
0.297922474
0.644362997
5.016721687
7.837279582
10.79649048
10.59048925
13.05355467
0.711527612
0.400372942
0.041994391
0.171146953
0.314052396
0.616445971
0.512542867
5.067274492
8.693056113
10.22245009
10.94169185
13.33054094
0.72262047
0.852327675
0
0.376364828
0.459916454
0.623577094
0.582956104
3.315263984
6.475026063
9.049786772
10.5834292
13.25932399
1.871223512
0.427391975
0.147376543
0.198879099
0.285103432
0.458768917
0.383179012
3.778903524
6.177774314
10.00923593
11.43653578
13.33630977
1.311686977
0.790920782
0.202048487
0.286829616
0.214046884
0.707565877
0.346334877
5.411226346
8.857197038
10.5946964
11.29638856
13.3783496
1.173677536
1.06766118
0.236911755
0.329616355
0.476342041
0.649724545
0.587868656
3.635691076
7.135093527
9.845034747
11.54122479
14.46511408
1.92920937
0.427391975
0.160054095
0.260682165
0.204971974
0.190955629
0.343878601
4.520421802
7.93016214
13.08072298
12.66573498
13.45134349
2.188291551
0.433942044
0.050710208
0.446091365
0
0.137076032
0.388910322
5.298912676
8.002127641
11.68644657
12.44152148
16.56763963
1.47726125
0.828583676
0.022185716
0.076065313
0.282471708
0.969040389
0.209602195
3.436163655
5.847178438
12.48727775
12.02819751
14.02264381
1.892513814
0.762264232
0.053879596
0.113305622
0.269313088
0.504725043
0.336509774
5.054262059
9.068297154
12.09512817
13.54515237
18.70779831
1.431319424
0.497805213
0.156884707
0.090327559
0.172786292
0.589506173
0.554299554
4.056446037
8.831556336
12.89056093
15.6307257
17.43113913
0.975379165
0.243171296
0
0.007131123
0.127199993
0.673494956
0.437217078
5.591758035
11.48282419
14.58610373
15.36725024
17.38080271
1.022127638
0.755714163
0.136283685
0.186993894
0.17807999
0.679833732
1.003798011
7.112190819
10.55945655
12.87915771
15.34202678
18.42489259
1.377891444
0.546930727
0.094289294
0.138660726
0.720215131
0.470654122
0.517455418
6.018966626
8.695093759
12.54581592
16.08349011
16.43620757
0.557812293
0.142463992
0.291583698
0.10062807
0.00508195
0.345463295
0.580499829
6.564280458
12.0840709
13.9168353
15.03430755
16.91146935
0.874751095
0.78600823
0
0.099835723
0.005263448
0.398550544
0.589506173
6.766611609
12.41355123
14.14070071
15.34821901
17.32867097
0.872374054
0.78600823
0
0.290791351
0.102637235
0.656855668
0.939116084
6.275189732
12.23208625
17.87353226
16.36492629
19.62666403
0.745598533
0.670563272
0.290791351
0.146584196
0
0.56652811
0.684482167
6.475785062
10.22746701
13.48173705
15.47985375
20.28470314
1.321933903
0.50517404
0.118852051
0.077650007
0.029644707
0.228988285
0.920284636
5.866135968
10.42979815
14.3315383
17.39511041
12.57115106
0.564943416
0.415929355
0.150545931
0.044371432
0.398267563
0.847811297
0.848233882
5.238004107
10.74837738
19.51078891
19.22341548
18.73484572
1.522290505
0.566580933
0
0.386665339
0.074565513
0.156884707
0.686119684
9.841094451
13.57594263
20.53754829
19.5604935
15.84613563
1.339858788
0.743432785
0.087950518
0.400927585
0.076319996
0.482539327
0.578043553
6.847548586
10.23030297
18.11603523
18.57691714
18.67355034
0.965078654
0.783551955
0.174316341
0.301884209
0.325244785
0.933384774
0.584593621
5.911721687
14.35523596
21.53246738
19.48690828
15.22853363
1.420678183
1.133980624
0.161638789
0.20125614
0
0.069726537
0.605062586
9.3482491
13.87867843
15.74754661
22.42411601
21.36586546
1.013411821
0.695944787
0.205217875
0.355763806
0.291244121
0.587129132
0.597693759
8.936303871
12.87703632
18.43229099
20.18835403
17.07067927
1.079176623
0.955491255
0
0.134698991
0.349142049
0.654478627
0.951397462
9.111119491
13.68793789
16.13446515
19.63026857
20.40265136
0.889805688
0.994791667
0
0.122021439
0.217676848
0.620407706
0.885078018
6.990120619
12.61220422
20.42234535
22.03090074
20.05210489
1.062537336
0.871977881
0.101420417
0.168769912
0.229837228
0.548304129
1.123336763
2.692730938
8.763010425
22.28749151
22.4646584
20.02347495
1.084723052
0.716413752
0
0.074480619
0.245627572
0.258305124
0.489617627
9.978385595
17.0329521
20.38259185
23.38131869
23.69771737
1.121963361
0.989060357
0.1719393
0.367649011
0.257031709
0.620407706
0.478973765
12.3024328
15.56922596
23.59896751
19.74056027
21.35775977
1.379476138
0.832677469
0.094289294
0.010300511
0.237157656
0.612484236
0.43639832
10.01878742
16.68253901
24.5540798
22.41991276
21.84055616
1.18852051
0.603425069
0.045163779
0.316938803
0.104391718
0.496009226
0.503536523
0.788397717
1.190022719
1.233281893
1.954869408
2.220981224
1.429394
0.813846022
0.053087249
0.130737256
0.651790307
0.262266859
0.54529321
0.774288962
1.304888975
1.8382575
1.6880227
1.970893347
1.167127141
1.174099794
0.119644398
0.30980768
0.142113095
0.255928083
0.805658436
0.957466315
1.124749228
1.881691391
1.608418791
2.618739283
0.801062824
1.003798011
0
0.137868379
0.18718515
0.438167895
0.198958333
0.74867873
1.171352023
2.05453712
1.83030914
2.200171468
1.363629198
0.426573217
0.225818897
0.335162784
0.110532407
0.342293907
0.474061214
0.866329815
1.089184671
1.784796894
1.942432464
2.538052984
1.077591929
1.003798011
0.265436247
0.058633678
0.061406893
0.268605635
0.185858196
0.739442287
1.171652092
1.789550976
1.774606316
2.309051355
1.128302137
0.743432785
0.020601022
0.05546429
0.143867578
0.780461801
0.490436385
0.895719252
1.217946245
1.712463079
1.884734253
1.835429527
1.237646024
1.25679441
0.297130127
0.122813786
0.057595431
0.460353611
0.544474451
0.897486476
0.802683471
1.966773281
1.804532972
1.928600823
1.014204168
1.10204904
0.003961735
0.203633181
0.227205504
0.087158171
0.616525206
0.872668592
1.075321502
1.598838029
1.738150056
1.990588563
0.966663348
0.716413752
0.255135736
0.035655615
0.266681364
0.209971957
0.618981481
0.906121399
1.016132973
2.517719949
1.94402338
2.876335305
1.020542944
0.885896776
0.060218372
0.143414808
0.135972406
0.019016328
0.801564643
0.688346276
0.995756173
1.712309588
1.566635968
2.106987311
1.487235331
0.547749486
0.419943913
0.331993396
0
0.647347504
0.537105624
0.883020958
1.311992027
2.122913348
2.052033552
2.205855624
1.163165406
1.054561043
0.020601022
0.286829616
0.267558605
0.221064815
0.858877743
0.978077708
1.128071416
1.665214722
1.952830463
2.044637346
1.106908768
1.029998285
0.042786738
0.14024542
0.20439723
0.576036274
0.974322702
0.957916418
1.301286008
1.735314616
1.891556319
2.221754973
1.269339904
0.495348937
0.015054593
0.379534216
0.076319996
0.760653126
0.576406036
0.923069743
1.449697788
1.81583325
1.956022667
1.791872428
0.716281694
0.387272805
0.15609236
0.026939798
0.335408685
0.099835723
0.374991427
0.730417413
1.425338649
1.983661473
2.162696635
2.107495285
0.978548553
1.247788066
0.257512777
0.125983174
0.247382055
0.082404089
0.725420096
1.365931568
1.348244599
1.251120072
1.836573244
1.926725394
1.207536838
0.838408779
0.114890316
0.290791351
0.157026198
0.839887827
0.294753086
0.866649243
0.992298954
1.833314665
1.710899127
2.018520662
1.471388391
0.900634431
0.118852051
0.263059206
0.118427579
0.305053598
0.985785322
0.521969999
1.256560785
1.908403027
1.593640067
1.886784122
1.182974081
0.736882716
0.070518884
0.240081143
0.289671137
0.630708217
0.958766289
0.838079119
1.22448774
1.628756389
1.844505011
1.905463392
1.840622096
1.355864198
0
0.622784747
0.148253785
0.435790854
0.530555556
1.194127091
1.392346108
1.762681701
2.07982585
2.278735854
1.017373556
0.873615398
0.117267357
0.221857162
0.050002756
0.743221492
0.564124657
0.698872876
1.364253258
1.692581807
1.784742964
1.941283008
1.091061828
0.684482167
0.324069926
0.324069926
0.188606886
0.322485232
0.515817901
0.935811596
1.141051526
1.726918226
2.001391793
2.167665466
1.081553664
0.542018176
0.465107693
0.168769912
0.118578828
0.501555655
0.64845679
1.091119906
0.899061214
1.814889486
1.699688039
1.647571588
1.205952144
0.781095679
0.091912253
0.198879099
0.553539278
0.181447464
0.564124657
0.887065661
1.300124314
1.716690313
1.76847496
2.068038409
1.141772036
0.858058985
0.051502555
0.142622461
0.257031709
0.327239314
0.7115012
1.024492234
1.281886574
1.798393319
2.031776849
1.590815758
1.01103478
0.805658436
0.080819395
0.261474512
0.203519988
0.952401102
0.744251543
0.912578405
1.189519033
2.006110613
1.898558841
1.541510202
1.141772036
0.541199417
0.026147451
0.1854092
0.033032673
0.56652811
0.411835562
1.029217277
1.168895748
1.688713411
1.549469833
1.920852623
1.175050611
0.449498457
0.096666335
0.195709711
0
0.337539825
0.384816529
0.874074904
1.528373628
2.103834794
2.010035013
1.905099023
1.194859286
0.650913066
0.167185218
0.312184721
0.197379299
0.334370437
0.646819273
1.003262727
1.07599237
1.830560119
1.622025587
1.707109482
0.622784747
0.863790295
0.233742367
0.214726039
0.628982033
0.1854092
0.849052641
1.252652911
1.135356653
2.345266245
1.860853909
1.724492027
0.964286307
0.862971536
0.258305124
0.311392374
0.094016071
0.44212963
0.720507545
1.018089158
1.157405264
1.33968248
1.836975641
2.057460991
1.21229092
0.093338477
0
0.478577592
0.31668412
0.319315844
0.815483539
0.847130957
1.014188957
1.639803614
1.455280101
2.244521605
1.075214888
0.949759945
0.101420417
0.199671446
0.31668412
0.410435749
0.515817901
1.017122577
1.139416152
1.741271738
1.818714324
1.62286737
1.00311131
0.887534294
0.051502555
0.200463793
0
0.587129132
0.649275549
0.812929361
0.976463906
1.293155947
2.344276849
1.414064643
1.091854175
0.7688143
0.219480121
0.096666335
0.498878069
0.655270974
0.491255144
1.017753136
1.160296639
1.802966945
1.495015681
1.684398577
1.018165903
0.731151406
0
0.412020443
0.378091013
0.455599529
0.99315415
0.879874386
1.328360768
1.891610248
1.951102648
1.614881259
1.107701115
0.856421468
0.0927046
0.312184721
0.253522744
0.21710308
0.554299554
0.952141826
1.123214592
1.547424665
1.982933426
1.917746914
0.989641411
0.447042181
0.077650007
0.114097969
0.130708958
0.507102084
0.365985082
0.691967841
1.128485082
1.301195573
1.683104756
2.365680727
1.147318465
0.836771262
0