0.106348732
0
0
0
13.01217186
14.94536351
27.11860315
29.11681601
27.9733942
0
0
0
0
0
0
0
13.23871266
15.20000343
27.3214234
29.29879032
28.25705556
0
0
0
0
0
0
0
16.0396142
17.46535768
23.67752572
34.46915555
29.96607287
0
0
0
0.031086553
0
0
0
11.91045931
18.39697668
30.73346077
26.97880658
30.24195748
0
0
0
0
0
0
0
16.18114055
18.26676614
23.48547986
28.88764747
25.86699882
0
0
0
0.012271008
0
0
0
16.71836559
22.4476738
27.5027434
29.25713978
29.32593964
0
0
0
0.02167878
0
0
0
16.73383519
17.50543656
25.91546037
28.91565339
29.37171722
0
0
0
0.02167878
0
0
0
19.05667957
18.04862804
22.71428983
35.03884616
28.45603116
0
0
0
0.065854407
0
0
0
14.68611795
21.2183252
26.56852248
29.21202371
31.64813915
0
0
0
0.08098865
0
0
0
17.77413005
18.28196233
26.42912117
31.80777497
29.96210494
0
0
0
0.011861974
0
0
0
18.66582466
21.0680024
32.86992422
32.30514889
28.68399773
0
0
0
0.08098865
0
0
0
18.73435915
25.51441294
30.96493156
32.95060096
26.43626236
0
0
0
0.041721426
0
0
0
18.10071924
22.03124401
26.83199567
32.11137212
30.63392025
0
0
0
0.016361343
0
0
0
19.2790224
19.61469721
28.93338647
33.53777549
27.0431115
0
0
0
0.014316175
0
0
0
19.02384949
23.16722187
29.93326081
33.5096243
27.63917891
0
0
0
0.022087814
0
0
0
19.23316954
23.35543804
28.23723298
33.78055095
32.0899921
0
0
0
0.016361343
0
0
0
19.3200859
25.78694799
36.81343291
36.4418928
31.28986989
0
0
0
0.033540754
0
0
0
19.34866474
24.71342567
32.099752
34.79587741
32.97308517
0
0
0
0.071989911
0
0
0
11.91932684
20.39635208
34.10516719
34.23230668
28.04908966
0
0
0
0.000818067
0
0
0
19.36173334
23.63866972
32.41056538
37.06388953
37.99672374
0
0
0
0.046629829
0
0
0
21.09004943
25.27580133
33.70403469
41.94650654
33.89647027
0
0
0
0.065854407
0
0
0
20.23477542
33.371052
37.83463852
40.26686529
31.8700528
0
0
0
0.083033818
0
0
0
23.66644162
27.92889112
33.54726588
40.33821039
31.54280543
0
0
0
0.04335756
0
0
0
17.37194183
24.94583218
32.08456056
42.06565636
29.37113002
0
0
0
0.025769116
0
0
0
22.8389162
29.58183432
35.22315187
40.06458111
30.74190626
0
0
0
0
0
0
0
23.25408702
30.0181581
35.52115128
40.28575015
30.97344833
0
0
0
0
0
0
0
22.77798387
30.108375
44.26258065
41.35245968
33.449625
0
0
0
0.076898314
0
0
0
20.34233224
28.35311114
32.64234709
39.59294719
38.39327119
0
0
0
0.079761549
0
0
0
27.39307649
30.10157771
36.30229569
43.32616146
30.55997737
0
0
0
0
0
0
0
26.29917382
28.44967918
47.33104152
46.13562453
32.11686985
0
0
0
0.019224579
0
0
0
26.6767695
29.2512525
47.4124244
46.48048486
21.70771962
0
0
0
0
0
0
0
25.81177428
27.90994695
43.70227052
44.43643776
26.19302604
0
0
0
0.038040123
0
0
0
21.22661756
30.15948579
49.9517685
45.37574044
27.61639344
0
0
0
0
0
0
0
28.82632704
33.92093912
36.86632301
51.65207171
29.05772204
0
0
0
0.02740525
0
0
0
26.28159893
31.01362422
41.48881419
46.66488482
21.97489417
0
0
0
0.056446635
0
0
0
23.81537651
28.93747759
36.82008798
45.35692311
27.82449769
0
0
0
0.004499369
0
0
0
25.35768558
31.11599335
46.00144244
49.69943825
28.84843108
0
0
0
0.025360082
0
0
0
25.26505192
33.87571027
51.18740601
49.17441813
26.65908026
0
0
0
0.062173105
0
0
0
29.35965413
36.72306645
45.2420659
51.33792629
30.46686143
0
0
0
0.095304825
0
0
0
28.1497571
32.28691837
50.76862351
45.1139069
31.1353374
0
0
0
0.035585922
0
0
0
30.55754381
36.20024785
54.08301687
48.84092776
23.29675318
0
0
0
0.046220795
0
0
0
2.909479955
3.651802126
4.614524426
5.719829417
3.149871399
0
0
0
0.067490542
0
0
0
3.325828023
3.974471879
5.531481481
5.928003451
2.786227709
0
0
0
0.130890747
0
0
0
3.216784482
3.959106653
5.586003252
5.28365525
4.55835048
0
0
0
0
0
0
0
2.96895825
3.820819616
6.463308111
6.081655715
2.673549383
0
0
0
0.030677519
0
0
0
3.514175959
3.667167353
5.620698925
6.502960308
3.866915295
0
0
0
0.095304825
0
0
0
2.859914709
3.749115226
5.675220696
5.838786008
3.144749657
0
0
0
0.062173105
0
0
0
3.410088942
3.738871742
5.372872693
5.853655582
2.857932099
0
0
0
0.058082769
0
0
0
3.038349595
3.590341221
5.838786008
5.784264237
3.283036694
0
0
0
0.002045168
0
0
0
3.623219501
3.933497942
4.986263773
5.908177353
2.601844993
0
0
0
0.036403989
0
0
0
3.479480287
3.626193416
7.667743595
5.918090402
3.964228395
0
0
0
0
0
0
0
3.087914841
3.708141289
5.209307381
5.531481481
3.395715021
0
0
0
0.066263441
0
0
0
3.082958317
4.179341564
6.061829616
6.755743064
2.489166667
0
0
0
0.094486758
0
0
0
3.588523828
4.0256893
5.273742201
5.977568698
3.001340878
0
0
0
0
0
0
0
3.667828222
4.563472222
5.080437741
6.156003584
3.513515089
0
0
0
0
0
0
0
3.395219368
4.071784979
5.338177021
6.735916965
2.263810014
0
0
0
0.004090336
0
0
0
3.454697664
4.358602538
6.260090601
6.844960507
2.970610425
0
0
0
0.042539493
0
0
0
3.677741272
4.005202332
4.218002456
5.734698991
2.647940672
0
0
0
0.066263441
0
0
0
3.058175694
3.974471879
6.126264436
5.81895991
2.581358025
0
0
0
0.050311131
0
0
0
3.122610514
4.061541495
5.566177154
5.600872826
2.775984225
0
0
0
0.064627307
0
0
0
3.415045467
4.158854595
4.966437674
5.749568565
2.258688272
0
0
0
0.055219534
0
0
0
3.50426291
3.907889232
5.164698659
6.056873092
2.407218793
0
0
0
0.026996217
0
0
0
3.271306252
4.399576475
5.110176888
5.962699124
2.509653635
0
0
0
0.092850624
0
0
0
3.415045467
4.307385117
5.41252489
5.952786075
2.525018861
0
0
0
0.043766594
0
0
0
3.127567038
3.452054184
5.863568631
5.719829417
2.038453361
0
0
0
0.059718903
0
0
0
3.23661058
4.020567558
5.427394464
5.660351122
3.416201989
0
0
0
0.073626045
0
0
0
3.489393336
3.769602195
5.313394398
6.384003717
2.407218793
0
0
0
0.022905881
0
0
0
2.879740807
4.16909808
6.126264436
6.037046993
2.038453361
0
0
0
0.057264702
0
0
0
3.087914841
3.790089163
5.576090203
5.764438139
2.673549383
0
0
0
0.008998739
0
0
0
3.400175893
4.102515432
6.458351586
6.170873158
2.356001372
0
0
0
0.049902097
0
0
0
3.538958582
3.918132716
5.382785743
5.239046529
2.668427641
0
0
0
0.04908403
0
0
0
3.410088942
4.082028464
6.795395261
5.769394663
2.688914609
0
0
0
0
0
0
0
3.548871631
4.061541495
4.455915638
6.131220961
2.437949246
0
0
0
0
0
0
0
3.142436612
4.015445816
5.040785544
5.660351122
3.615949931
0
0
0
0
0
0
0
3.206871432
4.16909808
5.556264105
5.94782955
1.884801097
0
0
0
0.046629829
0
0
0
3.261393203
3.569854252
4.936698526
7.434786937
2.064062071
0
0
0
0
0
0
0
3.588523828
3.866915295
5.561220629
5.6157424
2.402097051
0
0
0
0.07526218
0
0
0
3.266349728
4.348359053
6.01226437
6.616960374
2.478923182
0
0
0
0
0
0
0
3.142436612
3.713263032
4.634350524
6.349308045
2.263810014
0
0
0
0.012271008
0
0
0
2.959045201
3.836184842
4.644263574
5.88339473
3.211332305
0
0
0
