1.550014999999999965e+01
4.516600000000000392e+00
1.365244999999999997e+01
3.192415000000000092e+01
4.896405000000000030e+01
4.845080000000000098e+01
5.727869999999999351e+01
5.984494999999999720e+01
5.799725000000000108e+01
5.861315000000000452e+01
2.904994999999999905e+01
2.278829999999999956e+01
1.590625393000000010e+01
4.634934920000000069e+00
1.401014419000000011e+01
3.276056273000000374e+01
5.024690810999999968e+01
4.972021096000000284e+01
5.877940193999999252e+01
6.141288768999999803e+01
5.951677794999999804e+01
6.014881453000000278e+01
2.981105868999999942e+01
2.338535346000000104e+01
1.631822590678699925e+01
4.754979734427999816e+00
1.437300692452100037e+01
3.360906130470700504e+01
5.154830303004899861e+01
5.100796442386400287e+01
6.030178845024599354e+01
6.300348148117100067e+01
6.105826249890499469e+01
6.170666882632700379e+01
3.058316511007100047e+01
2.399103411461400270e+01
1.673597249000074783e+01
4.876707215629356718e+00
1.474095590178873749e+01
3.446945327410750792e+01
5.286793958761825252e+01
5.231376831311492026e+01
6.184551423457229191e+01
6.461637060708898161e+01
6.262135401887696418e+01
6.328635954828097709e+01
3.136609413688881887e+01
2.460520458794812271e+01
1.715939259399776518e+01
5.000087908184779550e+00
1.511390208610399277e+01
3.534153044194242455e+01
5.420549845918499443e+01
5.363730665143673093e+01
6.341020574470697113e+01
6.625116478344833126e+01
6.420567427555455708e+01
6.488750444485248181e+01
3.215965631855210916e+01
2.522771626402321132e+01
1.758837740884770895e+01
5.125090105889398728e+00
1.549174963825659290e+01
3.622506870299098836e+01
5.556063592066461609e+01
5.497823931772264672e+01
6.499546088832464363e+01
6.790744390303453315e+01
6.581081613244342066e+01
6.650969205597380096e+01
3.296364772651590869e+01
2.585840917062379063e+01
1.802281033084624795e+01
5.251679831504866947e+00
1.587439585432153066e+01
3.711982789995486343e+01
5.693298362790503120e+01
5.633620182887039363e+01
6.660084877226626077e+01
6.958475776743948416e+01
6.743634329091477753e+01
6.815248144975635114e+01
3.377784982536085323e+01
2.649711187713819882e+01
1.846076462188581147e+01
5.379295651410434864e+00
1.626014367358154544e+01
3.802183971792376838e+01
5.831645513006312598e+01
5.770517153331194748e+01
6.821924939743233551e+01
7.127566738118827061e+01
6.907504643288400814e+01
6.980858674898543370e+01
3.459865157611712050e+01
2.714099169575265691e+01
1.890382297281107071e+01
5.508398747044285670e+00
1.665038712174750302e+01
3.893436387115394126e+01
5.971605005318463810e+01
5.909009565011143650e+01
6.985651138297070872e+01
7.298628339833679490e+01
7.073284754727322365e+01
7.148399283096108547e+01
3.542901921394393128e+01
2.779237549645072036e+01
1.935184357726669191e+01
5.638947797349235458e+00
1.704500129653292007e+01
3.985710829490029283e+01
6.113132043944511196e+01
6.049053091701907903e+01
7.151211070274710835e+01
7.471605831487737248e+01
7.240921603414359708e+01
7.317816346105486502e+01
3.626868696931440184e+01
2.845105479571660112e+01
1.980467671697473264e+01
5.770899175807207904e+00
1.744385432687179005e+01
4.078976462900095612e+01
6.256179333772812612e+01
6.190600934047732551e+01
7.318549409319139443e+01
7.646441407944550406e+01
7.410359168934255081e+01
7.489053248604355417e+01
3.711737424439635902e+01
2.911680947793637131e+01
2.026018428146515049e+01
5.903629856850773905e+00
1.784506297638984051e+01
4.172792921546798084e+01
6.400071458449586714e+01
6.332984755530830512e+01
7.486876045733480112e+01
7.822309560327275335e+01
7.580797429819743627e+01
7.661301473322255617e+01
3.797107385201747576e+01
2.978649609592890712e+01
2.072009046465440818e+01
6.037642254601286673e+00
1.825014590595388952e+01
4.267515320865910411e+01
6.545353080556392911e+01
6.476743509481380556e+01
7.656828131971630569e+01
7.999875987346705131e+01
7.752881531476651844e+01
7.835213016766671501e+01
3.883301722845827442e+01
3.046264955730649504e+01
2.118214848201620271e+01
6.172281676878895063e+00
1.865712415965666082e+01
4.362680912521220478e+01
6.691314454252800203e+01
6.621174889742815139e+01
7.827575399314598315e+01
8.178273221864536424e+01
7.925770789628580815e+01
8.009938267040568860e+01
3.969899351265289056e+01
3.114196664243442925e+01
2.164815574862056025e+01
6.308071873770230376e+00
1.906758089116910782e+01
4.458659892596687513e+01
6.838523372246362442e+01
6.766840737317157561e+01
7.999782058099519588e+01
8.358195232745556780e+01
8.100137747000410116e+01
8.186156908915461372e+01
4.057237136993125404e+01
3.182708990856798792e+01
2.211575591279076392e+01
6.444326226243667577e+00
1.947944063841836027e+01
4.554966946276775985e+01
6.986235477086883350e+01
6.913004497243208846e+01
8.172577350554469433e+01
8.538732249772860428e+01
8.275100722335619707e+01
8.362977898148035649e+01
4.144873459152177020e+01
3.251455505059306006e+01
2.258682151373320579e+01
6.581590374862657633e+00
1.989435272401667021e+01
4.651987742232471135e+01
7.135042292748833859e+01
7.060251493034489556e+01
8.346653248121279489e+01
8.720607246693022319e+01
8.451360367721368050e+01
8.541109327378589455e+01
4.233159263832118313e+01
3.320711507317069078e+01
2.306114476552160397e+01
6.719803772734773695e+00
2.031213413122102196e+01
4.749679484819353092e+01
7.284878180896559741e+01
7.208516774388213832e+01
8.521932966331826265e+01
8.903739998873575701e+01
8.628838935443516789e+01
8.720472623253539268e+01
4.322055608372593127e+01
3.390446448970727289e+01
2.353620434769134917e+01
6.858231730453110409e+00
2.073056409432417624e+01
4.847522882206632033e+01
7.434946671423028874e+01
7.357012219940611431e+01
8.697484785438261667e+01
9.087157042850371624e+01
8.806593017513652910e+01
8.900114359292561517e+01
4.411089953905068484e+01
3.460289645819523940e+01
2.401398929594948228e+01
6.997453834581308207e+00
2.115139454543895781e+01
4.945927596715426944e+01
7.585876088852916155e+01
7.506359568005406402e+01
8.874043726582658564e+01
9.271626330820234330e+01
8.985366855769180461e+01
9.080786680786199838e+01
4.500635079969341490e+01
3.530533525629660119e+01
2.449186768293887795e+01
7.136703165889476175e+00
2.157230729689319304e+01
5.044351555890064276e+01
7.736835023021089341e+01
7.655736123408713922e+01
9.050637196741654122e+01
9.456131694803556798e+01
9.164175656198986530e+01
9.261494335733844707e+01
4.590197718060731091e+01
3.600791142789690014e+01
2.497190828952447816e+01
7.276582547940909862e+00
2.199512451991229867e+01
5.143220846385509759e+01
7.888476989472302137e+01
7.805788551427524169e+01
9.228029685797790194e+01
9.641471876021707033e+01
9.343793499060487306e+01
9.443019624714227689e+01
4.680165593334721308e+01
3.671366649188367859e+01
2.545136892868334755e+01
7.416292932861375142e+00
2.241743091069461613e+01
5.241970686636111765e+01
8.039935747670170940e+01
7.955659691614933138e+01
9.405207855765107183e+01
9.826588136041323196e+01
9.523194334242448633e+01
9.624325601508741101e+01
4.770024772726748097e+01
3.741856888852784380e+01
2.593239980143546219e+01
7.556460869292455307e+00
2.284112035490674586e+01
5.341043932613533940e+01
8.191890533301136657e+01
8.106021659786455302e+01
9.582966284239067534e+01
1.001231065181250415e+02
9.703182707159631093e+01
9.806225355377256392e+01
4.860178240931283966e+01
3.812577984052101954e+01
2.641474243774216291e+01
7.697011041461294667e+00
2.326596519350801273e+01
5.440387349760145952e+01
8.344259697220537930e+01
8.256793662658483868e+01
9.761209457125914923e+01
1.019853962993621650e+02
9.883661905512799706e+01
9.988621146987273391e+01
4.950577556212606112e+01
3.883491934555470948e+01
2.689549075010906876e+01
7.837096642415890102e+00
2.368940576002986020e+01
5.539402399525780396e+01
8.496125223709951513e+01
8.407067307318868643e+01
9.938863469245606552e+01
1.038415305120105501e+02
1.006354455219313309e+02
1.017041405186244134e+02
5.040678067735675683e+01
3.954171487764380544e+01
2.737692003453602041e+01
7.977380672315134369e+00
2.411344612313439484e+01
5.638557702477292111e+01
8.648205865214359278e+01
8.557553812119876113e+01
1.011676912534510251e+02
1.057002939081755386e+02
1.024368199967739059e+02
1.035246446339077835e+02
5.130906205148144039e+01
4.024951157395362600e+01
2.785601613514040054e+01
8.116984834080648525e+00
2.453543143028924689e+01
5.737232462270644362e+01
8.799549467855609919e+01
8.707311003831974006e+01
1.029381258503864132e+02
1.075500490515686067e+02
1.042294643467174495e+02
1.053363259150011686e+02
5.220697063738236920e+01
4.095387802649781150e+01
2.833513961266481473e+01
8.256596973226836056e+00
2.495744085089022235e+01
5.835912860621699139e+01
8.950901718702726839e+01
8.857076753097884136e+01
1.047086616150130567e+02
1.093999098952555897e+02
1.060222111334809938e+02
1.071481107207391830e+02
5.310493053234534955e+01
4.165828472855357489e+01
2.881400347211884849e+01
8.396133462074368836e+00
2.537922160127026672e+01
5.934539787966205893e+01
9.102171957748802811e+01
9.006761350225238516e+01
1.064782379963067740e+02
1.112487683724854151e+02
1.078139865016368191e+02
1.089589137919196702e+02
5.400240385834198520e+01
4.236230974046613085e+01
2.929231592975602183e+01
8.535509277544802487e+00
2.580051667985135211e+01
6.033053148446445135e+01
9.253268012247433205e+01
9.156273588638977401e+01
1.082457767470454684e+02
1.130954979274686707e+02
1.096036986775639832e+02
1.107676317608655410e+02
5.489884376239046304e+01
4.306552408215787153e+01
2.976685144781806969e+01
8.673784527841029046e+00
2.621848505006494534e+01
6.130788609451277438e+01
9.403170954045842223e+01
9.304605220774928398e+01
1.099993583303476044e+02
1.149276449938936651e+02
1.113792785961405230e+02
1.125620673953915656e+02
5.578820503134118525e+01
4.376318557228882611e+01
3.024014438583837716e+01
8.811697701833701046e+00
2.663535896236097855e+01
6.228268148341553001e+01
9.552681372215171507e+01
9.452548443785249788e+01
1.117483481278001278e+02
1.167549945492965691e+02
1.131502091258191598e+02
1.143518042669782915e+02
5.667523749133950872e+01
4.445902022288822053e+01
3.071189063825745436e+01
8.949160185982306004e+00
2.705087056217380947e+01
6.325429131455680931e+01
9.701703201621728567e+01
9.600008199508299356e+01
1.134916223585938155e+02
1.185763724642655887e+02
1.149153523881819439e+02
1.161356924135431541e+02
5.755937119620440257e+01
4.515258093836527564e+01
3.118178256502279311e+01
9.086082336827836059e+00
2.746474888177506912e+01
6.422208197166952459e+01
9.850139260606540859e+01
9.746888324960775662e+01
1.152280441806802997e+02
1.203905909629688580e+02
1.166735572797211233e+02
1.179125685074703682e+02
5.844002957550632971e+01
4.584341542672226666e+01
3.164950930349813518e+01
9.222373571880254417e+00
2.787672011500169589e+01
6.518541320124457172e+01
9.997891349515639092e+01
9.893091649835187695e+01
1.169564648433905063e+02
1.221964498274133888e+02
1.184236606389169424e+02
1.196812570350824245e+02
5.931663001913892685e+01
4.653106665812310183e+01
3.211475709025955894e+01
9.357942463386894616e+00
2.828650790069222154e+01
6.614363877530286118e+01
1.014486035235351835e+02
1.003852009708776478e+02
1.186757248765883475e+02
1.239927376398763670e+02
1.201644884503090225e+02
1.214405715134981421e+02
6.018858448042026765e+01
4.721507333799750938e+01
3.257720959235929570e+01
9.492696834859666311e+00
2.869383361446218927e+01
6.709610717366722099e+01
1.029094634142740858e+02
1.018307478648582816e+02
1.203846553148112264e+02
1.257782330618905888e+02
1.218948570839934717e+02
1.231893157432925108e+02
6.105530009693831772e+01
4.789497039406467138e+01
3.303654824761156306e+01
9.626543860231187466e+00
2.909841666842610763e+01
6.804216228481593021e+01
1.043604868484153485e+02
1.032665614097527822e+02
1.220820789547500596e+02
1.275517061480632464e+02
1.236135745688777803e+02
1.249262850952729309e+02
6.191617982830514677e+01
4.857028947662098517e+01
3.349245261342860402e+01
9.759390165502377812e+00
2.949997481845038649e+01
6.898114412434638609e+01
1.058006615669234804e+02
1.046916399572073715e+02
1.237668116443256139e+02
1.293119196929065140e+02
1.253194418979283000e+02
1.266502678295876905e+02
6.277062310993575522e+01
4.924055947139835610e+01
3.394460072370988968e+01
9.891141932736660536e+00
2.989822447849946840e+01
6.991238957002505572e+01
1.072289704980769471e+02
1.061049770966296677e+02
1.254376636015240081e+02
1.310576306087607463e+02
1.270112543635503357e+02
1.283600464452871108e+02
6.361802652191988727e+01
4.990530702426223542e+01
3.439266945326286162e+01
1.002170500624878358e+01
3.029288104161566153e+01
7.083523311234938546e+01
1.086443929086515681e+02
1.075055627943051775e+02
1.270934407610641301e+02
1.327875913327963815e+02
1.286878029211491992e+02
1.300543990583649077e+02
6.445778447200922301e+01
5.056405707698250040e+01
3.483633488920995092e+01
1.015098500082939204e+01
3.068365920705250360e+01
7.174900761949869832e+01
1.100459055771731727e+02
1.088923845543517075e+02
1.287329461468818579e+02
1.345005512609894538e+02
1.303478755788320314e+02
1.317321008062178294e+02
6.528928989169814656e+01
5.121633341327557787e+01
3.527527270881399346e+01
1.027888741183984322e+01
3.107027331306136375e+01
7.265304511550438349e+01
1.114324839874455506e+02
1.102644285997365330e+02
1.303549812683325797e+02
1.361952582068779236e+02
1.319902588111253010e+02
1.333919252763761847e+02
6.611193494433354090e+01
5.186165921428285230e+01
3.570915856313240511e+01
1.040531772700547286e+01
3.145243767481201758e+01
7.354667757042508924e+01
1.128031035404911364e+02
1.116206810715132889e+02
1.319583475379330650e+02
1.378704598828225301e+02
1.336137389945021425e+02
1.350326459572756050e+02
6.692511174414885033e+01
5.249955762261853209e+01
3.614123938174630979e+01
1.053122207150223844e+01
3.183301217067724309e+01
7.443659236902723819e+01
1.141680210933310775e+02
1.129712913124785985e+02
1.335550435431420624e+02
1.395386924474046850e+02
1.352304652363356183e+02
1.366665409733586500e+02
6.773490559625305707e+01
5.313480226985221577e+01
3.656770600645091918e+01
1.065549049194596520e+01
3.220864171429123246e+01
7.531494415898175987e+01
1.155152037422323872e+02
1.143043525499658415e+02
1.351309930569511266e+02
1.411852490182840540e+02
1.368261847261243815e+02
1.382792061568442818e+02
6.853417748228883966e+01
5.376179293663647485e+01
3.698823462552510222e+01
1.077802863260334298e+01
3.257904109400558212e+01
7.618106601681004975e+01
1.168436285852680641e+02
1.156188526042904527e+02
1.366849994771060608e+02
1.428088793819943305e+02
1.383996858504748104e+02
1.398694170276479838e+02
6.932232052333516492e+01
5.438005355540779107e+01
3.740620167679353614e+01
1.089982035615176059e+01
3.294718425836784803e+01
7.704191206280000870e+01
1.181639615882815946e+02
1.169253456387189374e+02
1.382295399711973687e+02
1.444226197190108678e+02
1.399636023005851655e+02
1.414499414400603996e+02
7.010566274524884989e+01
5.499454816058389639e+01
3.781766989523826794e+01
1.101971838006942939e+01
3.330960328520989577e+01
7.788937309549081078e+01
1.194637651657526902e+02
1.182115244407448529e+02
1.397500649108805533e+02
1.460112685359199816e+02
1.415032019258916023e+02
1.430058907959010526e+02
7.087682503544658630e+01
5.559948819035032130e+01
3.822231896311731703e+01
1.113762936673617254e+01
3.366601604036164019e+01
7.872278938761256484e+01
1.207420274530262390e+02
1.194763877522608198e+02
1.412453906054269623e+02
1.475735891092543284e+02
1.430172861864986373e+02
1.445360538274171915e+02
7.163520706332586485e+01
5.619440271398706699e+01
3.862365331223004716e+01
1.125457447508690301e+01
3.401950920878543627e+01
7.954937867618249925e+01
1.220098187412830129e+02
1.207308898236595525e+02
1.427284672067839324e+02
1.491231117949014902e+02
1.445189676914568793e+02
1.460536823926050829e+02
7.238737673749078283e+01
5.678444394248393223e+01
3.901761457601479322e+01
1.136937113473278949e+01
3.436650820271504614e+01
8.036078233867955589e+01
1.232543188924441040e+02
1.219623448998608808e+02
1.441842975722931328e+02
1.506441675352094762e+02
1.459930611619097363e+02
1.475434299530096496e+02
7.312572798021318476e+01
5.736364527069726904e+01
3.940779072177494413e+01
1.148306484608011679e+01
3.471017328474219710e+01
8.116439016206635415e+01
1.244868620813685425e+02
1.231819683488594848e+02
1.456261405480160533e+02
1.521506092105615835e+02
1.474529917735288223e+02
1.490188642525397427e+02
7.385698526001532116e+01
5.793728172340424010e+01
3.979398707084833831e+01
1.159559888157170171e+01
3.505033298293267308e+01
8.195980118565459804e+01
1.257068333297659564e+02
1.243891516386783138e+02
1.470532767253866098e+02
1.536416851808250783e+02
1.488980310929094060e+02
1.504792491222146396e+02
7.458078371556347008e+01
5.850506708429360003e+01
4.017202994802139671e+01
1.170575707094663365e+01
3.538331114627053609e+01
8.273841929691832320e+01
1.269010482463987302e+02
1.255708485792457623e+02
1.484502828542777877e+02
1.551012811900429256e+02
1.503125623882920365e+02
1.519088019888756662e+02
7.528930116086132784e+01
5.906086522159439056e+01
4.054562982653799708e+01
1.181462061170643807e+01
3.571237593993085113e+01
8.350788659637966305e+01
1.280812279950902450e+02
1.267386574710327523e+02
1.498308704848225830e+02
1.565437231051103311e+02
1.517104692185031638e+02
1.533215538473722006e+02
7.598949166165733971e+01
5.961013126815522156e+01
4.091459505795949525e+01
1.192213365927296742e+01
3.603735856098422374e+01
8.426780836440671862e+01
1.292467671698455547e+02
1.278919792540191480e+02
1.511943314062344825e+02
1.579682709853668428e+02
1.530910344883915286e+02
1.547167799873832905e+02
7.668099603577842061e+01
6.015258346269543210e+01
4.127464349446953662e+01
1.202704843547456903e+01
3.635448731632088482e+01
8.500936507801350217e+01
1.303841387209402001e+02
1.290174286714545246e+02
1.525248415226093357e+02
1.593583917700380823e+02
1.544382355918893666e+02
1.560782876512722623e+02
7.735578880089326503e+01
6.068192619716715086e+01
4.162960542852197676e+01
1.213048105201965043e+01
3.666713590724124572e+01
8.574044561768441497e+01
1.315054423139402786e+02
1.301269785580290375e+02
1.538365551597037779e+02
1.607288739392604100e+02
1.557664044179796292e+02
1.574205609250732039e+02
7.802104858458095293e+01
6.120379076246278771e+01
4.197929411412155787e+01
1.223237709285661623e+01
3.697513984886207083e+01
8.646066536087296583e+01
1.326100880293773798e+02
1.312200451779164894e+02
1.551287822230452775e+02
1.620789964803501846e+02
1.570748422150906549e+02
1.587428936368438315e+02
7.867642539269142787e+01
6.171790260486747570e+01
4.232352432585735613e+01
1.233268258501804127e+01
3.727833599562274003e+01
8.716964281683212334e+01
1.336974907512182824e+02
1.322960495483754073e+02
1.564008382372742574e+02
1.634080442514890592e+02
1.583628559212544076e+02
1.600445853646659486e+02
7.932157208091149414e+01
6.222398940622738905e+01
4.266211252046421265e+01
1.243134404569818585e+01
3.757656268358772422e+01
8.786699995936677965e+01
1.347670706772280198e+02
1.333544179447624174e+02
1.576520449431724558e+02
1.647153086055009794e+02
1.596297587686244412e+02
1.613249420475832778e+02
7.995614465755878086e+01
6.272178132147720930e+01
4.299487699812383568e+01
1.252830852925463212e+01
3.786965987251971200e+01
8.855236255904983977e+01
1.358182538285103931e+02
1.343945824047315512e+02
1.588817308937292125e+02
1.660000880126238769e+02
1.608748708870197106e+02
1.625832765955544232e+02
8.057980258588773381e+01
6.321101121578472970e+01
4.332163806330957811e+01
1.262352367407696718e+01
3.815746928755086032e+01
8.922536051449861816e+01
1.368504725576070769e+02
1.354159812310075210e+02
1.600892320485215521e+02
1.672616886815198143e+02
1.620975199057610610e+02
1.638189094976806359e+02
8.119220908554048322e+01
6.369141490102469305e+01
4.364221818497806993e+01
1.271693774926513676e+01
3.843983456027874013e+01
8.988562818230590779e+01
1.378631660545333659e+02
1.364180594921169813e+02
1.612738923656806094e+02
1.684994251777630723e+02
1.632970415530637069e+02
1.650311694279634764e+02
8.179303143277348909e+01
6.416273137129228132e+01
4.395644215590991166e+01
1.280849970105984603e+01
3.871660136911274464e+01
9.053280470521850987e+01
1.388557808501259956e+02
1.374002695204602276e+02
1.624350643907135066e+02
1.697126210390429719e+02
1.644727802522457694e+02
1.662193938478448274e+02
8.238194125908945864e+01
6.462470303716558817e+01
4.426413725100128005e+01
1.289815919896726548e+01
3.898761757869653621e+01
9.116653433815504570e+01
1.398277713160768769e+02
1.383620714071034570e+02
1.635721098414485084e+02
1.709006093863162619e+02
1.656240897140114896e+02
1.673829296047797470e+02
8.295861484790307827e+01
6.507707595842575188e+01
4.456513338430809057e+01
1.298586668152024259e+01
3.925273337823167452e+01
9.178646677165450285e+01
1.407786001610261906e+02
1.393029334926717695e+02
1.646844001883703470e+02
1.720627335301432197e+02
1.667503335240667752e+02
1.685211335260922567e+02
8.352273342886881835e+01
6.551960007494304250e+01
4.486371977798295774e+01
1.307287198828642794e+01
3.951572669186582942e+01
9.240143609902459332e+01
1.417218167821050656e+02
1.402362631470726626e+02
1.657877856696324272e+02
1.732155538447951812e+02
1.678675607586780245e+02
1.696502251207170673e+02
8.408233574284223266e+01
6.595858139544516519e+01
4.515533395653984883e+01
1.315784565621028968e+01
3.977257891536295631e+01
9.300204543366825760e+01
1.426430085911887602e+02
1.411477988575286417e+02
1.668654062764850323e+02
1.743414549447863635e+02
1.689586999036094426e+02
1.707529515840017211e+02
8.462887092517070187e+01
6.638731217451555722e+01
4.543981256046605210e+01
1.324074008384441470e+01
4.002314616252974133e+01
9.358795831990036618e+01
1.435416595453132516e+02
1.420370299903310638e+02
1.679166583360268987e+02
1.754398061109385196e+02
1.700231397130021946e+02
1.718286951789809223e+02
8.516203281199928199e+01
6.680555224121501112e+01
4.571699541708489534e+01
1.332150859835586587e+01
4.026728735412117288e+01
9.415884486565175848e+01
1.444172636685396753e+02
1.429034558732720939e+02
1.689409499518766609e+02
1.765099889282152503e+02
1.710602808652515137e+02
1.728768502195727024e+02
8.568152121215247519e+01
6.721306610988642660e+01
4.599129738958740177e+01
1.340143764994600062e+01
4.050889107824590241e+01
9.472379793484566335e+01
1.452837672505509090e+02
1.437608766085117225e+02
1.699545956515879084e+02
1.775690488617845517e+02
1.720866425504430310e+02
1.739141113208901288e+02
8.619561033942538586e+01
6.761634450654574380e+01
4.625804691444700723e+01
1.347916598831568713e+01
4.074384264649972920e+01
9.527319596286777426e+01
1.461264131006041112e+02
1.445946896928410865e+02
1.709403323063671110e+02
1.785989493451829162e+02
1.730847450772355955e+02
1.749228131665512933e+02
8.669554487939404908e+01
6.800851930468371620e+01
4.651709197716790811e+01
1.355464931785025584e+01
4.097200816532012624e+01
9.580672586025983151e+01
1.469447210139674951e+02
1.454044199551209999e+02
1.718975981672827800e+02
1.795991034615159379e+02
1.740540196496681062e+02
1.759023809202839743e+02
8.718103993071865432e+01
6.838936701278994690e+01
4.677293598304233058e+01
1.362919988909843205e+01
4.119735421022938482e+01
9.633366285249125838e+01
1.477529169795443238e+02
1.462041442648741736e+02
1.728430349572028319e+02
1.805868985305542651e+02
1.750113167577412696e+02
1.768698440153455351e+02
8.766053565033760719e+01
6.876550853136029673e+01
4.702083254375245502e+01
1.370143464851065396e+01
4.141570018754359950e+01
9.684423126560946571e+01
1.485360074395359220e+02
1.469790262294779950e+02
1.737591030424759992e+02
1.815440090927662027e+02
1.759388767365572903e+02
1.778072541886268709e+02
8.812513648928440091e+01
6.912996572657650063e+01
4.726534087297996933e+01
1.377268210868290943e+01
4.163106182851882409e+01
9.734782126819062853e+01
1.493083946782215037e+02
1.477433171658712752e+02
1.746626503782968882e+02
1.824880379400485992e+02
1.768537588955873900e+02
1.787318519104077268e+02
8.858338719902867808e+01
6.948944154835470499e+01
4.750166757734486822e+01
1.384154551922632415e+01
4.183921713766142148e+01
9.783456037453157705e+01
1.500549366516126213e+02
1.484820337517006408e+02
1.755359636301883768e+02
1.834004781297488478e+02
1.777380276900653371e+02
1.796255111699597649e+02
8.902630413502382112e+01
6.983688875609648505e+01
