0.000000000000000000e+00
0.000000000000000000e+00
2.463600000000000012e+00
9.238500000000000600e-01
3.284800000000000164e+00
6.364300000000000068e+00
1.201004999999999967e+01
1.313920000000000066e+01
6.056350000000000122e+00
0.000000000000000000e+00
0.000000000000000000e+00
0.000000000000000000e+00
0.000000000000000000e+00
0.000000000000000000e+00
2.528146319999999836e+00
9.480548700000001050e-01
3.370861760000000373e+00
6.531044660000000057e+00
1.232471330999999992e+01
1.348344704000000149e+01
6.215026370000000355e+00
0.000000000000000000e+00
0.000000000000000000e+00
0.000000000000000000e+00
0.000000000000000000e+00
0.000000000000000000e+00
2.593625309687999980e+00
9.726094911330001036e-01
3.458167079584000270e+00
6.700198716694000467e+00
1.264392338472899979e+01
1.383266831833600108e+01
6.375995552983000358e+00
0.000000000000000000e+00
0.000000000000000000e+00
0.000000000000000000e+00
0.000000000000000000e+00
0.000000000000000000e+00
2.660022117616012594e+00
9.975082941060049446e-01
3.546696156821350865e+00
6.871723803841367051e+00
1.296760782337806184e+01
1.418678462728540346e+01
6.539221039139365033e+00
0.000000000000000000e+00
0.000000000000000000e+00
0.000000000000000000e+00
0.000000000000000000e+00
0.000000000000000000e+00
2.727320677191697573e+00
1.022745253946886868e+00
3.636427569588930986e+00
7.045578416078553730e+00
1.329568830130952684e+01
1.454571027835572394e+01
6.704663331429591366e+00
0.000000000000000000e+00
0.000000000000000000e+00
0.000000000000000000e+00
0.000000000000000000e+00
0.000000000000000000e+00
2.795503694121490135e+00
1.048313885295559134e+00
3.727338258828654105e+00
7.221717876480517440e+00
1.362808050884226496e+01
1.490935303531461642e+01
6.872279914715330840e+00
0.000000000000000000e+00
0.000000000000000000e+00
0.000000000000000000e+00
0.000000000000000000e+00
0.000000000000000000e+00
2.864552635366290900e+00
1.074207238262359532e+00
3.819403513821721941e+00
7.400094308029586010e+00
1.396469409741066947e+01
1.527761405528688776e+01
7.042025228608799203e+00
0.000000000000000000e+00
0.000000000000000000e+00
0.000000000000000000e+00
0.000000000000000000e+00
0.000000000000000000e+00
2.934161264405691583e+00
1.100310474152134788e+00
3.912215019207589961e+00
7.579916599714705328e+00
1.430403616397774869e+01
1.564886007683035984e+01
7.213146441663993436e+00
0.000000000000000000e+00
0.000000000000000000e+00
0.000000000000000000e+00
0.000000000000000000e+00
0.000000000000000000e+00
3.004581134751428184e+00
1.126717925531786069e+00
4.006108179668571800e+00
7.761834598107857808e+00
1.464733303191321490e+01
1.602443271867428720e+01
7.386261956263929562e+00
0.000000000000000000e+00
0.000000000000000000e+00
0.000000000000000000e+00
0.000000000000000000e+00
0.000000000000000000e+00
3.075789707645037119e+00
1.153421140366889475e+00
4.101052943526717343e+00
7.945790078083014407e+00
1.499447482476955784e+01
1.640421177410686937e+01
7.561316364627384878e+00
0.000000000000000000e+00
0.000000000000000000e+00
0.000000000000000000e+00
0.000000000000000000e+00
0.000000000000000000e+00
3.147763186803930857e+00
1.180411195051474627e+00
4.197017582405242919e+00
8.131721565910156713e+00
1.534534553566916593e+01
1.678807032962097168e+01
7.738251167559665689e+00
0.000000000000000000e+00
0.000000000000000000e+00
0.000000000000000000e+00
0.000000000000000000e+00
0.000000000000000000e+00
3.220161740100421444e+00
1.207560652537658541e+00
4.293548986800563405e+00
8.318751161926090987e+00
1.569828848298955748e+01
1.717419594720225362e+01
7.916230944413538140e+00
0.000000000000000000e+00
0.000000000000000000e+00
0.000000000000000000e+00
0.000000000000000000e+00
0.000000000000000000e+00
3.293259411600701014e+00
1.234972279350263324e+00
4.391012548800936166e+00
8.507586813301813322e+00
1.605463963155342100e+01
1.756405019520374466e+01
8.095929386851725695e+00
0.000000000000000000e+00
0.000000000000000000e+00
0.000000000000000000e+00
0.000000000000000000e+00
0.000000000000000000e+00
3.366699096479396580e+00
1.262512161179774273e+00
4.488932128639197217e+00
8.697305999238443164e+00
1.641265809533706133e+01
1.795572851455678887e+01
8.276468612178518924e+00
0.000000000000000000e+00
0.000000000000000000e+00
0.000000000000000000e+00
0.000000000000000000e+00
0.000000000000000000e+00
3.440766476601943236e+00
1.290287428725729324e+00
4.587688635469259424e+00
8.888646731221689024e+00
1.677373657343447633e+01
1.835075454187703770e+01
8.458550921646446952e+00
0.000000000000000000e+00
0.000000000000000000e+00
0.000000000000000000e+00
0.000000000000000000e+00
0.000000000000000000e+00
3.515087032496545305e+00
1.318157637186205156e+00
4.686782709995395813e+00
9.080641500616078332e+00
1.713604928342066103e+01
1.874713083998158325e+01
8.641255621554011057e+00
0.000000000000000000e+00
0.000000000000000000e+00
0.000000000000000000e+00
0.000000000000000000e+00
0.000000000000000000e+00
3.589958386288721659e+00
1.346234394858271344e+00
4.786611181718297914e+00
9.274059164579201209e+00
1.750104713315752036e+01
1.914644472687319166e+01
8.825314366293111945e+00
0.000000000000000000e+00
0.000000000000000000e+00
0.000000000000000000e+00
0.000000000000000000e+00
0.000000000000000000e+00
3.665347512400784602e+00
1.374505317150295003e+00
4.887130016534381838e+00
9.468814407035363701e+00
1.786856912295382926e+01
1.954852006613752735e+01
9.010645967985267291e+00
0.000000000000000000e+00
0.000000000000000000e+00
0.000000000000000000e+00
0.000000000000000000e+00
0.000000000000000000e+00
3.740853671156240789e+00
1.402820126683591129e+00
4.987804894874989792e+00
9.663871983820291334e+00
1.823666164688667735e+01
1.995121957949995917e+01
9.196265274925764288e+00
0.000000000000000000e+00
0.000000000000000000e+00
0.000000000000000000e+00
0.000000000000000000e+00
0.000000000000000000e+00
3.816793000680712478e+00
1.431297375255268012e+00
5.089057334240951747e+00
9.860048585091842455e+00
1.860686587831847660e+01
2.035622933696380699e+01
9.382949460006758002e+00
0.000000000000000000e+00
0.000000000000000000e+00
0.000000000000000000e+00
0.000000000000000000e+00
0.000000000000000000e+00
3.892747181394258682e+00
1.459780193022847783e+00
5.190329575192346390e+00
1.005626355193517085e+01
1.897714250929701407e+01
2.076131830076938556e+01
9.569670154260892403e+00
0.000000000000000000e+00
0.000000000000000000e+00
0.000000000000000000e+00
0.000000000000000000e+00
0.000000000000000000e+00
3.969045026149585986e+00
1.488391884806095522e+00
5.292060034866116425e+00
1.025336631755310002e+01
1.934909450247923601e+01
2.116824013946446570e+01
9.757235689284405211e+00
0.000000000000000000e+00
0.000000000000000000e+00
0.000000000000000000e+00
0.000000000000000000e+00
0.000000000000000000e+00
4.045250690651657877e+00
1.516969008994372592e+00
5.393667587535546204e+00
1.045023095085011988e+01
1.972059711692683592e+01
2.157467035014218482e+01
9.944574614518666422e+00
0.000000000000000000e+00
0.000000000000000000e+00
0.000000000000000000e+00
0.000000000000000000e+00
0.000000000000000000e+00
4.121705928704974653e+00
1.545639723264366161e+00
5.495607904939967980e+00
1.064774031582118674e+01
2.009331640243675210e+01
2.198243161975987192e+01
1.013252707473306913e+01
0.000000000000000000e+00
0.000000000000000000e+00
0.000000000000000000e+00
0.000000000000000000e+00
0.000000000000000000e+00
4.198369658978887031e+00
1.574388622117083303e+00
5.597826211971851151e+00
1.084578828569546083e+01
2.046705208752207739e+01
2.239130484788740461e+01
1.032099207832310483e+01
0.000000000000000000e+00
0.000000000000000000e+00
0.000000000000000000e+00
0.000000000000000000e+00
0.000000000000000000e+00
4.274779986772302642e+00
1.603042495039614268e+00
5.699706649029739225e+00
1.104318163249511819e+01
2.083955243551497816e+01
2.279882659611895690e+01
1.050883413414858580e+01
0.000000000000000000e+00
0.000000000000000000e+00
0.000000000000000000e+00
0.000000000000000000e+00
0.000000000000000000e+00
4.351298548535527111e+00
1.631736955700823444e+00
5.801731398047371258e+00
1.124085458371678037e+01
2.121258042411069766e+01
2.320692559218948503e+01
1.069694226514984514e+01
0.000000000000000000e+00
0.000000000000000000e+00
0.000000000000000000e+00
0.000000000000000000e+00
0.000000000000000000e+00
4.427446273134898469e+00
1.660292352425587925e+00
5.903261697513200623e+00
1.143756953893182349e+01
2.158380058153263548e+01
2.361304679005280249e+01
1.088413875478996751e+01
0.000000000000000000e+00
0.000000000000000000e+00
0.000000000000000000e+00
0.000000000000000000e+00
0.000000000000000000e+00
4.503598349032818859e+00
1.688849380887307960e+00
6.004797798710427514e+00
1.163429573500145153e+01
2.195504195153499793e+01
2.401919119484171006e+01
1.107134594137235517e+01
0.000000000000000000e+00
0.000000000000000000e+00
0.000000000000000000e+00
0.000000000000000000e+00
0.000000000000000000e+00
4.579709161131473749e+00
1.717390935424303544e+00
6.106278881508633738e+00
1.183091533292297548e+01
2.232608216051593786e+01
2.442511552603453495e+01
1.125845168778154815e+01
0.000000000000000000e+00
0.000000000000000000e+00
0.000000000000000000e+00
0.000000000000000000e+00
0.000000000000000000e+00
4.655732333206255902e+00
1.745899624952347073e+00
6.207643110941677200e+00
1.202730852744949708e+01
2.269669512438050418e+01
2.483057244376670880e+01
1.144534198579872175e+01
0.000000000000000000e+00
0.000000000000000000e+00
0.000000000000000000e+00
0.000000000000000000e+00
0.000000000000000000e+00
4.731155197004197177e+00
1.774183198876575052e+00
6.308206929338932234e+00
1.222215092559417826e+01
2.306438158539546990e+01
2.523282771735572894e+01
1.163075652596866050e+01
0.000000000000000000e+00
0.000000000000000000e+00
0.000000000000000000e+00
0.000000000000000000e+00
0.000000000000000000e+00
4.806380564636564046e+00
1.802392711738712627e+00
6.408507419515421688e+00
1.241648312531112630e+01
2.343110525260325616e+01
2.563402967806168675e+01
1.181568555473156223e+01
0.000000000000000000e+00
0.000000000000000000e+00
0.000000000000000000e+00
0.000000000000000000e+00
0.000000000000000000e+00
4.881360101444894184e+00
1.830510038041836651e+00
6.508480135259862465e+00
1.261018026206597931e+01
2.379663049454386581e+01
2.603392054103944986e+01
1.200001024938537419e+01
0.000000000000000000e+00
0.000000000000000000e+00
0.000000000000000000e+00
0.000000000000000000e+00
0.000000000000000000e+00
4.956044910997000841e+00
1.858516841623876648e+00
6.608059881329338303e+00
1.280311602007558847e+01
2.416071894111038532e+01
2.643223952531735321e+01
1.218361040620096958e+01
0.000000000000000000e+00
0.000000000000000000e+00
0.000000000000000000e+00
0.000000000000000000e+00
0.000000000000000000e+00
5.030385584661956067e+00
1.886394594248234746e+00
6.707180779549278604e+00
1.299516276037672213e+01
2.452312972522704015e+01
2.682872311819711442e+01
1.236636456229398462e+01
0.000000000000000000e+00
0.000000000000000000e+00
0.000000000000000000e+00
0.000000000000000000e+00
0.000000000000000000e+00
5.104332252756487165e+00
1.914124594783683797e+00
6.805776337008652810e+00
1.318619165295426043e+01
2.488361973218787782e+01
2.722310534803461124e+01
1.254815012135970598e+01
0.000000000000000000e+00
0.000000000000000000e+00
0.000000000000000000e+00
0.000000000000000000e+00
0.000000000000000000e+00
5.177834637196180978e+00
1.941687988948568755e+00
6.903779516261577598e+00
1.337607281275680116e+01
2.524194385633138182e+01
2.761511806504631039e+01
1.272884348310728519e+01
0.000000000000000000e+00
0.000000000000000000e+00
0.000000000000000000e+00
0.000000000000000000e+00
0.000000000000000000e+00
5.250842105580646901e+00
1.969065789592743476e+00
7.001122807440865792e+00
1.356467543941667131e+01
2.559785526470565387e+01
2.800449122976346317e+01
1.290832017621909777e+01
0.000000000000000000e+00
0.000000000000000000e+00
0.000000000000000000e+00
0.000000000000000000e+00
0.000000000000000000e+00
5.323303726637659494e+00
1.996238897489123421e+00
7.097738302183549841e+00
1.375186796048062199e+01
2.595110566735859337e+01
2.839095320873419936e+01
1.308645499465092144e+01
0.000000000000000000e+00
0.000000000000000000e+00
0.000000000000000000e+00
0.000000000000000000e+00
0.000000000000000000e+00
5.395168326947268334e+00
2.023188122605226624e+00
7.193557769263027701e+00
1.393751817794711023e+01
2.630144559386793546e+01
2.877423107705211081e+01
1.326312213707870846e+01
0.000000000000000000e+00
0.000000000000000000e+00
0.000000000000000000e+00
0.000000000000000000e+00
0.000000000000000000e+00
5.466384548862972537e+00
2.049894205823615589e+00
7.288512731817299972e+00
1.412149341789601209e+01
2.664862467570699067e+01
2.915405092726919989e+01
1.343819534928814718e+01
0.000000000000000000e+00
0.000000000000000000e+00
0.000000000000000000e+00
0.000000000000000000e+00
0.000000000000000000e+00
5.536900909543304827e+00
2.076337841078740087e+00
7.382534546057742730e+00
1.430366068298687132e+01
2.699239193402361181e+01
2.953013818423097092e+01
1.361154806929396344e+01
0.000000000000000000e+00
0.000000000000000000e+00
0.000000000000000000e+00
0.000000000000000000e+00
0.000000000000000000e+00
5.606665861003550688e+00
2.102499697876332174e+00
7.475554481338070545e+00
1.448388680759250668e+01
2.733249607239230983e+01
2.990221792535228218e+01
1.378305357496706662e+01
0.000000000000000000e+00
0.000000000000000000e+00
0.000000000000000000e+00
0.000000000000000000e+00
0.000000000000000000e+00
5.675627851093894449e+00
2.128360444160211085e+00
7.567503801458529189e+00
1.466203861532589414e+01
2.766868577408273566e+01
3.027001520583411676e+01
1.395258513393916111e+01
0.000000000000000000e+00
0.000000000000000000e+00
0.000000000000000000e+00
0.000000000000000000e+00
0.000000000000000000e+00
5.744302948092130379e+00
2.154113605534549780e+00
7.659070597456177687e+00
1.483944928257133711e+01
2.800347687194913604e+01
3.063628238982471075e+01
1.412141141405982481e+01
0.000000000000000000e+00
0.000000000000000000e+00
0.000000000000000000e+00
0.000000000000000000e+00
0.000000000000000000e+00
5.812085722879617222e+00
2.179532146079857569e+00
7.749447630506160145e+00
1.501455478410567856e+01
2.833391789903813418e+01
3.099779052202464058e+01
1.428804406874573019e+01
0.000000000000000000e+00
0.000000000000000000e+00
0.000000000000000000e+00
0.000000000000000000e+00
0.000000000000000000e+00
5.878924708692732537e+00
2.204596765759776034e+00
7.838566278256981157e+00
1.518722216412289328e+01
2.865975795487707245e+01
3.135426511302792463e+01
1.445235657553630659e+01
0.000000000000000000e+00
0.000000000000000000e+00
0.000000000000000000e+00
0.000000000000000000e+00
0.000000000000000000e+00
5.945356557900960404e+00
2.229508709212861373e+00
7.927142077201285275e+00
1.535883777457748245e+01
2.898361321976718230e+01
3.170856830880514110e+01
1.461566820483986717e+01
0.000000000000000000e+00
0.000000000000000000e+00
0.000000000000000000e+00
0.000000000000000000e+00
0.000000000000000000e+00
6.010755480037871301e+00
2.254033305014202959e+00
8.014340640050498621e+00
1.552778499009783530e+01
2.930243296518462159e+01
3.205736256020199448e+01
1.477644055509310661e+01
0.000000000000000000e+00
0.000000000000000000e+00
0.000000000000000000e+00
0.000000000000000000e+00
0.000000000000000000e+00
6.075070563674276336e+00
2.278151461377854847e+00
8.100094084899039260e+00
1.569393228949188135e+01
2.961596899791209836e+01
3.240037633959615704e+01
1.493454846903260247e+01
0.000000000000000000e+00
0.000000000000000000e+00
0.000000000000000000e+00
0.000000000000000000e+00
0.000000000000000000e+00
6.138858804592856266e+00
2.302072051722322321e+00
8.185145072790479759e+00
1.585871857853154587e+01
2.992693667239017685e+01
3.274058029116191904e+01
1.509136122795744406e+01
0.000000000000000000e+00
0.000000000000000000e+00
0.000000000000000000e+00
0.000000000000000000e+00
0.000000000000000000e+00
6.201475164399703033e+00
2.325553186649889970e+00
8.268633552532943298e+00
1.602047750803256676e+01
3.023219142644855495e+01
3.307453421013177319e+01
1.524529311248261010e+01
0.000000000000000000e+00
0.000000000000000000e+00
0.000000000000000000e+00
0.000000000000000000e+00
0.000000000000000000e+00
6.263489916043700312e+00
2.348808718516389060e+00
8.351319888058272412e+00
1.618068228311289403e+01
3.053451334071304046e+01
3.340527955223308965e+01
1.539774604360743560e+01
0.000000000000000000e+00
0.000000000000000000e+00
0.000000000000000000e+00
0.000000000000000000e+00
0.000000000000000000e+00
6.324872117220929013e+00
2.371827043957849490e+00
8.433162822961243421e+00
1.633925296948740069e+01
3.083375157145202650e+01
3.373265129184497368e+01
1.554864395483478923e+01
0.000000000000000000e+00
0.000000000000000000e+00
0.000000000000000000e+00
0.000000000000000000e+00
0.000000000000000000e+00
6.384958402334527605e+00
2.394359400875448962e+00
8.513277869779376061e+00
1.649447587269753157e+01
3.112667221138082141e+01
3.405311147911750425e+01
1.569635607240572028e+01
0.000000000000000000e+00
0.000000000000000000e+00
0.000000000000000000e+00
0.000000000000000000e+00
0.000000000000000000e+00
6.444338515476238705e+00
2.416626943303590735e+00
8.592451353968323602e+00
1.664787449831361954e+01
3.141615026294666180e+01
3.436980541587329441e+01
1.584233218387909403e+01
0.000000000000000000e+00
0.000000000000000000e+00
0.000000000000000000e+00
0.000000000000000000e+00
0.000000000000000000e+00
6.502981995967072493e+00
2.438618248487653517e+00
8.670642661289434727e+00
1.679937015624827268e+01
3.170203723033947796e+01
3.468257064515773891e+01
1.598649740675239350e+01
0.000000000000000000e+00
0.000000000000000000e+00
0.000000000000000000e+00
0.000000000000000000e+00
0.000000000000000000e+00
6.560208237531583109e+00
2.460078089074344998e+00
8.746944316708781031e+00
1.694720461362325636e+01
3.198101515796646410e+01
3.498777726683512412e+01
1.612717858393181558e+01
0.000000000000000000e+00
0.000000000000000000e+00
0.000000000000000000e+00
0.000000000000000000e+00
0.000000000000000000e+00
6.616626028374354540e+00
2.481234760640384174e+00
8.822168037832476273e+00
1.709295057330041701e+01
3.225605188832497561e+01
3.528867215132990509e+01
1.626587231975362968e+01
0.000000000000000000e+00
0.000000000000000000e+00
0.000000000000000000e+00
0.000000000000000000e+00
0.000000000000000000e+00
6.672205687012699116e+00
2.502077132629763501e+00
8.896274249350268448e+00
1.723653135811613879e+01
3.252700272418690730e+01
3.558509699740107379e+01
1.640250564723956117e+01
0.000000000000000000e+00
0.000000000000000000e+00
0.000000000000000000e+00
0.000000000000000000e+00
0.000000000000000000e+00
6.726917773646203358e+00
2.522594165117327591e+00
8.969223698194941363e+00
1.737787091525269290e+01
3.279372414652524270e+01
3.587689479277976545e+01
1.653700619354692591e+01
0.000000000000000000e+00
0.000000000000000000e+00
0.000000000000000000e+00
0.000000000000000000e+00
0.000000000000000000e+00
6.780733115835372971e+00
2.542774918438266418e+00
9.040977487780500255e+00
1.751689388257471336e+01
3.305607393969744123e+01
3.616390995112200102e+01
1.666930224309530217e+01
0.000000000000000000e+00
0.000000000000000000e+00
0.000000000000000000e+00
0.000000000000000000e+00
0.000000000000000000e+00
6.833622834138888713e+00
2.562608562802084933e+00
9.111497112185187319e+00
1.765352565485879666e+01
3.331391131642708103e+01
3.644598844874074928e+01
1.679932280059144389e+01
0.000000000000000000e+00
0.000000000000000000e+00
0.000000000000000000e+00
0.000000000000000000e+00
0.000000000000000000e+00
6.885558367678344283e+00
2.582084387879380660e+00
9.180744490237794153e+00
1.778769244983572406e+01
3.356709704243192505e+01
3.672297796095117661e+01
1.692699765387594013e+01
0.000000000000000000e+00
0.000000000000000000e+00
0.000000000000000000e+00
0.000000000000000000e+00
0.000000000000000000e+00
6.936511499599164132e+00
2.601191812349687993e+00
9.248681999465553361e+00
1.791932137396450742e+01
3.381549356054592437e+01
3.699472799786221344e+01
1.705225743651462267e+01
0.000000000000000000e+00
0.000000000000000000e+00
0.000000000000000000e+00
0.000000000000000000e+00
0.000000000000000000e+00
6.986454382396278362e+00
2.619920393398605718e+00
9.315272509861705075e+00
1.804834048785705036e+01
3.405896511418185213e+01
3.726109003944682030e+01
1.717503369005752845e+01
0.000000000000000000e+00
0.000000000000000000e+00
0.000000000000000000e+00
0.000000000000000000e+00
0.000000000000000000e+00
7.035359563073051881e+00
2.638259836152395899e+00
9.380479417430736433e+00
1.817467887127205017e+01
3.429737786998112625e+01
3.752191766972294573e+01
1.729525892588793212e+01
0.000000000000000000e+00
0.000000000000000000e+00
0.000000000000000000e+00
0.000000000000000000e+00
0.000000000000000000e+00
7.083200008101949052e+00
2.656200003038232005e+00
9.444266677469265403e+00
1.829826668759670127e+01
3.453060003949699563e+01
3.777706670987706161e+01
1.741286668658397119e+01
0.000000000000000000e+00
0.000000000000000000e+00
0.000000000000000000e+00
0.000000000000000000e+00
0.000000000000000000e+00
7.130657448156232370e+00
2.673996543058588138e+00
9.507543264208308642e+00
1.842086507440360066e+01
3.476195505976162536e+01
3.803017305683323457e+01
1.752953289338408283e+01
0.000000000000000000e+00
0.000000000000000000e+00
0.000000000000000000e+00
0.000000000000000000e+00
0.000000000000000000e+00
7.177006721569247460e+00
2.691377520588468908e+00
9.569342295425663281e+00
1.854060069738722305e+01
3.498790776765007848e+01
3.827736918170265312e+01
1.764347485719108022e+01
0.000000000000000000e+00
0.000000000000000000e+00
0.000000000000000000e+00
0.000000000000000000e+00
0.000000000000000000e+00
7.222221863915133433e+00
2.708333198968176259e+00
9.629629151886845762e+00
1.865740648178076100e+01
3.520833158658627582e+01
3.851851660754738305e+01
1.775462874879138298e+01
0.000000000000000000e+00
0.000000000000000000e+00
0.000000000000000000e+00
0.000000000000000000e+00
0.000000000000000000e+00
7.266277417285015972e+00
2.724854031481882100e+00
9.688369889713355221e+00
1.877121666131962385e+01
3.542310240926445175e+01
3.875347955885342088e+01
1.786293198415901173e+01
0.000000000000000000e+00
0.000000000000000000e+00
0.000000000000000000e+00
0.000000000000000000e+00
0.000000000000000000e+00
7.309875081788725915e+00
2.741203155670773217e+00
9.746500109051634553e+00
1.888384396128754261e+01
3.563564102372004072e+01
3.898600043620653821e+01
1.797010957606396531e+01
0.000000000000000000e+00
0.000000000000000000e+00
0.000000000000000000e+00
0.000000000000000000e+00
0.000000000000000000e+00
7.352272357263100133e+00
2.757102133973663882e+00
9.803029809684133511e+00
1.899337025626300957e+01
3.584232774165761981e+01
3.921211923873653404e+01
1.807433621160513582e+01
0.000000000000000000e+00
0.000000000000000000e+00
0.000000000000000000e+00
0.000000000000000000e+00
0.000000000000000000e+00
7.393445082463773410e+00
2.772541905923916250e+00
9.857926776618365139e+00
1.909973312969808390e+01
3.604304477701090548e+01
3.943170710647346056e+01
1.817555249439012499e+01
0.000000000000000000e+00
0.000000000000000000e+00
0.000000000000000000e+00
0.000000000000000000e+00
0.000000000000000000e+00
7.434109030417324071e+00
2.787790886406497748e+00
9.912145373889766020e+00
1.920478166191142222e+01
3.624128152328446362e+01
3.964858149555906408e+01
1.827551803310927170e+01
0.000000000000000000e+00
0.000000000000000000e+00
0.000000000000000000e+00
0.000000000000000000e+00
0.000000000000000000e+00
7.473509808278535616e+00
2.802566178104452188e+00
9.964679744371382597e+00
1.930656700471955389e+01
3.643336031535787356e+01
3.985871897748553039e+01
1.837237827868474938e+01
0.000000000000000000e+00
0.000000000000000000e+00
0.000000000000000000e+00
0.000000000000000000e+00
0.000000000000000000e+00
7.512372059281584136e+00
2.817139522230595272e+00
1.001649607904211337e+01
1.940696115314409553e+01
3.662281378899773188e+01
4.006598431616845346e+01
1.846791464573390940e+01
0.000000000000000000e+00
0.000000000000000000e+00
0.000000000000000000e+00
0.000000000000000000e+00
0.000000000000000000e+00
7.549933919577991759e+00
2.831225219841748242e+00
1.006657855943732471e+01
1.950399595890981530e+01
3.680592785794272004e+01
4.026631423774929885e+01
1.856025421896258010e+01
0.000000000000000000e+00
0.000000000000000000e+00
0.000000000000000000e+00
