0.000000000000000000e+00
0.000000000000000000e+00
0.000000000000000000e+00
0.000000000000000000e+00
1.026500000000000051e-01
1.026500000000000051e-01
1.026500000000000051e-01
1.026500000000000051e-01
1.026500000000000051e-01
1.026500000000000051e-01
0.000000000000000000e+00
0.000000000000000000e+00
0.000000000000000000e+00
0.000000000000000000e+00
0.000000000000000000e+00
0.000000000000000000e+00
1.053394300000000117e-01
1.053394300000000117e-01
1.053394300000000117e-01
1.053394300000000117e-01
1.053394300000000117e-01
1.053394300000000117e-01
0.000000000000000000e+00
0.000000000000000000e+00
0.000000000000000000e+00
0.000000000000000000e+00
0.000000000000000000e+00
0.000000000000000000e+00
1.080677212370000084e-01
1.080677212370000084e-01
1.080677212370000084e-01
1.080677212370000084e-01
1.080677212370000084e-01
1.080677212370000084e-01
0.000000000000000000e+00
0.000000000000000000e+00
0.000000000000000000e+00
0.000000000000000000e+00
0.000000000000000000e+00
0.000000000000000000e+00
1.108342549006672145e-01
1.108342549006672145e-01
1.108342549006672145e-01
1.108342549006672145e-01
1.108342549006672145e-01
1.108342549006672145e-01
0.000000000000000000e+00
0.000000000000000000e+00
0.000000000000000000e+00
0.000000000000000000e+00
0.000000000000000000e+00
0.000000000000000000e+00
1.136383615496540933e-01
1.136383615496540933e-01
1.136383615496540933e-01
1.136383615496540933e-01
1.136383615496540933e-01
1.136383615496540933e-01
0.000000000000000000e+00
0.000000000000000000e+00
0.000000000000000000e+00
0.000000000000000000e+00
0.000000000000000000e+00
0.000000000000000000e+00
1.164793205883954408e-01
1.164793205883954408e-01
1.164793205883954408e-01
1.164793205883954408e-01
1.164793205883954408e-01
1.164793205883954408e-01
0.000000000000000000e+00
0.000000000000000000e+00
0.000000000000000000e+00
0.000000000000000000e+00
0.000000000000000000e+00
0.000000000000000000e+00
1.193563598069288106e-01
1.193563598069288106e-01
1.193563598069288106e-01
1.193563598069288106e-01
1.193563598069288106e-01
1.193563598069288106e-01
0.000000000000000000e+00
0.000000000000000000e+00
0.000000000000000000e+00
0.000000000000000000e+00
0.000000000000000000e+00
0.000000000000000000e+00
1.222567193502371863e-01
1.222567193502371863e-01
1.222567193502371863e-01
1.222567193502371863e-01
1.222567193502371863e-01
1.222567193502371863e-01
0.000000000000000000e+00
0.000000000000000000e+00
0.000000000000000000e+00
0.000000000000000000e+00
0.000000000000000000e+00
0.000000000000000000e+00
1.251908806146428688e-01
1.251908806146428688e-01
1.251908806146428688e-01
1.251908806146428688e-01
1.251908806146428688e-01
1.251908806146428688e-01
0.000000000000000000e+00
0.000000000000000000e+00
0.000000000000000000e+00
0.000000000000000000e+00
0.000000000000000000e+00
0.000000000000000000e+00
1.281579044852099170e-01
1.281579044852099170e-01
1.281579044852099170e-01
1.281579044852099170e-01
1.281579044852099170e-01
1.281579044852099170e-01
0.000000000000000000e+00
0.000000000000000000e+00
0.000000000000000000e+00
0.000000000000000000e+00
0.000000000000000000e+00
0.000000000000000000e+00
1.311567994501638412e-01
1.311567994501638412e-01
1.311567994501638412e-01
1.311567994501638412e-01
1.311567994501638412e-01
1.311567994501638412e-01
0.000000000000000000e+00
0.000000000000000000e+00
0.000000000000000000e+00
0.000000000000000000e+00
0.000000000000000000e+00
0.000000000000000000e+00
1.341734058375176064e-01
1.341734058375176064e-01
1.341734058375176064e-01
1.341734058375176064e-01
1.341734058375176064e-01
1.341734058375176064e-01
0.000000000000000000e+00
0.000000000000000000e+00
0.000000000000000000e+00
0.000000000000000000e+00
0.000000000000000000e+00
0.000000000000000000e+00
1.372191421500292552e-01
1.372191421500292552e-01
1.372191421500292552e-01
1.372191421500292552e-01
1.372191421500292552e-01
1.372191421500292552e-01
0.000000000000000000e+00
0.000000000000000000e+00
0.000000000000000000e+00
0.000000000000000000e+00
0.000000000000000000e+00
0.000000000000000000e+00
1.402791290199749130e-01
1.402791290199749130e-01
1.402791290199749130e-01
1.402791290199749130e-01
1.402791290199749130e-01
1.402791290199749130e-01
0.000000000000000000e+00
0.000000000000000000e+00
0.000000000000000000e+00
0.000000000000000000e+00
0.000000000000000000e+00
0.000000000000000000e+00
1.433652698584143570e-01
1.433652698584143570e-01
1.433652698584143570e-01
1.433652698584143570e-01
1.433652698584143570e-01
1.433652698584143570e-01
0.000000000000000000e+00
0.000000000000000000e+00
0.000000000000000000e+00
0.000000000000000000e+00
0.000000000000000000e+00
0.000000000000000000e+00
1.464619596873561191e-01
1.464619596873561191e-01
1.464619596873561191e-01
1.464619596873561191e-01
1.464619596873561191e-01
1.464619596873561191e-01
0.000000000000000000e+00
0.000000000000000000e+00
0.000000000000000000e+00
0.000000000000000000e+00
0.000000000000000000e+00
0.000000000000000000e+00
1.495815994286968098e-01
1.495815994286968098e-01
1.495815994286968098e-01
1.495815994286968098e-01
1.495815994286968098e-01
1.495815994286968098e-01
0.000000000000000000e+00
0.000000000000000000e+00
0.000000000000000000e+00
0.000000000000000000e+00
0.000000000000000000e+00
0.000000000000000000e+00
1.527228130166994324e-01
1.527228130166994324e-01
1.527228130166994324e-01
1.527228130166994324e-01
1.527228130166994324e-01
1.527228130166994324e-01
0.000000000000000000e+00
0.000000000000000000e+00
0.000000000000000000e+00
0.000000000000000000e+00
0.000000000000000000e+00
0.000000000000000000e+00
1.558689029648434310e-01
1.558689029648434310e-01
1.558689029648434310e-01
1.558689029648434310e-01
1.558689029648434310e-01
1.558689029648434310e-01
0.000000000000000000e+00
0.000000000000000000e+00
0.000000000000000000e+00
0.000000000000000000e+00
0.000000000000000000e+00
0.000000000000000000e+00
1.590330416950297421e-01
1.590330416950297421e-01
1.590330416950297421e-01
1.590330416950297421e-01
1.590330416950297421e-01
1.590330416950297421e-01
0.000000000000000000e+00
0.000000000000000000e+00
0.000000000000000000e+00
0.000000000000000000e+00
0.000000000000000000e+00
0.000000000000000000e+00
1.621977992247608247e-01
1.621977992247608247e-01
1.621977992247608247e-01
1.621977992247608247e-01
1.621977992247608247e-01
1.621977992247608247e-01
0.000000000000000000e+00
0.000000000000000000e+00
0.000000000000000000e+00
0.000000000000000000e+00
0.000000000000000000e+00
0.000000000000000000e+00
1.653768760895661383e-01
1.653768760895661383e-01
1.653768760895661383e-01
1.653768760895661383e-01
1.653768760895661383e-01
1.653768760895661383e-01
0.000000000000000000e+00
0.000000000000000000e+00
0.000000000000000000e+00
0.000000000000000000e+00
0.000000000000000000e+00
0.000000000000000000e+00
1.685521121104858189e-01
1.685521121104858189e-01
1.685521121104858189e-01
1.685521121104858189e-01
1.685521121104858189e-01
1.685521121104858189e-01
0.000000000000000000e+00
0.000000000000000000e+00
0.000000000000000000e+00
0.000000000000000000e+00
0.000000000000000000e+00
0.000000000000000000e+00
1.717377470293739994e-01
1.717377470293739994e-01
1.717377470293739994e-01
1.717377470293739994e-01
1.717377470293739994e-01
1.717377470293739994e-01
0.000000000000000000e+00
0.000000000000000000e+00
0.000000000000000000e+00
0.000000000000000000e+00
0.000000000000000000e+00
0.000000000000000000e+00
1.749320691241203485e-01
1.749320691241203485e-01
1.749320691241203485e-01
1.749320691241203485e-01
1.749320691241203485e-01
1.749320691241203485e-01
0.000000000000000000e+00
0.000000000000000000e+00
0.000000000000000000e+00
0.000000000000000000e+00
0.000000000000000000e+00
0.000000000000000000e+00
1.781158327821793508e-01
1.781158327821793508e-01
1.781158327821793508e-01
1.781158327821793508e-01
1.781158327821793508e-01
1.781158327821793508e-01
0.000000000000000000e+00
0.000000000000000000e+00
0.000000000000000000e+00
0.000000000000000000e+00
0.000000000000000000e+00
0.000000000000000000e+00
1.813041061889803518e-01
1.813041061889803518e-01
1.813041061889803518e-01
1.813041061889803518e-01
1.813041061889803518e-01
1.813041061889803518e-01
0.000000000000000000e+00
0.000000000000000000e+00
0.000000000000000000e+00
0.000000000000000000e+00
0.000000000000000000e+00
0.000000000000000000e+00
1.844769280472875195e-01
1.844769280472875195e-01
1.844769280472875195e-01
1.844769280472875195e-01
1.844769280472875195e-01
1.844769280472875195e-01
0.000000000000000000e+00
0.000000000000000000e+00
0.000000000000000000e+00
0.000000000000000000e+00
0.000000000000000000e+00
0.000000000000000000e+00
1.876499312097008598e-01
1.876499312097008598e-01
1.876499312097008598e-01
1.876499312097008598e-01
1.876499312097008598e-01
1.876499312097008598e-01
0.000000000000000000e+00
0.000000000000000000e+00
0.000000000000000000e+00
0.000000000000000000e+00
0.000000000000000000e+00
0.000000000000000000e+00
1.908212150471448043e-01
1.908212150471448043e-01
1.908212150471448043e-01
1.908212150471448043e-01
1.908212150471448043e-01
1.908212150471448043e-01
0.000000000000000000e+00
0.000000000000000000e+00
0.000000000000000000e+00
0.000000000000000000e+00
0.000000000000000000e+00
0.000000000000000000e+00
1.939888472169274125e-01
1.939888472169274125e-01
1.939888472169274125e-01
1.939888472169274125e-01
1.939888472169274125e-01
1.939888472169274125e-01
0.000000000000000000e+00
0.000000000000000000e+00
0.000000000000000000e+00
0.000000000000000000e+00
0.000000000000000000e+00
0.000000000000000000e+00
1.971314665418416323e-01
1.971314665418416323e-01
1.971314665418416323e-01
1.971314665418416323e-01
1.971314665418416323e-01
1.971314665418416323e-01
0.000000000000000000e+00
0.000000000000000000e+00
0.000000000000000000e+00
0.000000000000000000e+00
0.000000000000000000e+00
0.000000000000000000e+00
2.002658568598569278e-01
2.002658568598569278e-01
2.002658568598569278e-01
2.002658568598569278e-01
2.002658568598569278e-01
2.002658568598569278e-01
0.000000000000000000e+00
0.000000000000000000e+00
0.000000000000000000e+00
0.000000000000000000e+00
0.000000000000000000e+00
0.000000000000000000e+00
2.033900042268707020e-01
2.033900042268707020e-01
2.033900042268707020e-01
2.033900042268707020e-01
2.033900042268707020e-01
2.033900042268707020e-01
0.000000000000000000e+00
0.000000000000000000e+00
0.000000000000000000e+00
0.000000000000000000e+00
0.000000000000000000e+00
0.000000000000000000e+00
2.065018712915418220e-01
2.065018712915418220e-01
2.065018712915418220e-01
2.065018712915418220e-01
2.065018712915418220e-01
2.065018712915418220e-01
0.000000000000000000e+00
0.000000000000000000e+00
0.000000000000000000e+00
0.000000000000000000e+00
0.000000000000000000e+00
0.000000000000000000e+00
2.095993993609149564e-01
2.095993993609149564e-01
2.095993993609149564e-01
2.095993993609149564e-01
2.095993993609149564e-01
2.095993993609149564e-01
0.000000000000000000e+00
0.000000000000000000e+00
0.000000000000000000e+00
0.000000000000000000e+00
0.000000000000000000e+00
0.000000000000000000e+00
2.126805105315204003e-01
2.126805105315204003e-01
2.126805105315204003e-01
2.126805105315204003e-01
2.126805105315204003e-01
2.126805105315204003e-01
0.000000000000000000e+00
0.000000000000000000e+00
0.000000000000000000e+00
0.000000000000000000e+00
0.000000000000000000e+00
0.000000000000000000e+00
2.157431098831742999e-01
2.157431098831742999e-01
2.157431098831742999e-01
2.157431098831742999e-01
2.157431098831742999e-01
2.157431098831742999e-01
0.000000000000000000e+00
0.000000000000000000e+00
0.000000000000000000e+00
0.000000000000000000e+00
0.000000000000000000e+00
0.000000000000000000e+00
2.187850877325270560e-01
2.187850877325270560e-01
2.187850877325270560e-01
2.187850877325270560e-01
2.187850877325270560e-01
2.187850877325270560e-01
0.000000000000000000e+00
0.000000000000000000e+00
0.000000000000000000e+00
0.000000000000000000e+00
0.000000000000000000e+00
0.000000000000000000e+00
2.218043219432359325e-01
2.218043219432359325e-01
2.218043219432359325e-01
2.218043219432359325e-01
2.218043219432359325e-01
2.218043219432359325e-01
0.000000000000000000e+00
0.000000000000000000e+00
0.000000000000000000e+00
0.000000000000000000e+00
0.000000000000000000e+00
0.000000000000000000e+00
2.247986802894696157e-01
2.247986802894696157e-01
2.247986802894696157e-01
2.247986802894696157e-01
2.247986802894696157e-01
2.247986802894696157e-01
0.000000000000000000e+00
0.000000000000000000e+00
0.000000000000000000e+00
0.000000000000000000e+00
0.000000000000000000e+00
0.000000000000000000e+00
2.277660228692906241e-01
2.277660228692906241e-01
2.277660228692906241e-01
2.277660228692906241e-01
2.277660228692906241e-01
2.277660228692906241e-01
0.000000000000000000e+00
0.000000000000000000e+00
0.000000000000000000e+00
0.000000000000000000e+00
0.000000000000000000e+00
0.000000000000000000e+00
2.307042045643044603e-01
2.307042045643044603e-01
2.307042045643044603e-01
2.307042045643044603e-01
2.307042045643044603e-01
2.307042045643044603e-01
0.000000000000000000e+00
0.000000000000000000e+00
0.000000000000000000e+00
0.000000000000000000e+00
0.000000000000000000e+00
0.000000000000000000e+00
2.336110775418147045e-01
2.336110775418147045e-01
2.336110775418147045e-01
2.336110775418147045e-01
2.336110775418147045e-01
2.336110775418147045e-01
0.000000000000000000e+00
0.000000000000000000e+00
0.000000000000000000e+00
0.000000000000000000e+00
0.000000000000000000e+00
0.000000000000000000e+00
2.364844937955790372e-01
2.364844937955790372e-01
2.364844937955790372e-01
2.364844937955790372e-01
2.364844937955790372e-01
2.364844937955790372e-01
0.000000000000000000e+00
0.000000000000000000e+00
0.000000000000000000e+00
0.000000000000000000e+00
0.000000000000000000e+00
0.000000000000000000e+00
2.393459561705055527e-01
2.393459561705055527e-01
2.393459561705055527e-01
2.393459561705055527e-01
2.393459561705055527e-01
2.393459561705055527e-01
0.000000000000000000e+00
0.000000000000000000e+00
0.000000000000000000e+00
0.000000000000000000e+00
0.000000000000000000e+00
0.000000000000000000e+00
2.421702384533175045e-01
2.421702384533175045e-01
2.421702384533175045e-01
2.421702384533175045e-01
2.421702384533175045e-01
2.421702384533175045e-01
0.000000000000000000e+00
0.000000000000000000e+00
0.000000000000000000e+00
0.000000000000000000e+00
0.000000000000000000e+00
0.000000000000000000e+00
2.449551961955306612e-01
2.449551961955306612e-01
2.449551961955306612e-01
2.449551961955306612e-01
2.449551961955306612e-01
2.449551961955306612e-01
0.000000000000000000e+00
0.000000000000000000e+00
0.000000000000000000e+00
0.000000000000000000e+00
0.000000000000000000e+00
0.000000000000000000e+00
2.477231899125401648e-01
2.477231899125401648e-01
2.477231899125401648e-01
2.477231899125401648e-01
2.477231899125401648e-01
2.477231899125401648e-01
0.000000000000000000e+00
0.000000000000000000e+00
0.000000000000000000e+00
0.000000000000000000e+00
0.000000000000000000e+00
0.000000000000000000e+00
2.504481450015780819e-01
2.504481450015780819e-01
2.504481450015780819e-01
2.504481450015780819e-01
2.504481450015780819e-01
2.504481450015780819e-01
0.000000000000000000e+00
0.000000000000000000e+00
0.000000000000000000e+00
0.000000000000000000e+00
0.000000000000000000e+00
0.000000000000000000e+00
2.531279401530949769e-01
2.531279401530949769e-01
2.531279401530949769e-01
2.531279401530949769e-01
2.531279401530949769e-01
2.531279401530949769e-01
0.000000000000000000e+00
0.000000000000000000e+00
0.000000000000000000e+00
0.000000000000000000e+00
0.000000000000000000e+00
0.000000000000000000e+00
2.557857835247024925e-01
2.557857835247024925e-01
2.557857835247024925e-01
2.557857835247024925e-01
2.557857835247024925e-01
2.557857835247024925e-01
0.000000000000000000e+00
0.000000000000000000e+00
0.000000000000000000e+00
0.000000000000000000e+00
0.000000000000000000e+00
0.000000000000000000e+00
2.583947985166544781e-01
2.583947985166544781e-01
2.583947985166544781e-01
2.583947985166544781e-01
2.583947985166544781e-01
2.583947985166544781e-01
0.000000000000000000e+00
0.000000000000000000e+00
0.000000000000000000e+00
0.000000000000000000e+00
0.000000000000000000e+00
0.000000000000000000e+00
2.609787465018210129e-01
2.609787465018210129e-01
2.609787465018210129e-01
2.609787465018210129e-01
2.609787465018210129e-01
2.609787465018210129e-01
0.000000000000000000e+00
0.000000000000000000e+00
0.000000000000000000e+00
0.000000000000000000e+00
0.000000000000000000e+00
0.000000000000000000e+00
2.635363382175388569e-01
2.635363382175388569e-01
2.635363382175388569e-01
2.635363382175388569e-01
2.635363382175388569e-01
2.635363382175388569e-01
0.000000000000000000e+00
0.000000000000000000e+00
0.000000000000000000e+00
0.000000000000000000e+00
0.000000000000000000e+00
0.000000000000000000e+00
2.660399334306055019e-01
2.660399334306055019e-01
2.660399334306055019e-01
2.660399334306055019e-01
2.660399334306055019e-01
2.660399334306055019e-01
0.000000000000000000e+00
0.000000000000000000e+00
0.000000000000000000e+00
0.000000000000000000e+00
0.000000000000000000e+00
0.000000000000000000e+00
2.685141048115101126e-01
2.685141048115101126e-01
2.685141048115101126e-01
2.685141048115101126e-01
2.685141048115101126e-01
2.685141048115101126e-01
0.000000000000000000e+00
0.000000000000000000e+00
0.000000000000000000e+00
0.000000000000000000e+00
0.000000000000000000e+00
0.000000000000000000e+00
2.709575831652948352e-01
2.709575831652948352e-01
2.709575831652948352e-01
2.709575831652948352e-01
2.709575831652948352e-01
2.709575831652948352e-01
0.000000000000000000e+00
0.000000000000000000e+00
0.000000000000000000e+00
0.000000000000000000e+00
0.000000000000000000e+00
0.000000000000000000e+00
2.733420098971494072e-01
2.733420098971494072e-01
2.733420098971494072e-01
2.733420098971494072e-01
2.733420098971494072e-01
2.733420098971494072e-01
0.000000000000000000e+00
0.000000000000000000e+00
0.000000000000000000e+00
0.000000000000000000e+00
0.000000000000000000e+00
0.000000000000000000e+00
2.756927511822648835e-01
2.756927511822648835e-01
2.756927511822648835e-01
2.756927511822648835e-01
2.756927511822648835e-01
2.756927511822648835e-01
0.000000000000000000e+00
0.000000000000000000e+00
0.000000000000000000e+00
0.000000000000000000e+00
0.000000000000000000e+00
0.000000000000000000e+00
2.780085702921958890e-01
2.780085702921958890e-01
2.780085702921958890e-01
2.780085702921958890e-01
2.780085702921958890e-01
2.780085702921958890e-01
0.000000000000000000e+00
0.000000000000000000e+00
0.000000000000000000e+00
0.000000000000000000e+00
0.000000000000000000e+00
0.000000000000000000e+00
2.802882405685919176e-01
2.802882405685919176e-01
2.802882405685919176e-01
2.802882405685919176e-01
2.802882405685919176e-01
2.802882405685919176e-01
0.000000000000000000e+00
0.000000000000000000e+00
0.000000000000000000e+00
0.000000000000000000e+00
0.000000000000000000e+00
0.000000000000000000e+00
2.825305464931406330e-01
2.825305464931406330e-01
2.825305464931406330e-01
2.825305464931406330e-01
2.825305464931406330e-01
2.825305464931406330e-01
0.000000000000000000e+00
0.000000000000000000e+00
0.000000000000000000e+00
0.000000000000000000e+00
0.000000000000000000e+00
0.000000000000000000e+00
2.847342847557871037e-01
2.847342847557871037e-01
2.847342847557871037e-01
2.847342847557871037e-01
2.847342847557871037e-01
2.847342847557871037e-01
0.000000000000000000e+00
0.000000000000000000e+00
0.000000000000000000e+00
0.000000000000000000e+00
0.000000000000000000e+00
0.000000000000000000e+00
2.868982653199310673e-01
2.868982653199310673e-01
2.868982653199310673e-01
2.868982653199310673e-01
2.868982653199310673e-01
2.868982653199310673e-01
0.000000000000000000e+00
0.000000000000000000e+00
0.000000000000000000e+00
0.000000000000000000e+00
0.000000000000000000e+00
0.000000000000000000e+00
2.890213124832985425e-01
2.890213124832985425e-01
2.890213124832985425e-01
2.890213124832985425e-01
2.890213124832985425e-01
2.890213124832985425e-01
0.000000000000000000e+00
0.000000000000000000e+00
0.000000000000000000e+00
0.000000000000000000e+00
0.000000000000000000e+00
0.000000000000000000e+00
2.911022659331782836e-01
2.911022659331782836e-01
2.911022659331782836e-01
2.911022659331782836e-01
2.911022659331782836e-01
2.911022659331782836e-01
0.000000000000000000e+00
0.000000000000000000e+00
0.000000000000000000e+00
0.000000000000000000e+00
0.000000000000000000e+00
0.000000000000000000e+00
2.931399817947105135e-01
2.931399817947105135e-01
2.931399817947105135e-01
2.931399817947105135e-01
2.931399817947105135e-01
2.931399817947105135e-01
0.000000000000000000e+00
0.000000000000000000e+00
0.000000000000000000e+00
0.000000000000000000e+00
0.000000000000000000e+00
0.000000000000000000e+00
2.951333336709145438e-01
2.951333336709145438e-01
2.951333336709145438e-01
2.951333336709145438e-01
2.951333336709145438e-01
2.951333336709145438e-01
0.000000000000000000e+00
0.000000000000000000e+00
0.000000000000000000e+00
0.000000000000000000e+00
0.000000000000000000e+00
0.000000000000000000e+00
2.971107270065096451e-01
2.971107270065096451e-01
2.971107270065096451e-01
2.971107270065096451e-01
2.971107270065096451e-01
2.971107270065096451e-01
0.000000000000000000e+00
0.000000000000000000e+00
0.000000000000000000e+00
0.000000000000000000e+00
0.000000000000000000e+00
0.000000000000000000e+00
2.990419467320519775e-01
2.990419467320519775e-01
2.990419467320519775e-01
2.990419467320519775e-01
2.990419467320519775e-01
2.990419467320519775e-01
0.000000000000000000e+00
0.000000000000000000e+00
0.000000000000000000e+00
0.000000000000000000e+00
0.000000000000000000e+00
0.000000000000000000e+00
3.009259109964639300e-01
3.009259109964639300e-01
3.009259109964639300e-01
3.009259109964639300e-01
3.009259109964639300e-01
3.009259109964639300e-01
0.000000000000000000e+00
0.000000000000000000e+00
0.000000000000000000e+00
0.000000000000000000e+00
0.000000000000000000e+00
0.000000000000000000e+00
3.027615590535423507e-01
3.027615590535423507e-01
3.027615590535423507e-01
3.027615590535423507e-01
3.027615590535423507e-01
3.027615590535423507e-01
0.000000000000000000e+00
0.000000000000000000e+00
0.000000000000000000e+00
0.000000000000000000e+00
0.000000000000000000e+00
0.000000000000000000e+00
3.045781284078635798e-01
3.045781284078635798e-01
3.045781284078635798e-01
3.045781284078635798e-01
3.045781284078635798e-01
3.045781284078635798e-01
0.000000000000000000e+00
0.000000000000000000e+00
0.000000000000000000e+00
0.000000000000000000e+00
0.000000000000000000e+00
0.000000000000000000e+00
3.063446815526291722e-01
3.063446815526291722e-01
3.063446815526291722e-01
3.063446815526291722e-01
3.063446815526291722e-01
3.063446815526291722e-01
0.000000000000000000e+00
0.000000000000000000e+00
0.000000000000000000e+00
0.000000000000000000e+00
0.000000000000000000e+00
0.000000000000000000e+00
3.080602117693239106e-01
3.080602117693239106e-01
3.080602117693239106e-01
3.080602117693239106e-01
3.080602117693239106e-01
3.080602117693239106e-01
0.000000000000000000e+00
0.000000000000000000e+00
0.000000000000000000e+00
0.000000000000000000e+00
0.000000000000000000e+00
0.000000000000000000e+00
3.097545429340551881e-01
3.097545429340551881e-01
3.097545429340551881e-01
3.097545429340551881e-01
3.097545429340551881e-01
3.097545429340551881e-01
0.000000000000000000e+00
0.000000000000000000e+00
0.000000000000000000e+00
0.000000000000000000e+00
0.000000000000000000e+00
0.000000000000000000e+00
3.113962420116057062e-01
3.113962420116057062e-01
3.113962420116057062e-01
3.113962420116057062e-01
3.113962420116057062e-01
3.113962420116057062e-01
0.000000000000000000e+00
0.000000000000000000e+00
0.000000000000000000e+00
0.000000000000000000e+00
0.000000000000000000e+00
0.000000000000000000e+00
3.130155024700660427e-01
3.130155024700660427e-01
3.130155024700660427e-01
3.130155024700660427e-01
3.130155024700660427e-01
3.130155024700660427e-01
0.000000000000000000e+00
0.000000000000000000e+00
0.000000000000000000e+00
0.000000000000000000e+00
0.000000000000000000e+00
0.000000000000000000e+00
3.145805799824163973e-01
3.145805799824163973e-01
3.145805799824163973e-01
3.145805799824163973e-01
3.145805799824163973e-01
3.145805799824163973e-01
0.000000000000000000e+00
0.000000000000000000e+00