5.851049999999999862e+00
4.927200000000000024e+00
9.033200000000000784e+00
1.519220000000000148e+01
1.981145000000000067e+01
2.330154999999999887e+01
3.325860000000000127e+01
4.229180000000000206e+01
4.147059999999999746e+01
2.833140000000000214e+01
9.238500000000000156e+00
2.668900000000000272e+00
6.004347509999999666e+00
5.056292639999999672e+00
9.269869840000000139e+00
1.559023564000000128e+01
2.033050998999999948e+01
2.391205060999999787e+01
3.412997531999999978e+01
4.339984516000000525e+01
4.255712971999999894e+01
2.907368268000000100e+01
9.480548699999999940e+00
2.738825180000000081e+00
6.159860110508999398e+00
5.187250619375999960e+00
9.509959468855999631e+00
1.599402274307600180e+01
2.085707019874099899e+01
2.453137272079899844e+01
3.501394168078800107e+01
4.452390114964400425e+01
4.365935937974799685e+01
2.982669106141199933e+01
9.726094911329999704e+00
2.809760752162000053e+00
6.317552529338029466e+00
5.320044235232025187e+00
9.753414431258713435e+00
1.640346972529874847e+01
2.139101119582876720e+01
2.515937586245145141e+01
3.591029858781617179e+01
4.566371301907489055e+01
4.477703897986954473e+01
3.059025435258414660e+01
9.975082941060048114e+00
2.881690627417347272e+00
6.477386608330281348e+00
5.454641354383395146e+00
1.000017581636955910e+01
1.681847750934880636e+01
2.193220377908323471e+01
2.579590807177147482e+01
3.681882914208792101e+01
4.681900495845748367e+01
4.590989806606024359e+01
3.136418778770452676e+01
1.022745253946886734e+01
2.954597400291006259e+00
6.639321273538538293e+00
5.591007388242980269e+00
1.025018021177879746e+01
1.723893944708252590e+01
2.248050887356031424e+01
2.644080577356576001e+01
3.773929987064011726e+01
4.798948008241892182e+01
4.705764551771174808e+01
3.214829248239713877e+01
1.048313885295558912e+01
3.028462335298281349e+00
6.803312508994940444e+00
5.729105270732581801e+00
1.050335966300973389e+01
1.766474125142546470e+01
2.303577744273725258e+01
2.709389367617283284e+01
3.867146057744492538e+01
4.917482024045467170e+01
4.821996936199922601e+01
3.294235530671235068e+01
1.074207238262359176e+01
3.103265354980148771e+00
6.968633002963517065e+00
5.868322528811383165e+00
1.075859130282086973e+01
1.809399446383510224e+01
2.359554683459576907e+01
2.775227529250383185e+01
3.961117706947683814e+01
5.036976837229772030e+01
4.939171461749580772e+01
3.374285454066546208e+01
1.100310474152134432e+01
3.178674703106166177e+00
7.135880195034641105e+00
6.009162269502856368e+00
1.101679749408857134e+01
1.852825033096714336e+01
2.416183995862606793e+01
2.841832989952392552e+01
4.056184531914428248e+01
5.157864281323286804e+01
5.057711576831570710e+01
3.455268304964143056e+01
1.126717925531785625e+01
3.254962895980713977e+00
7.305000555656961936e+00
6.151579415290074238e+00
1.127789559469847092e+01
1.896736986381106504e+01
2.473447556564550709e+01
2.909184431814264116e+01
4.152316105320799977e+01
5.280105664790648490e+01
5.177579341202478957e+01
3.537158163791793442e+01
1.153421140366888942e+01
3.332105516615456953e+00
7.475937568659334787e+00
6.295526373607861714e+00
1.154179835161441581e+01
1.941120631862424517e+01
2.531326229388161053e+01
2.977259347518717902e+01
4.249480302185306613e+01
5.403660137346749792e+01
5.298734697786616721e+01
3.619927664824521685e+01
1.180411195051474138e+01
3.410076785704258651e+00
7.647884132738499652e+00
6.440323480200842887e+00
1.180725971370154781e+01
1.985766406395260120e+01
2.589546732664088680e+01
3.045736312511648336e+01
4.347218349135568616e+01
5.527944320505724818e+01
5.420605595835709067e+01
3.703186001115485482e+01
1.207560652537658008e+01
3.488508551775456379e+00
7.821491102551664021e+00
6.586518823201402029e+00
1.207528450920257335e+01
2.030843303820432411e+01
2.648329443495563496e+01
3.114874526805662924e+01
4.445900205660946369e+01
5.653428656581204592e+01
5.543653342861179567e+01
3.787248323340806877e+01
1.234972279350262880e+01
3.567697695900759136e+00
7.995910354138565879e+00
6.733398192958793160e+00
1.234456335375779013e+01
2.076131109495628024e+01
2.707387190085514561e+01
3.184336228753429054e+01
4.545043780247185339e+01
5.779500115622965239e+01
5.667276812406984021e+01
3.871703960951306556e+01
1.262512161179773784e+01
3.647257354519346073e+00
8.171820381929613575e+00
6.881532953203886471e+00
1.261614374754046075e+01
2.121805993904531817e+01
2.766949708267395991e+01
3.254391625786004738e+01
4.645034743412623612e+01
5.906649118166670576e+01
5.791956902279937935e+01
3.956881448092235587e+01
1.290287428725728880e+01
3.727497016318771728e+00
8.348331702179292435e+00
7.030174064993090610e+00
1.288865245248733515e+01
2.167637003372869842e+01
2.826715821965971642e+01
3.324686484902982642e+01
4.745367493870336517e+01
6.034232739119070743e+01
5.917063171369184715e+01
4.042350087371028167e+01
1.318157637186204667e+01
3.808010951871257266e+00
8.526151167435711997e+00
7.179916772577443318e+00
1.316318074972531527e+01
2.213807671544712008e+01
2.886924868973846969e+01
3.395502307031416223e+01
4.846443821489774706e+01
6.162761896462306765e+01
6.043096616919348207e+01
4.128452144232031173e+01
1.346234394858270811e+01
3.889121585146114946e+00
8.705200341951861986e+00
7.330695024801569204e+00
1.343960754546954739e+01
2.260297632647150934e+01
2.947550291222297858e+01
3.466807855479076039e+01
4.948219141741059701e+01
6.292179896288015328e+01
6.170001645874654628e+01
4.215149639260904024e+01
1.374505317150294559e+01
3.970793138434183245e+00
8.884527468996070709e+00
7.481707342312481579e+00
1.371646346090622082e+01
2.306859763879682390e+01
3.008269827221477044e+01
3.538224097301944937e+01
5.050152456060925488e+01
6.421798802151548102e+01
6.297103679779672802e+01
4.301981721829678662e+01
1.402820126683590551e+01
4.052591477085927707e+00
9.064883376616691635e+00
7.633586001361424955e+00
1.399490766916261641e+01
2.353689017086439961e+01
3.069337704714072856e+01
3.610050046477174135e+01
5.152670550918962533e+01
6.552161317835223997e+01
6.424934884479199582e+01
4.389311950782821015e+01
1.431297375255267390e+01
4.134859084070772184e+00
9.245274555811363371e+00
7.785494362788517364e+00
1.427340633177895235e+01
2.400527428526460128e+01
3.130417525037882953e+01
3.681890042402069696e+01
5.255208694882249887e+01
6.682549328060144944e+01
6.552791088680335463e+01
4.476659258603399394e+01
1.459780193022847250e+01
4.217142779843780609e+00
9.426481937105265274e+00
7.938090052299171973e+00
1.455316509588181972e+01
2.447577766125578691e+01
3.191773708528625519e+01
3.754055087233150090e+01
5.358210785301942281e+01
6.813527294890123187e+01
6.681225794018469344e+01
4.564401780072026327e+01
1.488391884806095078e+01
4.299798778328718818e+00
9.607470390297686791e+00
8.090501381303315753e+00
1.483258586572275028e+01
2.494571259235189942e+01
3.253055763732375283e+01
3.826132944908026445e+01
5.461088432379739288e+01
6.944347018952014139e+01
6.809505329263623707e+01
4.652038294249409489e+01
1.516969008994372103e+01
4.382354914872630403e+00
9.789051580674312802e+00
8.243411857409949306e+00
1.511292173858491061e+01
2.541718656034734991e+01
3.314538517666917272e+01
3.898446857566788282e+01
5.564303003751716403e+01
7.075595177610206576e+01
6.938204979986706178e+01
4.739961818010723249e+01
1.545639723264365806e+01
4.465181422763722985e+00
9.971127940074854479e+00
8.396739317957774063e+00
1.539402208292258933e+01
2.588994623036981224e+01
3.376188934095522143e+01
3.970957969117530695e+01
5.667799039621498025e+01
7.207201247913756958e+01
7.067255592614458237e+01
4.828125107825722750e+01
1.574388622117083081e+01
4.548233797227128505e+00
1.015260246858421667e+01
8.549559973544605285e+00
1.567419328483178020e+01
2.636114325176254169e+01
3.437635572696060393e+01
4.043229404155469808e+01
5.770952982142609500e+01
7.338372310625787520e+01
7.195879644400041286e+01
4.915996984788150570e+01
1.603042495039613868e+01
4.631011652336662010e+00
1.033433405277187411e+01
8.702597097071054222e+00
1.595476134463026874e+01
2.683300771596909229e+01
3.499169249447319885e+01
4.115603210489852870e+01
5.874253040522962266e+01
7.469729174985988607e+01
7.324685890034801616e+01
5.003993330815858798e+01
1.631736955700823088e+01
4.713906760913488370e+00
1.051518489869538264e+01
8.854892546269796938e+00
1.623396966816129705e+01
2.730258535099855166e+01
3.560404711312647663e+01
4.187626266673425590e+01
5.977052468732114221e+01
7.600449435548243571e+01
7.452867893110411046e+01
5.091563214105136126e+01
1.660292352425587481e+01
4.796400129229474452e+00
1.069604607895294279e+01
9.007196698065637719e+00
1.651319394645367211e+01
2.777218981903572725e+01
3.621643672347224907e+01
4.259653438460208719e+01
6.079857771194306792e+01
7.731177165839673648e+01
7.581057220871909408e+01
5.179138101387744797e+01
1.688849380887307561e+01
4.878898211452221467e+00
1.087680925768724727e+01
9.159418322262947498e+00
1.679226692414873767e+01
2.824153982697743004e+01
3.682849450409892711e+01
4.331641581570185906e+01
6.182607367527490538e+01
7.861834059942364661e+01
7.709177087904645020e+01
5.266665535301197565e+01
1.717390935424302967e+01
4.961351591225763968e+00
1.105736429136485555e+01
9.311464666412511804e+00
1.707101855508960497e+01
2.871034938810525716e+01
3.743984751286696877e+01
4.403546831824250773e+01
6.285238649828446711e+01
7.992340505337408274e+01
7.837149427563862503e+01
5.354092183187197662e+01
1.745899624952346230e+01
5.043710027640111448e+00
1.123649359288496541e+01
9.462310394008394354e+00
1.734756905568205809e+01
2.917545704819256258e+01
3.804637304257541075e+01
4.474884290499803541e+01
6.387059515955667877e+01
8.121816421523874396e+01
7.964111248290397782e+01
5.440828476554830218e+01
1.774183198876574252e+01
5.125418130087881607e+00
1.141515384101183628e+01
9.612761129273128091e+00
1.762339540366740209e+01
2.963934681525882553e+01
3.865131037395236291e+01
4.546034950718750167e+01
6.488613762259363682e+01
8.250953302626103891e+01
8.090740617138214930e+01
5.527337649332051939e+01
1.802392711738711739e+01
5.206912278356279344e+00
1.159323024093162147e+01
9.762720202889788368e+00
1.789832037196461201e+01
3.010172062557686345e+01
3.925427081578602184e+01
4.616953095949962460e+01
6.589836136950609102e+01
8.379668174147070658e+01
8.216956170765571699e+01
5.613564116661631687e+01
1.830510038041835585e+01
5.288140109898637142e+00
1.177060666361787611e+01
9.912089821994001682e+00
1.817216467365567212e+01
3.056227695114818843e+01
3.985486115926754991e+01
4.687592478317996836e+01
6.690660629845953622e+01
8.507877097211520834e+01
8.342675600178284867e+01
5.699451647646554875e+01
1.858516841623875848e+01
5.369048653580086317e+00
1.194716576357214421e+01
1.006077116932391213e+01
1.844474714376050883e+01
3.102071110541541188e+01
4.045268407665655985e+01
4.757906365492766554e+01
6.791020539293643310e+01
8.635495253669694193e+01
8.467815734180959453e+01
5.784943422361253340e+01
1.886394594248233858e+01
5.449584383383787589e+00
1.212278910029665546e+01
1.020866450551297433e+01
1.871588492677378923e+01
3.147671555866501691e+01
4.104733853258341014e+01
4.827847589065510192e+01
6.890848541221259893e+01
8.762437033898638106e+01
8.592292625473419321e+01
5.869982090669963526e+01
1.914124594783682909e+01
5.529693273819529686e+00
1.229735726334092760e+01
1.035566927439236196e+01
1.898539366971933262e+01
3.192998026270979395e+01
4.163842020745261152e+01
4.897368594348053250e+01
6.990076760214846274e+01
8.888616127186779181e+01
8.716021639280236855e+01
5.954509832775610789e+01
1.941687988948567778e+01
5.609320856962530577e+00
1.247075000075403395e+01
1.050168421116129380e+01
1.925308772046237493e+01
3.238019298441400196e+01
4.222552193237769558e+01
4.966421491528360832e+01
7.088636842533875893e+01
9.013945614580113386e+01
8.838917544394088566e+01
6.038468421417746868e+01
1.969065789592742632e+01
5.688412281045701846e+00
1.264284635076444019e+01
1.064660745327531899e+01
1.951878033100475562e+01
3.282703964759891591e+01
4.280823413504450770e+01
5.034958108111452191e+01
7.186460030960843426e+01
9.138338064061318278e+01
8.960894606506727200e+01
6.121799285633311882e+01
1.996238897489122621e+01
5.766912370524132747e+00
1.281352477649975974e+01
1.079033665389453667e+01
1.978228386547332107e+01
3.327020468284150212e+01
4.338614529586760682e+01
5.102930042570956459e+01
7.283477241378814426e+01
9.261705627926146178e+01
9.081866683694568110e+01
6.204443575989361648e+01
2.023188122605225914e+01
5.844765687526208175e+00
1.298266330354955578e+01
1.093276909772594507e+01
2.004341001249756715e+01
3.370937138465500738e+01
4.395884241377306267e+01
5.170288719132893362e+01
7.379619140965014878e+01
9.383960142214770883e+01
9.201747323919336452e+01
6.286342231192421082e+01
2.049894205823614968e+01
5.921916594601554173e+00
1.315013966016534575e+01
1.107380181908660965e+01
2.030197000165878407e+01
3.414422227551705902e+01
4.452591148091073592e+01
5.236985443609707858e+01
7.474816227883464137e+01
9.505013228049341478e+01
9.320449864397896533e+01
6.367436045974802994e+01
2.076337841078739643e+01
5.998309318671914525e+00
1.331583141988342867e+01
1.121333172200710138e+01
2.055777482367968645e+01
3.457443947618857294e+01
4.508693796557021471e+01
5.302971460199189835e+01
7.568998912354796005e+01
9.624776394722762518e+01
9.437887532689309467e+01
6.447665740154084801e+01
2.102499697876331908e+01
6.073888016087180652e+00
1.347961614634799510e+01
1.135125570218778890e+01
2.081063545401094572e+01
3.499970508174569517e+01
4.564150730254672794e+01
5.368198009159640094e+01
7.662097598976760082e+01
9.743161144377852168e+01
9.553973549341388605e+01
6.526972028757980127e+01
2.128360444160210818e+01
6.148596838685053356e+00
1.364271950171880654e+01
1.148860589618426076e+01
2.106244414300447687e+01
3.542320151323481525e+01
4.619376954090754595e+01
5.433153205070471614e+01
7.754808979924378320e+01
9.861053394224823876e+01
9.669576629288418701e+01
6.605948390305951534e+01
2.154113605534549336e+01
6.222994860433142428e+00
1.380370359183908846e+01
1.162417144575923444e+01
2.131098098389193041e+01
3.584119529109098323e+01
4.673885602149025686e+01
5.497264412890303475e+01
7.846315725887485826e+01
9.977413824276676735e+01
9.783677633514021466e+01
6.683898581311561315e+01
2.179532146079856858e+01
6.296426199786253619e+00
1.396244618314523755e+01
1.175784941738546507e+01
2.155605726520668597e+01
3.625336903693852975e+01
4.727635286573739393e+01
5.560482953638541659e+01
7.936548356735191589e+01
1.009215408325585912e+02
9.896189926299432216e+01
6.760763414996644372e+01
2.204596765759775323e+01
6.368835101083795358e+00
1.412022182501477907e+01
1.189071311580192081e+01
2.179964071230352118e+01
3.666303210705593330e+01
4.781057565312022462e+01
5.623316411014657490e+01
8.026231353166299698e+01
1.020619542439664968e+02
1.000801687246661515e+02
6.837160041586106729e+01
2.229508709212860751e+01
6.440802937726042288e+00
1.427554426508994112e+01
1.202151096007574260e+01
2.203943676013885877e+01
3.706632546023354990e+01
4.833649198530454782e+01
5.685172891535818707e+01
8.114519898051129587e+01
1.031846357406501227e+02
1.011810505806374749e+02
6.912368802043553728e+01
2.254033305014202071e+01
6.511651770041028797e+00
1.442829258872640352e+01
1.215014112734855267e+01
2.227525873347234509e+01
3.746293514265804703e+01
4.885369244954730306e+01
5.746004241475252172e+01
8.201345260960276562e+01
1.042887113430750787e+02
1.022636878218502972e+02
6.986331148225420407e+01
2.278151461377854048e+01
6.581326443980468177e+00
1.457978966090803041e+01
1.227771760918571253e+01
2.250914895017380601e+01
3.785629596165595956e+01
4.936665622026755074e+01
5.806337286010742105e+01
8.287459386200359290e+01
1.053837428121773740e+02
1.033374565439797266e+02
7.059687625281787859e+01
2.302072051722321433e+01
6.650430371642262806e+00
1.472850351544929204e+01
1.240295032879940607e+01
2.273874226946557897e+01
3.824243018046485076e+01
4.987019611371427885e+01
5.865561926328051356e+01
8.371991471939603002e+01
1.064586569888615770e+02
1.043914986007283261e+02
7.131696439059662396e+01
2.325553186649889170e+01
6.718264761433013987e+00
1.487578855060378480e+01
1.252697983208740062e+01
2.296612969216023359e+01
3.862485448226949813e+01
5.036889807485142256e+01
5.924217545591331913e+01
8.455711386658998663e+01
1.075232435587501953e+02
1.054354135867356064e+02
7.203013403450259489e+01
2.348808718516388083e+01
6.785447409047344003e+00
1.502157127839970130e+01
1.264974423444185803e+01
2.319119776314340342e+01
3.900337805619573572e+01
5.086251327598496630e+01
5.982274877538127100e+01
8.538577358248257099e+01
1.085769713456259495e+02
1.064686806398856191e+02
7.273602934804071651e+01
2.371827043957848602e+01
6.851944793656008059e+00
1.516427620554449796e+01
1.276991680466905521e+01
2.341151414189326729e+01
3.937391014772959608e+01
5.134570715210682579e+01
6.039106488874739398e+01
8.619693843151615908e+01
1.096084525734093944e+02
1.074801331059645264e+02
7.342702162684710743e+01
2.394359400875448074e+01
6.917038269195740163e+00
1.530530397425606104e+01
1.288867703095247741e+01
2.362924122341287614e+01
3.974008751210347867e+01
5.182322222862141814e+01
6.095270179221274276e+01
8.699856995892926648e+01
1.106278111823421000e+02
1.084796983438500035e+02
7.410989292797678729e+01
2.416626943303589670e+01
6.981366725099260151e+00
1.544458224042179140e+01
1.300596399193414499e+01
2.384426731854593484e+01
4.010172230846362140e+01
5.229481355090187122e+01
6.150737137852188141e+01
8.779025694555552661e+01
1.116345242641014153e+02
1.094668635987790424e+02
7.478429295362137452e+01
2.438618248487652451e+01
7.044897162297663051e+00
1.558049456413750278e+01
1.312041647506316622e+01
2.405409687094913807e+01
4.045461746477810294e+01
5.275500791014980706e+01
6.204863624665287603e+01
8.856281120667641460e+01
1.126169080776255100e+02
1.104301719984483015e+02
7.544239473161324838e+01
2.460078089074343666e+01
7.106892257325882589e+00
1.571448681738908526e+01
1.323325205674870908e+01
2.426096210403930087e+01
4.080252717497519654e+01
5.320870097817709876e+01
6.258225451837409281e+01
8.932445138305382670e+01
1.135854134870930920e+02
1.113798714776349499e+02
7.609119932630511585e+01
2.481234760640382930e+01
7.168011530738884751e+00
1.584648850665515418e+01
1.334441137402539823e+01
2.446475418571323246e+01
4.114526840324499091e+01
5.365565406639378665e+01
6.310794545632843722e+01
9.007477677467147714e+01
1.145395309603846670e+02
1.123154623980470888e+02
7.673036540064607891e+01
2.502077132629761991e+01
7.228222827597091005e+00
1.597642971240972720e+01
1.345383554729240672e+01
2.466536517003608253e+01
4.148265960415159981e+01
5.409563042973821467e+01
6.362543060907032810e+01
9.081338994422378619e+01
1.154787551142598261e+02
1.132364491897110810e+02
7.735955439693137237e+01
2.522594165117326170e+01
7.287494254783386971e+00
1.610424115010900437e+01
1.356146623167074594e+01
2.486268809139637170e+01
4.181452088098481568e+01
5.452839547317611846e+01
6.413443405394289698e+01
9.153989706377757329e+01
1.164025851551739095e+02
1.141423407832287751e+02
7.797843083210682380e+01
2.542774918438264820e+01
7.345794208821653903e+00
1.622985423107985525e+01
1.366724566827777743e+01
2.505661705850926424e+01
4.214067414385650068e+01
5.495371695786689514e+01
6.463468263956364979e+01
9.225390826087503626e+01
1.173105253193842685e+02
1.150326510413379566e+02
7.858666259259726417e+01
2.562608562802083156e+01
7.403091403650463143e+00
1.635320112323606168e+01
1.377111673535668857e+01
2.524704734815393437e+01
4.246094326734981195e+01
5.537136520674668105e+01
6.512590622762432702e+01
9.295503796365768778e+01
1.182020853118115866e+02
1.159068991892521296e+02
7.918392122830100277e+01
2.582084387879379150e+01
7.459354898318206750e+00
1.647421481154800915e+01
1.387302299919832826e+01
2.543387549853027352e+01
4.277515424752819939e+01
5.578111330927660561e+01
6.560783793370875117e+01
9.364290524458876064e+01
1.190767807431189880e+02
1.167646102432525907e+02
7.976988224539043415e+01
2.601191812349686572e+01
7.514554124565761661e+00
1.659282915819115445e+01
1.397290876479255672e+01
2.561699940211969206e+01
4.308313535811040396e+01
5.618273732510339613e+01
6.608021436683145566e+01
9.431713416234980230e+01
1.199341335644694482e+02
1.176053154370040090e+02
8.034422539755723847e+01
2.619920393398604475e+01
7.568658914262635484e+00
1.670897896229849167e+01
1.407071912614610376e+01
2.579631839793453096e+01
4.338471730561717976e+01
5.657601648637911751e+01
6.654277586739927131e+01
9.497735410148625590e+01
1.207736724994207407e+02
1.184285526450630357e+02
8.090663497534013970e+01
2.638259836152394655e+01
7.621639526662473685e+00
1.682260001924212034e+01
1.416640001620389810e+01
2.597173336304048519e+01
4.367973338329537825e+01
5.696073339848649653e+01
6.699526674329759146e+01
9.562320010937635573e+01
1.215949334724167983e+02
1.192338668030494659e+02
8.145680009317244696e+01
2.656200003038230761e+01
7.673466675443778584e+00
1.693531143937104133e+01
1.426131489631246474e+01
2.614574397657285587e+01
4.397238759696345767e+01
5.734237031225635661e+01
6.744413503047768188e+01
9.626387555010917652e+01
1.224096195266819933e+02
1.200327337106298984e+02
8.200256065379670645e+01
2.673996543058586894e+01
7.724878902169251660e+00
1.704539096372695184e+01
1.435401344313849492e+01
2.631569131242057935e+01
4.425820811634371665e+01
5.771509571928602611e+01
6.788252190817578935e+01
9.688959074118488957e+01
1.232052820536054298e+02
1.208129464797489874e+02
8.253557729804639109e+01
2.691377520588467576e+01
7.775090615033351860e+00
1.715277692679843113e+01
1.444444372783026687e+01
2.648148016768882940e+01
4.453703482747668119e+01
5.807870082231752917e+01
6.831018179619729835e+01
9.749999516285436130e+01
1.239814753305431481e+02
1.215740680425714118e+02
8.305555143502408555e+01
2.708333198968174926e+01
7.824073685908062181e+00
1.725740886605190028e+01
1.453255483457003194e+01
2.664301719671173174e+01
4.480871073992428677e+01
5.843298089733366396e+01
6.872687390515410755e+01
9.809474513334777157e+01
1.247377623300594678e+02
1.223156698576310930e+02
8.356219029877773607e+01
2.724854031481880767e+01
7.871800535392101672e+00
1.736095331924821039e+01
1.461975016357745183e+01
2.680287529989200124e+01
4.507756300436383157e+01
5.878357878271766879e+01
6.913923514858502983e+01
9.868331360414785536e+01
1.254861889040398211e+02
1.230495638767768867e+02
8.406356344057040531e+01
2.741203155670772063e+01
7.919031338604454184e+00
1.746164684849984994e+01
1.470454471452620027e+01
2.695833197663137426e+01
4.533901286978914413e+01
5.912452353965743157e+01
6.954024271244682609e+01
9.925567682305191397e+01
1.262140087996832563e+02
1.237632513472621980e+02
8.455113210852570660e+01
2.757102133973662461e+01
7.964961720368360254e+00
1.755943207085145019e+01
1.478689016492754682e+01
2.710929863570051168e+01
4.559291134185995986e+01
5.945562087147951047e+01
6.992966807163652732e+01
9.981150861326101165e+01
1.269208072489614807e+02
1.244563255548068668e+02
8.502461844833345594e+01
2.772541905923915095e+01
8.009565506002422453e+00
1.765600894724113346e+01
1.486821806083464814e+01
2.725839977819686410e+01
4.584367235424019071e+01
5.978262678627265103e+01
7.031428124603053220e+01
1.003604719106339473e+02
1.276188716888307653e+02
1.251408353453582976e+02
8.549225384979928322e+01
2.787790886406496682e+01
8.053618116285436557e+00
1.774958579466151321e+01
1.494701961655707123e+01
2.740286929702130791e+01
4.608664381771766472e+01
6.009947470823989590e+01
7.068694693663449868e+01
1.008923824117603090e+02
1.282952517087815636e+02
1.258040817726886900e+02
8.594536279520322353e+01
2.802566178104451211e+01
8.096302292301748693e+00
1.784188364079375333e+01
1.502474411856316827e+01
2.754536421736581886e+01
4.632629436556979385e+01
6.041199197672274579e+01
7.105451906070500456e+01
1.014170228003014671e+02
1.289623870176672256e+02
1.264582629979066724e+02
8.639227868173827574e+01
2.817139522230594295e+01
8.138403064221717997e+00
1.793109305899772110e+01
1.509986783915598352e+01
2.768309103845264829e+01
4.655792583739764012e+01
6.071405193660636002e+01
7.140979165600853662e+01
1.019241079143029793e+02
1.296071989527555672e+02
1.270905543128962023e+02
8.682424007514696029e+01
2.831225219841747176e+01
8.179095079542825886e+00
