3.569461038
13.2934316
63.87139918
92.84164095
68.68268867
57.81579218
76.36085723
87.294583
105.6425609
125.3823593
61.69620199
21.8546147
0.367922806
9.776234568
64.16573742
93.60201475
69.14286722
58.04947102
75.95830844
86.73745852
105.5590063
125.4556742
62.00035151
23.03196768
0
49.8587963
90.35423304
97.2383059
85.76166949
60.00967164
61.39696502
98.69620171
110.8163297
111.1740392
87.77558299
13.51685086
41.36555821
40.65284208
5.739595779
77.86227709
55.51308742
61.85457047
76.36753037
82.75990724
108.766911
112.8714456
50.48816015
18.91123224
27.37345679
33.11925287
90.02487389
100.7331447
79.30472587
51.16524691
67.47926291
88.26615807
106.1242901
125.6041401
71.81625514
10.64502024
11.85257368
49.41718107
65.17257401
86.10342078
64.82398945
63.64096879
66.53451729
84.71746731
104.1433316
122.5403674
74.777512
8.361866122
1.020542944
37.91184414
56.72126809
91.43888032
83.0435766
60.67643861
59.43190794
73.44977184
106.2972942
108.1547524
88.90408093
19.39600757
13.32438106
34.21682099
60.85443217
103.3233968
73.94636765
58.67439815
62.6967186
95.43330595
100.7893844
106.0963494
35.35738169
25.97535013
0
17.77701504
61.60741073
112.2695816
76.58526152
59.86050497
65.14395078
79.98500763
111.388167
133.7491504
68.7377915
26.19610381
30.23843422
33.40747171
46.03019215
115.9719479
70.86857743
53.6474357
68.0408569
81.71473931
97.61288495
124.3788663
110.0416924
22.24663978
7.505625249
9.124485597
46.15807945
102.9709962
65.7468721
62.2451226
80.01755028
88.30402977
101.7202803
116.6699771
69.15140604
20.03352748
4.252165472
3.421682099
20.77825899
68.70946502
59.65203106
64.69086077
67.19501527
84.53668027
102.8592413
118.8597421
105.2826646
8.621067304
17.42786738
36.65445402
85.69099296
68.96590364
65.31000597
58.11936814
67.26561131
85.98304626
111.1461883
134.7919571
106.4587534
48.42485564
6.254687707
19.06365741
59.60349462
64.77244513
81.15771024
58.68540381
64.13890216
81.31939798
100.9383933
131.2886798
72.92758916
32.07537668
13.56633313
9.665123457
62.9594617
82.37692901
77.52869956
61.77230195
72.25997611
82.09314848
107.8172685
127.358184
90.34170953
19.05561363
17.78068996
35.68242027
85.75151002
69.435631
65.71176739
58.2799237
66.93203654
85.57287352
110.6601123
134.6451181
106.3066787
48.93994756
11.64767523
64.85790053
49.01974645
92.51756687
67.26661937
43.92200874
76.54234369
86.84699323
99.00607682
120.0235033
67.75860768
4.709411921
34.29040555
47.08886317
60.30699091
109.9145233
68.74668791
39.87178927
61.67753219
87.01672143
107.2427761
120.8279852
115.5732767
7.284871565
17.14520277
12.70910494
73.87129132
102.1636917
57.47991836
55.43672668
68.99842111
83.08430572
104.6831224
130.6290986
46.98335905
0
25.97535013
14.94219393
72.00908503
73.83229595
71.17127307
48.56923268
72.08036888
90.17143153
115.488672
113.7149426
89.56561214
17.49802536
29.420757
26.28917447
47.38845745
60.09863683
64.91568764
61.33018861
65.68227881
91.33844833
104.4346862
129.7474695
83.17571159
28.51085225
22.67507965
17.87364969
31.05268485
78.25308642
61.60425544
71.90681499
73.43843007
87.16077924
109.4827941
133.4445855
72.76423182
28.71383413
13.83389752
0
26.93194942
92.50052298
59.18657759
61.43934548
63.15818609
92.35965183
109.1039472
147.1086055
108.2182356
14.09042712
3.363575269
0.202546296
30.75834661
62.43875171
73.97833766
54.13290004
69.79211504
92.64076221
107.9785573
107.8502257
49.57781207
22.24385205
12.12013806
23.67646694
43.78281395
117.9339763
91.03879288
65.33759427
58.43549924
93.99415381
111.4394168
112.4921512
63.92553155
12.7301291
11.99428349
24.52205504
40.98660062
118.6183128
93.25801656
67.36267695
60.78316333
96.30043285
113.1185483
112.6393203
64.07760631
12.87729822
17.43954102
23.6410751
61.60677187
95.69985425
71.27048254
65.53478608
94.35520978
102.8953493
114.3913917
127.1802569
67.70813615
22.61177486
3.069237024
37.20826903
80.29242997
107.7329047
78.32231099
65.72187166
75.85924301
91.80544937
122.8288627
124.0786921
10.24092078
0
30.68476205
22.49657656
44.81299781
81.13188443
80.3912456
70.0853286
78.8041411
104.4699652
110.132856
128.5234219
67.6348594
3.430945506
53.41350558
22.63760288
67.41309903
79.58125
80.82727794
73.08564201
100.8392671
111.862738
111.9371844
112.8797076
60.1243227
37.21590004
5.168807248
41.95634002
17.62109219
68.09396433
76.02451836
78.09855707
101.5077692
116.8086835
112.6261894
123.1290406
97.32496571
6.036721758
32.15645327
15.72344393
45.38163746
82.43880316
87.89976335
74.4195718
93.79859831
111.0879722
120.3484559
120.6848948
30.52939815
51.52429311
15.06973483
39.39287995
64.47453704
64.38019547
88.64657569
72.36590458
115.194113
119.7373565
123.2777185
140.1813769
116.4381344
26.10044969
22.39177618
10.75385802
71.73251858
107.1160837
81.87136288
84.6992031
92.42593381
125.599503
132.9438717
112.6470447
97.09973422
0
14.12823576
26.55877058
57.29066275
104.4320902
87.60850806
82.50606881
101.1701344
125.5213132
111.9396233
119.1629663
93.73284465
1.17735298
2.796213328
28.75842335
74.31622528
95.95065158
86.29682426
84.69149867
94.11630575
121.3010177
118.8887455
88.85716182
59.6133059
38.15803797
7.979481946
11.87756315
75.58847737
100.9584962
106.650015
85.32030058
111.243647
132.0365322
128.4381136
98.97338378
68.05345508
3.62277645
3.073418625
28.10667438
60.70726304
113.2622685
92.96628602
85.10822104
123.9313801
137.0784643
123.9451524
102.2907872
71.60164609
17.99993363
14.00592393
47.33088992
64.97731647
63.03066701
106.9410629
93.1995939
114.0419838
139.9807856
135.8557018
123.7589523
62.79337277
8.097089473
0
2.118184156
81.15134243
94.18684842
90.99740309
85.21981229
125.4375731
124.3790736
137.2549254
130.3272601
60.14556756
0
15.36331807
53.65449837
89.78077293
64.45623285
111.3102133
95.59569585
132.2260188
136.7110029
131.5566251
127.5901699
67.82114198
8.160916965
22.6710142
28.02520576
38.24951049
86.69755658
75.4640009
59.09765518
63.81100491
90.59815976
108.6031293
127.5089772
66.18882888
15.25877804
10.27506472
49.69585905
76.18882749
95.64440158
85.0187807
62.77073045
72.17442337
86.35015349
112.515036
131.1298371
103.7960048
2.057579981
8.538596841
30.14338992
34.18029006
99.67228224
92.902046
59.90666409
74.90968489
79.78836536
113.6411986
116.9251128
62.72663752
2.138772733
19.72066242
31.69307862
63.9029935
118.9963992
61.09360149
63.0605204
76.4902421
75.41988003
116.9896571
116.9067022
76.03737997
22.2225375
34.43757467
25.39306842
62.42241637
86.70175754
82.64551391
53.27246313
66.40463378
94.07618728
107.2690432
116.4320905
73.11531207
18.817727
14.93766594
43.91158693
0
54.78808299
84.35213809
62.60638203
74.3842352
90.18996416
110.545451
115.9589888
88.54159808
20.07487887
25.68507733
39.67071759
27.96213328
82.56519204
57.34869906
62.32859396
72.16539476
87.88482925
109.4731181
139.5253302
66.73171296
12.35244922
33.85865525
6.056770612
29.04040555
101.1560614
64.83179427
60.85004715
77.41751128
86.80434671
105.0927821
107.6913829
72.48918896
18.59215286
39.90960607
48.41975309
70.10273961
127.2965364
79.12611343
56.17781207
70.10304411
89.2181659
108.6058856
97.50372528
81.7871142
0.809430174
9.786746648
44.31893004
80.35155317
63.11390604
72.96158237
59.85161866
82.0495835
89.8485912
123.4073654
108.5255542
101.7373543
0.156810036
4.194319992
4.969585905
29.01705828
105.6905178
77.02324937
61.11995542
71.27197
87.18913862
113.454543
143.6487372
68.12739198
21.27836685
25.22846973
14.56377714
62.32612339
96.60864198
85.25046545
66.38131944
67.97086403
91.84630957
111.9539206
115.8715817
93.79681927
32.58831973
4.49829915
32.58744856
4.267904553
116.5624228
78.36741421
58.096238
63.97862157
90.01925611
104.058696
124.5855154
84.07321674
7.520086619
35.67265698
23.8117284
29.70748706
92.45791324
74.15902944
66.56412037
74.94016162
87.37430887
117.4233282
129.1973566
80.97980967
5.842741935
0.532979888
14.36741255
0
69.26219136
87.15821801
64.14748714
57.8839249
93.00722571
100.7809216
98.44104275
100.1171039
19.81823311
12.84849164
36.18845785
56.66011217
88.67518861
65.53364695
62.7828858
73.70916799
99.13223981
106.0498422
117.6279703
80.53642833
35.86042247
9.198070158
29.9530607
34.87908204
59.25580418
92.73296744
62.29072445
59.5903259
79.85257285
103.379483
128.7207122
82.00172325
13.14271373
27.52341365
17.16936728
39.90617948
91.47296811
81.21829533
64.47177298
75.99554046
87.82870204
108.7984542
129.5170749
104.0298783
14.65360746
12.2047574
6.395576132
63.31925362
97.58152435
71.03541335
59.71101166
68.88794471
87.13912369
113.597368
124.6089788
91.05581276
17.69607062
32.30362239
26.13769157
61.93688603
71.45521262
71.66015034
63.36325017
69.20212067
77.22347836
112.3611171
154.6005244
122.1430384
3.267921147
4.458457786
30.21180556
29.22486061
78.15502401
71.4773646
64.14157322
63.32792463
89.19348699
121.0093861
113.5843621
68.95096022
16.1733871
4.662078521
40.16853138
91.53512877
103.9487397
77.5930539
68.9571262
66.25192569
90.16324091
111.5707356
122.8463759
10.72481139
25.39480453
34.27884807
10.02064043
59.61098666
113.155024
67.55649476
62.87687243
71.56047474
86.83626626
117.3719822
113.8938006
51.43613683
15.45275787
21.63386101
29.89055627
63.86379099
105.8099451
85.009962
60.33247942
75.7436438
82.71755526
104.1544496
118.660303
47.05297497
6.978104673
7.083399708
34.20923354
84.25432265
84.22949246
82.93225475
63.74608796
74.15916633
86.18496449
118.2955573
118.2318631
74.52515432
14.58902496
26.0455081
31.49479167
69.78848068
98.32695473
81.96335457
62.49555984
72.40006389
93.00559372
84.83405178
116.9733174
103.5657922
8.35350292
30.96742666
13.7819573
47.22822083
100.913666
60.77096857
65.19816101
78.31250747
87.87743263
106.4733676
120.5164111
77.00462106
0
14.42257401
43.57728466
70.926515
106.614369
89.7172433
59.39507116
68.5272053
86.98125664
112.1835382
133.0402479
73.82233368
3.332619806
15.75952476
27.0475823
30.24325468
108.3354424
76.96053448
65.22886231
80.8861891
82.56675544
111.721274
106.2671412
56.9804441
0
14.93766594
1.072016461
31.26240376
89.25084019
84.12522401
60.56253429
69.08170633
83.68578753
104.8757605
118.9285062
89.87264232
7.7277728
10.22825402
34.21682099
16.80405383
90.46389746
72.10622262
57.7670739
79.68768087
81.33312425
111.6857905
105.1482726
93.90616427
0
11.25843787
32.25033702
49.52240973
73.90833333
72.57951845
62.31999057
65.73878186
88.94550644
107.5105547
134.7071967
101.9128944
0
14.32146057
10.6091821
34.31793442
127.8017918
64.84910062
62.98242284
61.56103727
86.34173138
113.8505976
117.3516361
96.41539781
31.78853047
31.27343854
2.851401749
24.5036589
101.1623628
81.8569851
62.41441101
71.78183161
84.10542115
104.8554733
130.7392058
55.8114369
1.936545865
20.87670085
24.51980453
13.47422176
101.4849966
85.54807182
62.17571759
71.12004348
98.12485812
110.3342627
114.0216879
55.56562071
24.88186148
8.42580977
31.2615386
101.3719965
98.83443073
74.49774492
59.13146605
74.04416982
84.01946851
107.2099897
110.5935301
61.5142404
41.34616023
18.6252572
14.99022634
38.63189466
81.94837106
64.87051474
64.89452932
71.88790571
92.58748009
106.7178206
121.580977
58.77689472
0.36310235
5.597247113
6.436021091
72.88855702
105.2776835
73.14115724
62.89926612
70.86695789
90.88405931
112.6427735
107.2884392
58.70085734
6.916948759
10.22825402
0.162937243
81.94631123
102.5723251
71.58458532
56.43236111
63.88509807
89.98239081
115.6948517
124.1956392
91.4317987
2.207536838