0.762495022
0.024606215
0.88046595
2.057489712
11.45003654
16.1360808
32.20777811
33.51349285
22.85880412
6.43098865
1.775030864
0
0.069056153
0.025485009
0.894852648
2.072355967
12.08813268
16.33853251
32.13583566
33.47796804
22.70395117
6.419304228
1.778004115
0
0
0.713580247
1.458811231
2.194259259
18.5978728
21.9983222
30.67747881
45.91357666
23.39172167
5.569492566
0
0
0.247451215
0.194323192
0
1.150648148
11.61731332
23.69216966
45.94577148
27.33398714
22.84557819
5.841210341
1.644207819
0
0.028773397
0
0.733721625
2.494557613
14.22123167
20.23151033
34.43647307
35.13971746
20.41420525
5.890955629
0.261646091
0
0.146744325
0
0.871833931
2.637273663
17.62840764
23.99273149
40.31906834
26.69317559
21.693756
4.086720098
1.468786008
0
0.077688172
0
0
2.467798354
15.54265988
17.06735455
29.00114314
26.07769966
28.79865394
5.681861476
0.205154321
0
0.480515731
1.121340388
0.140989646
2.777016461
11.18302925
16.83870034
19.72970435
38.37846794
25.22911636
5.245435086
1.091183128
0
0.086320191
0
0.506411788
2.678899177
13.51328579
19.73457112
39.15447971
36.49445917
26.2826301
6.577185384
1.284444444
0
0.256083234
0.006371252
0.054669454
3.249763374
15.77976367
19.03775998
34.92483549
30.10587103
24.10851862
4.893973185
2.090195473
0
0.210045798
0.076455026
0.264715253
2.152633745
18.51472518
23.49907512
38.66801262
36.94703188
22.46496345
4.088699721
0.294351852
0
0.069056153
0.038227513
0.29061131
1.840442387
17.14368545
27.64495957
34.58638019
42.14695599
24.98566224
4.131859817
1.260658436
0
0.799900438
0
0.39419554
2.250751029
16.25556177
18.41370377
34.33322534
36.09218085
26.93898706
4.61362339
1.269578189
0
0.250328554
0
0
1.085236626
14.50800007
23.04492396
34.66354635
41.12014458
20.56258488
4.744733174
0.8681893
0.005754679
0.092074871
0
0.989804859
2.530236626
17.20813197
25.46743188
36.1092264
26.19823439
22.88101516
4.243649608
1.715565844
0.29636599
0.799900438
0
0.397072879
2.259670782
16.67190097
18.71729115
34.94793608
36.49795637
27.03206036
4.605166434
1.266604938
0
0.031650737
0
0
2.274537037
10.82915276
32.18324328
39.03513059
45.54146635
26.06269342
5.162616156
0.267592593
0
0.008632019
0.028670635
0.469006372
2.848374486
19.93600163
27.98113296
40.4178045
42.54546573
27.5960007
4.59626062
0.975226337
0
0.379808841
0
0.607118678
3.0356893
21.16194222
19.70509112
31.94066331
36.39039397
18.49455676
4.800901865
0.948467078
0
0
0.006371252
0.538062525
1.757191358
12.23383273
14.20454776
29.40515523
41.42082686
27.95551307
4.06315379
1.605555556
0.146744325
0.008632019
0.525957854
0.799900438
1.941532922
16.65596011
30.72150706
36.86221641
40.75158177
21.40359739
4.692941059
0.377602881
0
0.074810832
0.152910053
0
1.620421811
19.60724359
36.34195383
48.68964037
43.2337232
20.43463306
4.946146953
1.106049383
0
0.635892075
0.17202381
1.225746714
1.340936214
22.46772364
19.45952851
33.29920492
33.14198054
22.19605453
5.596425727
0
0
0.244573875
0.414131393
0.440232975
2.577808642
20.72403109
16.50778888
39.43607614
37.96004654
19.24068501
3.941955396
0.975226337
0
0.184149741
0
0
3.469783951
25.32142656
33.13329407
42.56403516
36.2040162
19.92915724
3.720400239
0.541131687
0
0.184149741
0
0
3.49654321
25.66290101
33.51210605
42.56611788
36.03139125
19.83274691
3.723277579
0.544104938
0
0.946644763
0
0
2.777016461
21.86474201
26.81142682
48.13011645
33.92205178
23.62365445
3.90742732
0.8681893
0
0.089197531
0.022299383
0
2.185339506
18.03165902
30.84438796
36.02846159
34.95137712
21.79115844
4.014239015
0.921707819
0
0
0.602852278
0.299243329
2.54212963
24.83292196
25.27497629
37.08798192
31.89778674
18.8397368
4.255585424
0.680874486
0
0.212923138
0.117868166
1.277538829
3.624393004
24.33150662
27.50298637
58.85346944
47.16100491
19.20177298
4.241723915
0.472746914
0
0
0.519257055
0
2.262644033
21.92441537
25.43184047
55.30029366
48.19873764
14.8631833
4.258462764
1.150648148
0
0.256083234
0.726322751
0.005754679
2.143713992
26.44543145
25.44039398
44.11142403
45.88623317
18.98003584
3.746296296
0.071358025
0.060424134
0
0.049212431
0
2.839454733
18.87791267
35.74109278
60.25175255
36.99343075
18.89493913
4.747610514
1.70367284
0
0.644524094
0
0.653156113
1.667993827
30.34333669
33.57767389
34.07966812
54.364042
18.69508659
3.99950219
1.284444444
0
0.284856631
0
1.196973317
1.32904321
28.63471817
34.81108316
45.46135084
44.60663157
16.2006434
4.554828753
0.826563786
0.215800478
0.353912784
0.124239418
0.68192951
2.809722222
26.90601604
24.46972102
34.71448361
25.7349934
20.86747663
3.766437674
2.000997942
0
0.031650737
0
0
2.979197531
21.84757717
31.64812869
51.48434726
44.77180116
17.46059842
3.780824373
0.333004115
0
0.184149741
0
1.047351653
3.205164609
20.64538999
35.02638036
38.91262346
49.00899293
17.76298508
4.108841099
0.300298354
0
0.411459578
0.13061067
0.635892075
2.274537037
34.86611632
38.22756938
39.30059915
56.49015249
20.47605738
3.982238152
0.398415638
0
0.598486659
0
1.254520112
3.050555556
27.84715174
40.55642932
63.88592917
28.28214079
19.11673019
5.133174034
0.148662551
0
0
0
1.838620072
1.47473251
25.35549088
27.49965488
67.09142278
44.800313
17.79933308
4.551951414
0.11595679
0
0.98117284
0.385460758
0.506411788
1.492572016
9.967534847
11.78344342
13.62518137
16.849357
16.35132545
4.540442055
1.207139918
0.115093588
0.38844086
0
0.207168459
3.107047325
10.57451314
12.81021056
16.65604723
17.70979142
16.32761831
4.301622859
2.411306584
0
0.440232975
0.140167549
0.112216249
3.306255144
10.8471371
11.90110597
16.51757351
15.23146837
22.3030619
3.746296296
1.546090535
0
0.043160096
0
0.986927519
2.661059671
10.45559638
12.36658813
19.29049449
17.98738169
15.79957647
4.413839108
0.990092593
0
0.011509359
0
1.145181203
2.887026749
10.95028491
11.63778944
16.52501726
19.31017672
18.80394564
4.474263242
2.200205761
0
0
0
0.215800478
2.54212963
9.546940296
11.18539386
16.76115708
17.12306103
17.95110597
4.387943051
0.820617284
0
0.29061131
0.175209436
0
2.779989712
11.23036722
12.26838117
15.61531594
17.33220546
16.20256087
5.337465153
1.724485597
0
0
0
0
2.500504115
10.16553216
10.50899348
16.87783005
17.13131422
16.91897977
4.20091597
1.201193416
0
0.233064516
0.0732694
0
3.677911523
11.69610696
10.78602195
14.79677801
17.34777877
15.83584448
4.238321386
0.805751029
0
0.155376344
0
0
1.412294239
9.297460507
11.49472445
22.84622428
17.28740591
21.84004184
4.117473118
1.572849794
0
0.037405416
0
0.434478295
1.525277778
10.00846044
12.05641804
15.68645808
16.19849396
17.92747771
5.259776981
1.132808642
0
0.261837913
0.307577693
0.630137395
2.916759259
10.2267269
12.21201372
17.8010756
20.29774476
16.0695439
4.059926324
0.457880658
0
0.428723616
0
0
2.491584362
8.806112439
10.96512551
15.79521572
17.79013988
16.24247942
4.057048984
0.921707819
0
0.014386699
0
0.241696535
2.747283951
10.64553697
13.60379235
15.21678465
17.94010172
17.45325754
4.621007567
1.465812757
0
0
0
0.523675826
2.661059671
11.54641942
13.38149074
15.8084626
20.02441723
13.47124743
4.128982477
0.719526749
0
0.230187176
0
0.690561529
2.720524691
10.62485713
13.11115466
18.61695606
19.81485796
17.36390518
3.898795301
1.510411523
0
0.046037435
0
0
2.854320988
12.04461934
12.45889215
12.14876593
17.41458234
15.15996571
4.011011549
0.909814815
0
0.106461569
0.356790123
0.253205894
1.599609053
10.25742848
11.82847531
18.32698361
17.17557049
15.74339078
4.908741537
1.825576132
0
0.117970928
0.003185626
0.497779769
2.949465021
7.112721691
10.96946588
16.56696137
16.40168426
15.75913837
4.813789327
0.933600823
0
0
0.298350362
0.673297491
2.396440329
10.02450153
12.64917353
14.67214523
17.17668011
16.45040295
5.769066109
0.680874486
0
0.420091597
0
0.517921147
1.572849794
10.78676805
12.82943467
15.10235414
18.02635271
17.34491084
3.930446037
0.912788066
0
0.138112306
0.232550705
0.730844285
3.107047325
5.897182232
11.53098165
15.4609611
17.50443615
15.03641118
4.635394265
0.624382716
0.164008363
0
0.372718254
0.29636599
2.274537037
11.17395277
12.57273131
15.92001825
17.80371217
15.49007545
4.436857826
0.130823045
0.005754679
0.09782955
0.3598659
1.424283154
2.63132716
10.76324472
11.1393606
17.69000747
16.86101321
13.33259002
4.713082437
1.656100823
0
0.592731979
1.016214727
0.302120669
1.926666667
7.394867915
11.73468433
15.96712946
16.65308144
18.85499743
4.379311031
1.412294239
0
0.411459578
0
0.348158104
2.470771605
10.87015449
11.61074811
15.8947881
19.08383596
14.74107596
3.694504182
1.813683128
0.210045798
0
0
0.771127041
3.130833333
10.61114413
13.57028429
18.2228405
17.92568283
13.31573388
4.413839108
0.199207819
0.023018718
0.437355635
0.267592593
0.374054162
2.464825103
10.73732792
12.23621742
16.62975325
16.93992583
15.88122257
5.07850458
1.117942387
0
0
0
0.155376344
2.087222222
10.70759044
13.43980436
19.22554792
18.05889868
15.26113512
4.272849462
0.341923868
0
0.129480287
0
0.241696535
2.610514403
11.28064217
11.92179132
16.14050295
15.37382882
15.60985425
3.32332736
1.111995885
0
0.149621665
0.207065697
0
2.449958848
10.90121914
12.24596005
20.54498755
17.22220745
16.71396005
4.051294305
0.600596708
0
0.120848268
0.110727969
0.739476304
1.685833333
9.456558808
11.1902692
13.16863219
18.21292828
15.46331619
4.350537634
0.790884774
0
0.109338909
0.219808201
0
2.295349794
10.14797242
12.93356001
15.09676507
16.19368346
18.70514746
4.128982477
2.3131893
0
0.120848268
0
0.212923138
2.556995885
11.19395211
13.63696108
16.6326281
17.73523878
13.56990741
4.632516926
1.670967078
0
0.037405416
0
0.29636599
2.122901235
9.98854092
11.91230316
14.65145294
22.37578671
13.90743398
4.301622859
1.439053498
0
0.284856631
0
0
2.328055556
10.45721641
12.01970679
16.87365608
16.64057464
14.52625514
4.172142573
2.577808642
0
0.106461569
0
0.558203903
2.818641975
9.982847139
13.0834177
18.021704
19.28314018
15.59012689
3.90454998
1.459866255
0
0.034528076
0.111496914
0
2.949465021
10.3072647
11.99033093
13.52697498
19.16490077
16.0754904
4.034030267
0.776018519
0
0.109338909
0
0.535185185
2.741337449
10.3058111
11.29428721
13.82500796
17.46471558
18.87904321
4.183651932
1.682860082
0