2.671976636
0.997587626
2.863533785
5.53223594
28.57519144
21.26713697
43.90065978
49.32403422
13.72659887
8.654453737
7.131001372
2.062923138
2.121863799
0.799382716
2.2348334
5.552537723
28.93957534
21.59039559
44.01892457
49.36217715
13.70790158
8.659365459
7.136076818
2.087481747
1.164078057
0.83744856
3.148413647
4.090809328
28.18599822
26.83446814
33.01682066
56.83741788
14.98267802
8.069958848
6.278326475
1.272135935
0.545201115
0
3.187707421
6.039780521
12.3631542
21.46081169
49.26742997
39.44743192
17.69789523
8.963892208
6.811248285
1.272135935
2.15133413
0
3.423470065
7.506584362
31.72220832
17.85705384
37.22873024
46.86286712
14.55702447
9.052303199
7.440603567
0
0.44696668
1.120223398
3.030532324
6.30877915
30.20630393
14.84256001
38.95842261
44.03757766
15.61138855
8.502190362
8.887105624
0.265232975
0.962697464
1.582451499
2.79476968
4.892729767
30.43905744
15.98207622
38.89952546
46.36754796
15.43016744
8.796893668
7.323868313
0
0
1.027777778
3.251559804
4.13648834
10.51495521
21.17749684
35.98294211
47.93175457
15.00536946
8.679012346
7.029492455
2.028541086
1.110049117
0.136511991
3.123855038
4.69478738
28.00437052
27.38802754
40.28082725
45.32655119
17.51255496
9.597504314
6.740192044
0
0
0.250146972
0.731846542
6.52702332
31.14050586
29.53007942
37.17078305
48.86490955
14.60167728
9.2782424
7.714677641
1.193548387
1.188636665
1.870664315
0.604141776
7.044718793
33.5224288
29.8139067
49.53516379
48.42815257
13.82651481
7.446170185
5.877366255
0.962697464
0.672905881
0
0
4.994238683
32.60430174
31.91234486
43.97034661
49.54273371
14.44071001
8.968803929
7.648696845
0.987256073
0
1.664396197
4.091464224
5.983950617
32.43587756
20.50452889
36.98743715
47.80809086
15.44066349
9.410858888
6.56255144
0.584494889
0.16699854
0
2.249568565
2.573251029
20.71274738
11.38285511
38.06336798
50.70615532
14.2930761
9.592592593
7.5218107
0
0
0.16313933
1.81733705
6.593004115
30.15059369
29.02902846
25.27949595
38.87601711
14.17438284
8.777246781
7.511659808
0.063852383
0
1.718400941
4.965750697
6.024554184
33.29545151
20.96368549
37.5790614
48.45308748
15.64143776
9.405947166
6.56255144
0.589406611
0.358555688
0
2.868445506
5.34951989
33.14531874
23.33839819
47.08549836
47.08324826
15.20691504
8.330280101
5.664197531
0
1.586486128
0
4.150404885
6.831550069
21.49439497
24.00677281
40.23992207
51.77452574
14.84743011
8.875481216
9.333744856
0.933227134
0
0.304526749
1.159166335
6.425514403
27.95477117
4.442515818
44.10102646
49.24625689
13.56608195
9.24877207
8.262825789
1.267224213
1.414575866
0
1.73383778
4.151714678
23.18703272
23.37730811
42.30784503
53.89751203
18.55108748
7.667197664
7.486282579
0
0.569759724
0.068255995
0.535377672
6.364609053
37.72210985
30.06413599
47.1351999
58.16886944
15.50284429
9.469799549
7.877091907
2.573742201
0.628700385
0.016313933
0
6.090534979
35.46618358
42.95884648
46.87927354
55.10448231
13.45113472
10.62896588
7.125925926
1.547192354
0.456790123
0
2.676888358
7.435528121
30.22154599
23.93833743
36.71641263
54.69497577
14.01918014
11.17907872
7.425377229
0.682729324
0.221027479
0.233833039
3.251559804
6.420438957
34.74405191
25.49955929
41.06009745
55.41996778
11.75980273
8.629895128
5.851989026
0.545201115
0.137528209
0
2.465684322
6.379835391
30.41519035
38.90163538
46.56511779
52.20754903
11.0301613
8.011018187
8.750068587
0.422408071
0.64343555
0
2.495154653
6.40521262
30.72344046
39.18869424
46.6354769
52.26243741
11.0011511
8.011018187
8.775445816
0.427319793
0.889021638
0
2.686711801
7.501508916
28.79067992
24.90265488
55.15759832
49.85234379
14.23098694
8.929510155
7.537037037
0.289791584
0.736758264
0.636243386
2.966679942
5.486556927
35.0445464
15.97823834
35.33727861
53.96082862
14.5986678
8.860746051
8.618106996
0.054028939
0
0.976585781
4.906810036
4.821673525
33.96896529
31.27492777
34.66609226
52.72561231
5.806265638
8.826363998
7.587791495
0.093322713
1.832072216
0
2.539360149
4.710013717
33.80898065
26.01210953
55.12068173
60.18989702
12.81015024
9.003185982
7.100548697
1.331076596
0
0
0.319261914
6.821399177
38.74851615
40.56000096
56.023319
50.87042646
7.273113855
8.949157042
8.003978052
0.47643701
0.088410992
0
3.079649542
6.095610425
19.96645214
9.712775189
43.51533224
50.09564027
10.23733789
8.521837249
6.836625514
0
0.098234435
1.842911877
2.701446967
6.511796982
20.12270964
33.72456159
57.9838689
53.6576668
10.71185296
9.941324837
9.455555556
1.561927519
2.357626444
0
3.747643701
7.222359396
36.78683966
32.84249837
46.0486969
57.59170583
8.049657064
8.605336519
7.856790123
0
0.687641046
1.555261611
2.559007036
7.983676269
42.09584727
39.36999721
45.6230415
56.38243337
7.914562749
9.671180141
7.613168724
0.451878402
0.569759724
0
1.404752423
6.349382716
34.13896973
34.9096468
32.49950053
53.6914929
10.98598726
8.182928448
7.887242798
0
0
0
2.90773928
6.1260631
28.79713967
33.39000814
43.75249444
59.1582151
10.75655478
8.236957387
6.461042524
0.638523828
0.19646887
0
1.714190893
6.060082305
6.239858141
12.8685285
60.26364798
58.78427891
8.467629132
8.654453737
7.61824417
0.039293774
1.311429709
0.995149912
1.792778442
4.349657064
36.53706416
36.6436507
53.49394487
60.57804213
9.751445662
8.909863268
7.826337449
1.095313952
1.316341431
0
2.873357228
7.435528121
37.45875315
25.45552857
54.41377758
53.85845579
11.56467977
10.35390947
7.907544582
1.645426789
0.550112837
2.094934014
5.098367184
5.791083676
21.34804695
37.85339934
58.63026503
53.42753917
8.388481516
8.929510155
7.212208505
1.674897119
0.103146157
0.299088771
4.508960573
4.512071331
16.64182431
17.88613169
21.06906279
22.04238019
7.946176269
9.086685252
7.714677641
1.37037037
1.080578787
0.842886537
3.055090933
5.978875171
15.66772368
15.82628601
23.42666932
25.6389536
8.475775034
9.518916766
7.410150892
2.362538165
1.149342891
0
2.721093854
6.785871056
16.58934356
9.488213306
20.37310832
21.36966016
10.49784636
8.163281561
7.55733882
0.073675826
0.054028939
0.66155811
3.369441126
7.273113855
11.05837814
15.8198594
27.45332537
27.21749137
8.247599451
9.052303199
7.67914952
1.016726404
0.918491969
0.043503821
1.782954998
4.309053498
11.63773729
13.04177641
22.13475873
27.18200584
8.876625514
8.693747511
9.059670782
0.952874021
0.221027479
0.375220459
0
5.171879287
18.4143253
12.07891632
25.93038298
26.276213
9.355469822
8.679012346
8.511522634
1.355635205
0.486260454
0
1.841895659
7.531961591
13.86348566
18.72868999
10.64418226
24.6013723
7.450754458
10.81561131
8.709465021
0.692552768
0.520642506
0.855825174
4.484401965
7.029492455
17.82672906
8.918942044
12.43408834
26.39949223
7.24545439
8.502190362
7.887242798
1.051108456
0.653258994
0.222957084
3.202442586
7.415226337
19.41451945
17.91919582
15.91832437
26.26743163
7.273113855
8.900039825
6.557475995
1.62086818
0
0.315402704
0.373290854
6.699588477
18.50125448
14.25594479
29.52679543
26.69582006
10.33700274
8.457984867
8.689163237
1.168989778
0.245586088
0.870076426
0.564848002
6.014403292
9.427970264
11.58126886
22.45118645
24.88007102
8.130864198
10.4079384
6.176817558
0.206292314
2.274127174
0
2.956856498
7.191906722
20.06629165
18.33230796
23.12220729
28.97389652
8.141015089
8.453073145
7.328943759
2.396920218
1.90083632
0.016313933
1.552104075
6.171742112
16.70388955
11.29467936
22.91940628
26.88500929
7.526886145
8.816540555
7.384773663
1.085490508
0.088410992
0
0.117881322
6.060082305
17.27972587
18.80567901
21.08247378
22.84052834
8.677350823
9.735032524
7.044718793
0
0.260321253
0.402410347
2.200451347
5.659122085
9.830807779
16.95667524
21.78122428
26.69430506
7.755281207
8.43833798
5.024691358
1.267224213
2.229921678
2.977011494
4.764370105
4.085733882
17.31483971
19.13337449
24.83113136
29.90116322
7.884650206
8.846010885
8.531824417
0.108057879
0.191557149
0
2.834063454
6.582853224
12.9319992
14.30892318
17.12409399
23.24122362
7.709602195
8.659365459
8.628257888
0.225939201
0.186645427
0.168577307
2.126775521
5.816460905
16.3141212
18.25597051
23.95254215
25.4382268
7.668998628
9.381388557
8.51659808
2.31833267
1.311429709
1.207231041
2.107128634
6.537174211
14.247121
9.618665981
24.51782988
25.14616687
7.998902606
9.420682331
7.760356653
0.142439931
1.350723483
0.162764297
3.595380327
6.938134431
10.21251825
17.01543553
21.01047723
23.83973351
7.821262003
11.82251427
9.105349794
1.87136599
1.463693084
3.659758965
4.936280366
6.181893004
20.88046263
21.83120713
23.60682165
23.75291053
9.100274348
8.457984867
7.668998628
0.456790123
0.162086818
0
2.269215452
7.435528121
18.34123025
21.76431241
22.99447265
20.59809505
8.17654321
10.03955927
7.628395062
1.188636665
0.564848002
0
6.341032789
5.740329218
18.29292281
15.55269033
23.2125
24.49104275
7.55733882
10.17217576
7.430452675
1.650338511
0.358555688
0.052504612
3.978494624
6.400137174
16.06654885
12.79977366
20.2027197
21.97372893
6.369684499
9.543475375
6.709739369
1.365458649
0.609053498
3.241034685
0
6.664060357
20.6711204
18.42253601
21.0419023
20.82051971
8.577503429
8.669188902
6.055006859
0.589406611
1.502986858
2.153439153
3.683791318
6.714814815
15.58810069
17.68466049
23.36402164
22.36684754
7.491358025
8.305721492
8.212071331
0.127704766
0.766228594
0.09244562
2.288862339
6.613305898
16.36625183
16.66589335
26.65317437
23.46307082
6.516872428
8.900039825
6.724965706
1.311429709
1.021638126
1.19185469
2.603212532
6.68436214
21.31801407
13.66203361
21.9533486
23.47585457
7.790809328
9.951148281
7.597942387
0.500995619
1.134607726
0.239271017
2.31833267
7.562414266
20.50897053
14.90854767
26.53616089
23.77828057
7.963374486
8.850922607
8.288203018
1.301606266
1.14443117
2.039241623
4.312491703
5.633744856
18.929545
13.45359396
21.588484
24.29619673
7.222359396
8.772335059
7.288340192
0.456790123
0
0.021751911
0.201380592
6.96351166
17.48102682
12.4314249
26.13802104
24.85721326
8.181618656
8.158369839
8.369410151
0
0.353643967
0
2.274127174
6.56255144
18.24826596
18.1724537
21.39855137
25.86341265
7.917695473
9.386300279
8.146090535
1.566839241
0.122793044
2.039241623
1.355635205
7.288340192
18.24415074
16.53776406
23.24466514
24.64128667
8.486145405
7.834196203
10.28792867
1.385105536
1.267224213
1.000587889
1.311429709
5.222633745
18.25923935
17.36282064
12.72625614
24.66199223
7.435528121
9.587680871
8.89218107
0.844816142
0
0
5.11310235
6.161591221
13.69813985
11.16181241
20.24972952
29.94579849
7.61824417
8.836187442
6.46611797
0.55993628
0
0
1.630691624
7.562414266
19.61719932
15.02835562
22.57905383
23.56884541
7.699451303
8.074870569
7.486282579
1.085490508
0.063852383
0
6.154387362
6.862002743
18.77189699
10.79903807
19.62589108
28.69797723
6.988888889
9.523828488
8.45569273
1.483339971
1.129696004
3.30085244
5.132749237
7.004115226
19.6199688
14.87790295
19.59741305
28.18994756
8.095336077
8.197663613
7.349245542
1.836983937
0.137528209
0.174015285
3.624850657
7.252812071
18.5138192
7.460845336
17.22576663
24.51289659
8.547050754
8.737953007
8.247599451
0.496083898