2.258300000000000196e+00
1.642400000000000082e+00
3.695400000000000240e+00
6.158999999999999808e+00
8.109350000000000946e+00
9.135849999999999582e+00
1.252329999999999899e+01
1.508954999999999913e+01
1.426834999999999987e+01
1.026500000000000057e+01
4.721899999999999764e+00
1.334450000000000136e+00
2.317467460000000035e+00
1.685430880000000187e+00
3.792219480000000420e+00
6.320365799999999368e+00
8.321814970000000145e+00
9.375209269999999151e+00
1.285141045999999854e+01
1.548489620999999872e+01
1.464218076999999951e+01
1.053394300000000072e+01
4.845613779999999871e+00
1.369412590000000041e+00
2.377489867213999908e+00
1.729083539792000135e+00
3.890437964532000414e+00
6.484063274219999506e+00
8.537349977723000194e+00
9.618027190092998779e+00
1.318426199091399909e+01
1.588595502183899910e+01
1.502141325194299881e+01
1.080677212370000007e+01
4.971115176901999888e+00
1.404880376081000026e+00
2.438353607814678359e+00
1.773348078410675432e+00
3.990033176424019778e+00
6.650055294040031484e+00
8.755906137152708268e+00
9.864248686159379886e+00
1.352177909788139765e+01
1.629263547039807847e+01
1.540596143119273975e+01
1.108342549006671973e+01
5.098375725430691396e+00
1.440845313708673636e+00
2.500043954092389775e+00
1.818213784794465493e+00
4.090981015787547470e+00
6.818301692979244599e+00
8.977430562422672011e+00
1.011381417791921145e+01
1.386388010905779744e+01
1.670483914779914869e+01
1.579573225540191572e+01
1.136383615496540855e+01
5.227364631284087793e+00
1.477298700145503130e+00
2.562545052944699364e+00
1.863669129414327053e+00
4.193255541182236534e+00
6.988759235303725781e+00
9.201866326483239433e+00
1.036665953236719240e+01
1.421047711178424322e+01
1.712246012649412563e+01
1.619062556178696255e+01
1.164793205883954386e+01
5.358048747066190387e+00
1.514231167649140675e+00
2.625839915752433473e+00
1.909701756910860970e+00
4.296828953049438127e+00
7.161381588415728139e+00
9.429152424747375250e+00
1.062271602281666283e+01
1.456147589644531415e+01
1.754538489161853221e+01
1.659053401316310072e+01
1.193563598069288112e+01
5.490392551118725706e+00
1.551632677490074386e+00
2.689647825705217432e+00
1.956107509603794981e+00
4.401241896608539150e+00
7.335403161014230733e+00
9.658280828668736717e+00
1.088084802217110791e+01
1.491531976072893606e+01
1.797173774448486228e+01
1.699368398968296390e+01
1.222567193502371730e+01
5.623809090110910347e+00
1.589337351553083089e+00
2.754199373522142835e+00
2.003054089834285900e+00
4.506871702127144275e+00
7.511452836878572015e+00
9.890079568556785716e+00
1.114198837470321379e+01
1.527328743498643071e+01
1.840305945035249735e+01
1.740153240543535418e+01
1.251908806146428610e+01
5.758780508273572352e+00
1.627481447990356989e+00
2.819473898674617729e+00
2.050526471763358671e+00
4.613684561467557899e+00
7.689474269112594129e+00
1.012447445433158144e+01
1.140605349918367928e+01
1.563526434719560854e+01
1.883921195932585135e+01
1.781394872344417379e+01
1.281579044852098903e+01
5.895263606319655736e+00
1.666052758307728476e+00
2.885449587903603952e+00
2.098508791202621460e+00
4.721644780205898506e+00
7.869407967009828475e+00
1.036138715656294096e+01
1.167295515106457771e+01
1.600112953291998608e+01
1.928004951917407794e+01
1.823079512357276855e+01
1.311567994501637990e+01
6.033212774707535253e+00
1.705038392852129325e+00
2.951814928425386952e+00
2.146774493400281703e+00
4.830242610150634164e+00
8.050404350251055163e+00
1.059969906116388927e+01
1.194143311953906306e+01
1.636915551217714437e+01
1.972349065811508240e+01
1.865010341141494266e+01
1.341734058375175742e+01
6.171976668525808840e+00
1.744254275887728189e+00
3.018821127300643337e+00
2.195506274400468083e+00
4.939889117401053298e+00
8.233148529001754312e+00
1.084031222985230869e+01
1.221250365135260019e+01
1.674073534230356586e+01
2.017121389605429371e+01
1.907346075885406123e+01
1.372191421500292208e+01
6.312080538901344795e+00
1.783848847950379568e+00
3.086140838439447531e+00
2.244466064319598608e+00
5.050048644719097091e+00
8.416747741198493671e+00
1.108205119257801563e+01
1.248484248277776310e+01
1.711405374043693683e+01
2.062103196593630372e+01
1.949879893377650575e+01
1.402791290199748708e+01
6.452839934918844556e+00
1.823628677259673037e+00
3.154035936885115188e+00
2.293844317734629712e+00
5.161149714902917296e+00
8.601916191504860976e+00
1.132585631881473276e+01
1.275950901739887478e+01
1.749056292272655000e+01
2.107469466918690415e+01
1.992777251031958841e+01
1.433652698584143259e+01
6.594802413487059312e+00
1.863748508159385864e+00
3.222163113121833788e+00
2.343391354997697906e+00
5.272630548744820622e+00
8.787717581241366815e+00
1.157049481530113155e+01
1.303511441217469091e+01
1.786835908185744515e+01
2.152990807404134088e+01
2.035821239654249126e+01
1.464619596873560781e+01
6.737250145618379982e+00
1.904005475935628633e+00
3.290795187431328817e+00
2.393305590859148957e+00
5.384937579433085375e+00
8.974895965721808366e+00
1.181694635486704570e+01
1.331276234915401169e+01
1.824895513030100958e+01
2.198849511601842011e+01
2.079184232058884518e+01
1.495815994286967587e+01
6.880753573720051364e+00
1.944560792573057473e+00
3.359901886367386847e+00
2.443565008267190919e+00
5.498021268601180012e+00
9.163368781001965502e+00
1.206510222831925283e+01
1.359233035848624560e+01
1.863218318803733098e+01
2.245025351345480757e+01
2.122847100932121123e+01
1.527228130166993836e+01
7.025249398768172782e+00
1.985396569217091622e+00
3.429115865226555204e+00
2.493902447437494896e+00
5.611280506734364515e+00
9.352134177890606637e+00
1.231364333422262902e+01
1.387233236387106317e+01
1.901600616171090152e+01
2.291272873583197622e+01
2.166577751211322678e+01
1.558689029648433966e+01
7.169969536382796882e+00
2.026295738542963853e+00
3.498726917290654104e+00
2.544528667120475873e+00
5.725189501021072047e+00
9.541982501701786745e+00
1.256361029390734885e+01
1.415394071085764516e+01
1.940203108679363453e+01
2.337785712916936376e+01
2.210559279560912671e+01
1.590330416950297199e+01
7.315519917971367470e+00
2.067429542035386092e+00
3.568351582944738087e+00
2.595164787596173195e+00
5.839120772091391132e+00
9.731867953485652478e+00
1.281362613875610457e+01
1.443560413100371242e+01
1.978813150542082866e+01
2.384307648603983409e+01
2.254549409224174994e+01
1.621977992247608213e+01
7.461098764338998102e+00
2.108571389921890304e+00
3.638291273970454931e+00
2.646030017433058212e+00
5.953567539224382088e+00
9.922612565373970739e+00
1.306477321107572465e+01
1.471854197197138525e+01
2.017597888292707609e+01
2.431040078516621605e+01
2.298738577644968828e+01
1.653768760895661316e+01
7.607336300120042694e+00
2.149899389164359409e+00
3.708146466430687571e+00
2.696833793767773102e+00
6.067876035977490368e+00
1.011312672662915091e+01
1.331561685672837925e+01
1.500113797783323655e+01
2.056335767747927434e+01
2.477716048024140605e+01
2.342874358335752305e+01
1.685521121104858011e+01
7.753397157082347668e+00
2.191177457436315201e+00
3.778230434646227653e+00
2.747803952469983990e+00
6.182558893057464644e+00
1.030426482176244107e+01
1.356728201532054534e+01
1.528465948561428434e+01
2.095200513758363314e+01
2.524544881331796731e+01
2.387154683708298109e+01
1.717377470293739705e+01
7.899936363351203639e+00
2.232590711381861492e+00
3.848505520730647333e+00
2.798913105985925576e+00
6.297554488468333211e+00
1.049592414744722291e+01
1.381963346080550714e+01
1.556895415204670918e+01
2.134171243314268906e+01
2.571501416124567996e+01
2.431555760825272472e+01
1.749320691241203107e+01
8.046875179709536141e+00
2.274116898613564253e+00
3.918548321207945051e+00
2.849853324514869612e+00
6.412169980158457072e+00
1.068694996693076149e+01
1.407115078979216705e+01
1.585230911761395944e+01
2.173013159942588501e+01
2.618302741898035180e+01
2.475810075672292498e+01
1.781158327821793108e+01
8.193328307980250358e+00
2.315505826168331005e+00
3.988690336157567184e+00
2.900865699023685629e+00
6.526947822803293775e+00
1.087824637133882177e+01
1.432302438892944707e+01
1.613606545081924892e+01
2.211910095505560747e+01
2.665170360978009967e+01
2.520127076026826529e+01
1.813041061889803274e+01
8.339988884693097404e+00
2.356953380456744185e+00
4.058492417040324263e+00
2.951630848756600312e+00
6.641169409702351700e+00
1.106861568283725106e+01
1.457367731573571312e+01
1.641844659620858593e+01
2.250618522176907987e+01
2.711810842295125212e+01
2.564229299857295885e+01
1.844769280472874939e+01
8.485938690175226284e+00
2.398200064614737226e+00
4.128298486613418028e+00
3.002398899355213757e+00
6.755397523549231842e+00
1.125899587258205159e+01
1.482434456556636704e+01
1.670084387766337386e+01
2.289329160758350667e+01
2.758453988782601485e+01
2.608334043814841507e+01
1.876499312097008243e+01
8.631896835646239552e+00
2.439449105726110734e+00
4.198066731037184418e+00
3.053139440754316869e+00
6.869563741697214176e+00
1.144927290282868881e+01
1.507487598872443790e+01
1.698308813919588545e+01
2.328018823575166962e+01
2.805071861193027516e+01
2.652414889155312494e+01
1.908212150471447544e+01
8.777775892168660832e+00
2.480675795612881984e+00
4.267754638772401243e+00
3.103821555470838600e+00
6.983598499809388294e+00
1.163933083301564508e+01
1.532511893013726301e+01
1.726500740230653719e+01
2.366663936046514749e+01
2.851636054088831784e+01
2.696444976315290631e+01
1.939888472169273470e+01
8.923486971978659810e+00
2.521855013820055724e+00
4.336892263920514523e+00
3.154103464669466117e+00
7.096732795506300207e+00
1.182788799251049916e+01
1.557338585680548704e+01
1.754470052222390208e+01
2.405003891810468275e+01
2.897832558165070793e+01
2.740127384931598442e+01
1.971314665418415757e+01
9.068047460924713477e+00
2.562709065043940804e+00
4.405848850916850523e+00
3.204253709757710844e+00
7.209570846954850509e+00
1.201595141159141633e+01
1.582100269192869391e+01
1.782366126052726329e+01
2.443243453690254796e+01
2.943908095839895367e+01
2.783695410352011024e+01
2.002658568598568678e+01
9.212229415553416345e+00
2.603456139178139672e+00
4.474580092991153002e+00
3.254240067629931232e+00
7.322040152167346605e+00
1.220340025361224257e+01
1.606781033392278246e+01
1.810171037619148748e+01
2.481358051567822898e+01
2.989833062134997732e+01
2.827121058753502325e+01
2.033900042268706443e+01
9.355940194436049850e+00
2.644070054949318571e+00
4.543041168413918030e+00
3.304029940664669152e+00
7.434067366495506590e+00
1.239011227749250921e+01
1.631364783203180124e+01
1.837866654494721885e+01
2.519322829756810478e+01
3.035577507985663104e+01
2.870376010952431045e+01
2.065018712915417609e+01
9.499086079410920647e+00
2.684524326790043158e+00
4.611186785940127209e+00
3.353590389774639302e+00
7.545578376992938985e+00
1.257596396165489772e+01
1.655835254951227853e+01
1.865434654312142726e+01
2.557112672203162518e+01
3.081111170605447924e+01
2.913431651116717447e+01
2.095993993609148731e+01
9.641572370602084163e+00
2.724792191691893795e+00
4.678971231693447308e+00
3.402888168504326405e+00
7.656498379134735188e+00
1.276083063189122413e+01
1.680176033199010988e+01
1.892856543730531271e+01
2.594702228484549167e+01
3.126403504813347922e+01
2.956259096388133045e+01
2.126805105315203193e+01
9.783303484449934473e+00
2.764846636909764843e+00
4.746348417429833155e+00
3.451889758130788799e+00
7.766751955794275020e+00
1.294458659299045777e+01
1.704370568077076697e+01
1.920113677960251053e+01
2.632065940574726781e+01
3.171423715282660183e+01
2.998829227376122120e+01
2.157431098831742133e+01
9.924183054626013245e+00
2.804660428481265289e+00
4.813271930115593733e+00
3.500561403720432896e+00
7.876263158370973905e+00
1.312710526395162347e+01
1.728402193086963479e+01
1.947187280819490596e+01
2.669178070336830544e+01
3.216140789668146027e+01
3.041112719482125470e+01
2.187850877325269749e+01
1.006411403569624063e+01
2.844206140522850923e+00
4.879695082751188906e+00
3.548869151091774921e+00
7.984955589956493682e+00
1.330825931659415673e+01
1.752254143351563442e+01
1.974058465294799447e+01
2.706012727707478760e+01
3.260523532565566285e+01
3.083080075010978760e+01
2.218043219432358626e+01
1.020299880938884840e+01
2.883456185262066374e+00
4.945570966368330268e+00
3.596778884631513851e+00
8.092752490420906497e+00
1.348792081736817750e+01
1.775909574286809445e+01
2.000708254576279188e+01
2.742543899531529661e+01
3.304540600255201355e+01
3.124701656023626839e+01
2.247986802894695302e+01
1.034073929331559860e+01
2.922382843763104088e+00
5.010852503124391788e+00
3.644256365908649986e+00
8.199576823294462358e+00
1.366596137215743667e+01
1.799351580667395467e+01
2.027117603536686019e+01
2.778745479005345942e+01
3.348160536178569657e+01
3.165947717883138779e+01
2.277660228692905164e+01
1.047723705198736432e+01
2.960958297300777087e+00
5.075492500414696018e+00
3.691267273028871365e+00
8.305351364314960350e+00
1.384225227385826784e+01
1.822563216058004798e+01
2.053267420622309203e+01
2.814591295684514805e+01
3.391351807095273330e+01
3.206788443443831227e+01
2.307042045643043693e+01
1.061239340995800084e+01
2.999154659335957263e+00
5.139443705919921612e+00
3.737777240669035272e+00
8.409998791505328697e+00
1.401666465250888116e+01
1.845527512580335738e+01
2.079138590122150276e+01
2.850055146010139850e+01
3.434082839864673531e+01
3.247193977831223322e+01
2.336110775418146090e+01
1.074610956692347230e+01
3.036944008043590326e+00
5.202658863502736430e+00
3.783751900729264595e+00
8.513441776640844338e+00
1.418906962773474056e+01
1.868227500985073775e+01
2.104711994780652873e+01
2.885110824306064714e+01
3.476322058795008729e+01
3.287134463758547298e+01
2.364844937955789206e+01
1.087828671459663177e+01
3.074298419342526678e+00
5.265611035751119218e+00
3.829535298728088843e+00
8.616454422138199121e+00
1.436075737023033128e+01
1.890833053746993286e+01
2.130179009917498689e+01
2.920020665280168259e+01
3.518385555706428391e+01
3.326908790770026059e+01
2.393459561705054384e+01
1.100991398384325137e+01
3.111497430216571214e+00
5.327745245972982602e+00
3.874723815253080073e+00
8.718128584319430274e+00
1.453021430719904927e+01
1.913144883781207639e+01
2.155315122234525305e+01
2.954476909130474382e+01
3.559902505263764283e+01
3.366166314501112566e+01
2.421702384533174168e+01
1.113983096885260160e+01
3.148213099893126810e+00
5.389014316301671492e+00
3.919283139128490578e+00
8.818387063039104135e+00
1.469731177173183845e+01
1.935146049944691526e+01
2.180101246140222315e+01
2.988453393585474771e+01
3.600841384074297480e+01
3.404877227117875549e+01
2.449551961955305757e+01
1.126793902499440669e+01
3.184417550541897679e+00
5.449910178075880296e+00
3.963571038600642638e+00
8.918034836851445490e+00
1.486339139475240856e+01
1.957013200309066647e+01
2.204736390221606968e+01
3.022222916932990699e+01
3.641530891714337059e+01
3.443352339784307503e+01
2.477231899125400716e+01
1.139526673597684336e+01
3.220401468863021144e+00
5.509859190034714693e+00
4.007170320025249310e+00
9.016133220056811837e+00
1.502688870009468580e+01
1.978540345512466558e+01
2.228988490514044685e+01
3.055467369019253709e+01
3.681587731523195117e+01
3.481229215521934606e+01
2.504481450015780197e+01
1.152061467007258955e+01
3.255825885020514399e+00
5.568814683368086271e+00
4.050047042449519630e+00
9.112605845511419389e+00
1.518767640918569839e+01
1.999710727209449956e+01
2.252838667362544811e+01
3.088160869867759573e+01
3.720980720250493334e+01
3.518478368128019440e+01
2.531279401530948903e+01
1.164388524704236616e+01
3.290663221990234089e+00
5.627287237543451504e+00
4.092572536395239879e+00
9.208288206889289285e+00
1.534714701148214822e+01
2.020707689845149346e+01
2.276493473369851372e+01
3.120586559001371185e+01
3.760051017813123764e+01
3.555422390993363990e+01
2.557857835247023814e+01
1.176614604213631132e+01
3.325215185821131403e+00
5.684685567366394743e+00
4.134316776266471649e+00
9.302212746599559878e+00
1.550368791099926646e+01
2.041318908281569833e+01
2.299713706798223711e+01
3.152416541903185276e+01
3.798403538194817486e+01
3.591687699381496657e+01
2.583947985166543404e+01
1.188616073176610222e+01
3.359132380716506994e+00
5.741532423040058397e+00
4.175659944029136206e+00
9.395234874065556241e+00
1.565872479010925922e+01
2.061732097364385652e+01
2.322710843866206076e+01
3.183940707322217278e+01
3.836387573576765675e+01
3.627604576375311751e+01
2.609787465018208863e+01
1.200502233908376404e+01
3.392723704523672001e+00
5.797799440785850855e+00
4.216581411480621711e+00
9.487308175831397961e+00
1.581218029305233053e+01
2.081937071918556725e+01
2.345473410136094827e+01
3.215143326253974720e+01
3.873984171797818021e+01
3.663155101223789956e+01
2.635363382175387414e+01
1.212267155800678431e+01
3.425972396828004030e+00
5.852878535473316823e+00
4.256638934889688031e+00
9.577437603501795849e+00
1.596239600583632701e+01
2.101715474101782988e+01
2.367755407532387579e+01
3.245687187853387456e+01
3.910787021429896981e+01
3.697955074685415866e+01
2.660399334306053731e+01
1.223783693780784887e+01
3.458519134597870082e+00
5.907310305853219035e+00
4.296225676984161801e+00
9.666507773214362942e+00
1.611084628869060609e+01
2.121261428010929606e+01
2.389775532822438819e+01
3.275872078700423629e+01
3.947157340729194885e+01
3.732346056879990215e+01
2.685141048115099949e+01
1.235164882132946218e+01
3.490683362549630075e+00
5.961066829636483710e+00
4.335321330644717364e+00
9.754472993950614068e+00
1.625745498991769011e+01
2.140564907005829198e+01
2.411522490171122968e+01
3.305682514616597700e+01
3.983076472529830880e+01
3.766310405997597854e+01
2.709575831652947286e+01
1.246404882560356064e+01
3.522448581148831526e+00
6.013524217737284516e+00
4.373472158354390515e+00
9.840312356297379992e+00
1.640052059382896488e+01
2.159401878187480506e+01
2.432743888084628736e+01
3.334772520745223545e+01
4.018127545488093233e+01
3.799453937570376638e+01
2.733420098971493317e+01
1.257373245526887118e+01
3.553446128662941295e+00
6.065240526009825217e+00
4.411084018916238136e+00
9.924939042561536695e+00
1.654156507093589568e+01
2.177972734339892824e+01
2.453665485522156686e+01
3.363451564423632334e+01
4.052683442379290568e+01
3.832129241433482036e+01
2.756927511822648214e+01
1.268186655438418420e+01
3.584005765369442376e+00
6.116188546428308115e+00
4.448137124675134224e+00
1.000830853051905400e+01
1.668051421753175845e+01
2.196267705308347828e+01
2.474276275600542974e+01
3.391704557564791145e+01
4.086725983295276876e+01
3.864319127061523318e+01
2.780085702921958557e+01
1.278839423344101078e+01
3.614111413798545502e+00
6.166341292509020633e+00
4.484611849097470682e+00
1.009037666046931037e+01
1.681729443411551728e+01
2.214277100491876382e+01
2.494565341060467389e+01
3.419516534936822438e+01
4.120237136358298358e+01
3.896006543903428110e+01
2.802882405685918599e+01
1.289325906615522754e+01
3.643747127391693486e+00
6.215672022849092926e+00
4.520488743890250127e+00
1.017109967375306567e+01
1.695183278958844042e+01
2.231991317295811328e+01
2.514521863788950995e+01
3.446872667216317154e+01
4.153199033449164546e+01
3.927174596254655370e+01
2.825305464931405908e+01
1.299640513868446945e+01
3.672897104410826952e+00
6.264154264627316060e+00
4.555748556092593660e+00
1.025043425120833973e+01
1.708405708534722933e+01
2.249400849570718819e+01
2.534135134326504968e+01
3.473758274020604375e+01
4.185593985910067971e+01
3.957806558105441752e+01
2.847342847557870726e+01
1.309777709876620833e+01
3.701545701825231571e+00
6.311761837038483591e+00
4.590372245118897077e+00
1.032833755151752264e+01
1.721389591919586692e+01
2.266496296027456125e+01
2.553394561347386471e+01
3.500158836903160875e+01
4.217404500202984252e+01
3.987885887947042818e+01
2.868982653199310562e+01
1.319732020471683143e+01
3.729677449159103375e+00
6.358468874632568379e+00
4.624340999732776680e+00
1.040476724939875197e+01
1.734127874899791522e+01
2.283268368618059441e+01
2.572289681101356962e+01
3.526060012296244395e+01
4.248613293504486421e+01
4.017396243517850962e+01
2.890213124832985514e+01
1.329498037423173606e+01
3.757277062282880831e+00
6.404249850529923016e+00
4.657636254930852537e+00
1.047968157359442287e+01
1.746613595599070123e+01
2.299707900872109434e+01
2.590810166805286840e+01
3.551447644384777647e+01
4.279203309217718498e+01
4.046321496471179557e+01
2.911022659331782947e+01
1.339070423292620404e+01
3.784329457131317742e+00
6.449079599483632741e+00
4.690239708715368216e+00
1.055303934460958359e+01
1.758839890768263459e+01
2.315805856178214128e+01
2.608945837972923698e+01
3.576307777895470963e+01
4.309157732382242756e+01
4.074645746946477942e+01
2.931399817947105291e+01
1.348443916255668817e+01
3.810819763331236842e+00
6.492933340760121297e+00
4.722133338734632702e+00
1.062480001215292802e+01
1.770800002025487530e+01
2.331553336000225940e+01
2.626686669671139640e+01
3.600626670785160144e+01
4.338460004962441730e+01
4.102353338025714180e+01
2.951333336709145527e+01
1.357613334886207390e+01
3.836733337721889292e+00
6.536435994143213968e+00
4.753771632104154321e+00
1.069598617223435255e+01
1.782664362039058403e+01
2.347174743351427395e+01
2.644285470357936418e+01
3.624750869479420601e+01
4.367527686995690317e+01
4.129839105390486509e+01
2.971107270065096628e+01
1.366709344229944989e+01
3.862439451084625830e+00
6.578922828105144838e+00
4.784671147712831640e+00
1.076551008235387563e+01
1.794251680392312309e+01
2.362431379183211533e+01
2.661473325915262933e+01
3.648311750131036746e+01
4.395916616961162049e+01
4.156683059575524908e+01
2.990419467320519686e+01
1.375592954967439674e+01
3.887545307516675930e+00
6.620370041922207349e+00
4.814814575943422881e+00
1.083333279587270503e+01
1.805555465978783758e+01
2.377314696872065625e+01
2.678240607868529111e+01
3.671296114156861989e+01
4.423610891648017684e+01
4.182870162850850448e+01
3.009259109964639123e+01
1.384259190583734522e+01
3.912036842954031091e+00
6.660754299177932936e+00
4.844184944856677610e+00
1.089941612592752840e+01
1.816569354321254437e+01
2.391816316522985275e+01
2.694577875576527148e+01
3.693691020453218954e+01
4.450594918087070795e+01
4.208385670844240423e+01
3.027615590535423351e+01
1.392703171646295246e+01
3.935900267696050836e+00
6.700718824973000309e+00
4.873250054525817276e+00
1.096481262268309287e+01
1.827468770447181967e+01
2.406167214422123024e+01
2.710745342829986271e+01
3.715853166575938360e+01
4.477298487595593457e+01
4.233635984869305702e+01
3.045781284078636020e+01
1.401059390676173066e+01
3.959515669302227092e+00
6.739582994157843565e+00
4.901514904842066755e+00
1.102840853589465553e+01
1.838068089315775566e+01
2.420122984265771393e+01
2.726467665818400121e+01
3.737405114942078654e+01
4.503266818823647810e+01
4.258191073581547670e+01
3.063446815526292255e+01
1.409185535142094814e+01
3.982480860184180127e+00
6.777324658925127920e+00
4.928963388309182569e+00
1.109016762369566500e+01
1.848361270615943752e+01
2.433675672977659588e+01
2.741735884746983132e+01
3.758334583585754274e+01
4.528485113009060115e+01
4.282036943593604406e+01
3.080602117693239350e+01
1.417076974138890577e+01
4.004782753001211226e+00
6.814599944549216026e+00
4.956072686944883010e+00
1.115116354562599099e+01
1.858527257604331595e+01
2.447060889179036636e+01
2.756815432113091546e+01
3.779005423795475593e+01
4.553391781130609672e+01
4.305588146783369297e+01
3.097545429340552303e+01
1.424870897496654543e+01
4.026809058142718278e+00
6.850717324255326979e+00
4.982339872185691299e+00
1.121026471241780875e+01
1.868377452069634614e+01
2.460030311891685528e+01
2.771426553903290824e+01
3.799034152541591425e+01
4.577524757570601821e+01
4.328407763961320853e+01
3.113962420116057217e+01
1.432422713253386881e+01
4.048151146150874347e+00
6.886341054341454715e+00
5.008248039521056683e+00
1.126855808892238109e+01
1.878093014820396789e+01
2.472822469513522137e+01
2.785837971983588091e+01
3.818789130134807408e+01
4.601327886309969273e+01
4.350915484333919636e+01
3.130155024700660604e+01
1.439871311362304418e+01
4.069201532110858999e+00
6.920772759613162073e+00
5.033289279718662357e+00
1.132490087936699297e+01
1.887483479894498828e+01
2.485186581861089650e+01
2.799767161843506003e+01
3.837883075785481424e+01
4.624334525741519286e+01
4.372670061755589188e+01
3.145805799824163884e+01
1.447070667919116005e+01
4.089547539771412943e+00
