2.976849999999999774e+00
4.516600000000000392e+00
6.466949999999999754e+00
2.740755000000000052e+01
3.141090000000000160e+01
2.576515000000000200e+01
3.366919999999999646e+01
4.537130000000000507e+01
6.159000000000000341e+01
7.657689999999999486e+01
5.163294999999999391e+01
1.827169999999999916e+01
3.054843469999999783e+00
4.634934920000000069e+00
6.636384089999999958e+00
2.812562781000000101e+01
3.223386557999999980e+01
2.644019693000000260e+01
3.455133303999999583e+01
4.656002806000000760e+01
6.320365800000000434e+01
7.858321477999999161e+01
5.298573328999999177e+01
1.875041853999999830e+01
3.133963915872999717e+00
4.754979734427999816e+00
6.808266437930999615e+00
2.885408157027899989e+01
3.306872269852200219e+01
2.712499803048700286e+01
3.544621256573599766e+01
4.776593278675400711e+01
6.484063274220000039e+01
8.061852004280198969e+01
5.435806378221099067e+01
1.923605438018599756e+01
3.214193392119348403e+00
4.876707215629356718e+00
6.982558058742033502e+00
2.959274605847814144e+01
3.391528199960416856e+01
2.781939798006747111e+01
3.635363560741883759e+01
4.898874066609491251e+01
6.650055294040032550e+01
8.268235415589772686e+01
5.574963021503559446e+01
1.972849737231875977e+01
3.295512484939967734e+00
5.000087908184779550e+00
7.159216777628206962e+00
3.034144253375763967e+01
3.477333863419415394e+01
2.852322874896317728e+01
3.727338258828653750e+01
5.022815580494711440e+01
6.818301692979245843e+01
8.477421771604194589e+01
5.716009585947599447e+01
2.022762835583842289e+01
3.377900297063467061e+00
5.125090105889398728e+00
7.338197197068912381e+00
3.109997859710157897e+01
3.564267210004900477e+01
2.923630946768725636e+01
3.820521715299370413e+01
5.148385970007079493e+01
6.988759235303726314e+01
8.689357315894299916e+01
5.858909825596289522e+01
2.073331906473438480e+01
3.461334434400934690e+00
5.251679831504866947e+00
7.519450667836514945e+00
3.186814806844998671e+01
3.652304610092021164e+01
2.995844631153913085e+01
3.914888601667264822e+01
5.275551103466254688e+01
7.161381588415729027e+01
8.903984441596888644e+01
6.003624898288517642e+01
2.124543204563332566e+01
3.545444861156877625e+00
5.379295651410434864e+00
7.702173319064942625e+00
3.264254406651332374e+01
3.741055612117257567e+01
3.068643655690953054e+01
4.010020394687779088e+01
5.403746995280484811e+01
7.335403161014231443e+01
9.120351263527693675e+01
6.149512983316928683e+01
2.176169604434221583e+01
3.630535537824642667e+00
5.508398747044285670e+00
7.887025478722501148e+00
3.342596512410964493e+01
3.830840946808071834e+01
3.142291103427535859e+01
4.106260884160285940e+01
5.533436923167216293e+01
7.511452836878572725e+01
9.339239693852358926e+01
6.297101294916534897e+01
2.228397674940642759e+01
3.716579230071086482e+00
5.638947797349235458e+00
8.073947982568224546e+00
3.421816049755104672e+01
3.921631877247423148e+01
3.216763402578768449e+01
4.203579267114884743e+01
5.664579378246279617e+01
7.689474269112595550e+01
9.560579674596660027e+01
6.446342595606056136e+01
2.281210699836735856e+01
3.803547184054750119e+00
5.770899175807207904e+00
8.262878365360320387e+00
3.501886545319374022e+01
4.013398063175012709e+01
3.292035666199111432e+01
4.301943021965372793e+01
5.797130535697242237e+01
7.869407967009830429e+01
9.784297238982222211e+01
6.597187012343238166e+01
2.334591030212915541e+01
3.891028769288009226e+00
5.903629856850773905e+00
8.452924567763608010e+00
3.582429935861719628e+01
4.105706218628038329e+01
3.367752486521690969e+01
4.400887711470576136e+01
5.930464538018279086e+01
8.050404350251056940e+01
1.000933607547881365e+02
6.748922313627132041e+01
2.388286623907812611e+01
3.979355122350847207e+00
6.037642254601286673e+00
8.644805955451841939e+00
3.663751095405780944e+01
4.198905749790894504e+01
3.444200467965733026e+01
4.500787862520958527e+01
6.065086083031294351e+01
8.233148529001755378e+01
1.023654800439218207e+02
6.902122850146467670e+01
2.442500730270520037e+01
4.068094741579271201e+00
6.172281676878895063e+00
8.837585128258417910e+00
3.745452744833330172e+01
4.292541348011231150e+01
3.521006138401369157e+01
4.601155431855175948e+01
6.200337502682891966e+01
8.416747741198494737e+01
1.046482302489012710e+02
7.056040189704734189e+01
2.496968496555552619e+01
4.157592825894015576e+00
6.308071873770230376e+00
9.032012001080103047e+00
3.827852705219663676e+01
4.386977257667478369e+01
3.598468273446199106e+01
4.702380851355989932e+01
6.336744927741915490e+01
8.601916191504861331e+01
1.069504913143771034e+02
7.211273073878238904e+01
2.551901803479774955e+01
4.247396830933325873e+00
6.444326226243667577e+00
9.227103460303434090e+00
3.910534323652408517e+01
4.481735966433095797e+01
3.676195188152637172e+01
4.803952277745279531e+01
6.473618618181140505e+01
8.787717581241366815e+01
1.092606219267676551e+02
7.367036572274008677e+01
2.607022882434938182e+01
4.337866383432205986e+00
6.581590374862657633e+00
9.423640764007897630e+00
3.993828704746204750e+01
4.577196942518120437e+01
3.754498145660288344e+01
4.906276461261253985e+01
6.611506694748398161e+01
8.974895965721808011e+01
1.115878731738078073e+02
7.523954451263445264e+01
2.662552469830802337e+01
4.428961577484281875e+00
6.719803772734773695e+00
9.621537220052063688e+00
4.077699107545875279e+01
4.673318078311000789e+01
3.833342606719154588e+01
5.009308266947740407e+01
6.750348335338114225e+01
9.163368781001966568e+01
1.139312185104577679e+02
7.681957494739977221e+01
2.718466071697249120e+01
4.520198185980458305e+00
6.858231730453110409e+00
9.819740886785135459e+00
4.161699709161320015e+01
4.769588430724207484e+01
3.912309464417569416e+01
5.112500017246863848e+01
6.889405511046079766e+01
9.352134177890607702e+01
1.162782016117731985e+02
7.840205819131620046e+01
2.774466472774212633e+01
4.611958209155861965e+00
6.997453834581308207e+00
1.001908162678687297e+01
4.246182213257294791e+01
4.866411075867908664e+01
3.991729346545245960e+01
5.216283767596975451e+01
7.029260442920315199e+01
9.541982501701787101e+01
1.186386491044921883e+02
7.999361997259991597e+01
2.830788142171529032e+01
4.703736177518063499e+00
7.136703165889476175e+00
1.021846135115993093e+01
4.330681239301114971e+01
4.963252656277680330e+01
4.071164760541496008e+01
5.320087814572155338e+01
7.169142725734430144e+01
9.731867953485652833e+01
1.209995582216715775e+02
8.158549301005464827e+01
2.887120826200742485e+01
4.795929406597417177e+00
7.276582547940909862e+00
1.041874319364266555e+01
4.415562591591417174e+01
5.060532408340722554e+01
4.150959589848109488e+01
5.424361535737769913e+01
7.309657923158825099e+01
9.922612565373971449e+01
1.233711495628163419e+02
8.318456867305171443e+01
2.943708394394277050e+01
4.888011251204087415e+00
7.416292932861375142e+00
1.061878306296060437e+01
4.500341393349972208e+01
5.157694630580864725e+01
4.230658013973193476e+01
5.528509277223935214e+01
7.450003355283475059e+01
1.011312672662915162e+02
1.257398756344224182e+02
8.478171239157430250e+01
3.000227595566647310e+01
4.980394663851845038e+00
7.556460869292455307e+00
1.081947806285056046e+01
4.585397845684286722e+01
5.255175059098843349e+01
4.310617450437286635e+01
5.632998102563467313e+01
7.590808418698333071e+01
1.030426482176244320e+02
1.281163592839129990e+02
8.638408675577505846e+01
3.056931897122856867e+01
5.073030004599488940e+00
7.697011041461294667e+00
1.102072035481958068e+01
4.670686245614014354e+01
5.352921315198081942e+01
4.390794935015420464e+01
5.737771867271148096e+01
7.731997455286122545e+01
1.049592414744722504e+02
1.304993235665937732e+02
8.799083076943247761e+01
3.113790830409341837e+01
5.165359150683199729e+00
7.837096642415890102e+00
1.122129746527729743e+01
4.755692735284189610e+01
5.450344483134686868e+01
4.470707402832701405e+01
5.842199315255483327e+01
7.872719808972330213e+01
1.068694996693076433e+02
1.328744112555057768e+02
8.959226388943615405e+01
3.170461823522791889e+01
5.257819079480428925e+00
7.977380672315134369e+00
1.142215868990576055e+01
4.840819635245776453e+01
5.547905649382797577e+01
4.550733065343406736e+01
5.946774682998556472e+01
8.013641493552934492e+01
1.087824637133882533e+02
1.352528632169793354e+02
9.119596541305706694e+01
3.227213090163849785e+01
5.349830913371336649e+00
8.116984834080648525e+00
1.162204646697911059e+01
4.925533978862577555e+01
5.644993998246996370e+01
4.630370893986916059e+01
6.050843239951031194e+01
8.153880219690110209e+01
1.106861568283725461e+02
1.376197883232764809e+02
9.279189480778556742e+01
3.283689319241717186e+01
5.441848005081324047e+00
8.256596973226836056e+00
1.182194566621115150e+01
5.010253163299013579e+01
5.742087895016844357e+01
4.710013273363490782e+01
6.154917743678188913e+01
8.294126959468779603e+01
1.125899587258205514e+02
1.399868486824368290e+02
9.438791539847947831e+01
3.340168775532674772e+01
5.533815236367198409e+00
8.396133462074368836e+00
1.202173654797011970e+01
5.094926441758767055e+01
5.839129180442628808e+01
4.789612497683333459e+01
6.258935853546350359e+01
8.434297705083801588e+01
1.144927290282869166e+02
1.423526264251700013e+02
9.598307116871377787e+01
3.396617627839177089e+01
5.625676569290893880e+00
8.535509277544802487e+00
1.222129737466642396e+01
5.179502220691962577e+01
5.936058724837976541e+01
4.869120065144876719e+01
6.362834188715219597e+01
8.574307046988192837e+01
1.163933083301564864e+02
1.447156800238278151e+02
9.757639015011442041e+01
3.453001480461307438e+01
5.716812529713406477e+00
8.673784527841029046e+00
1.241928239213602048e+01
5.263410156667172402e+01
6.032222876180351534e+01
4.947999810200223436e+01
6.465912102572406184e+01
8.713210821149401397e+01
1.182788799251050165e+02
1.470600740402138342e+02
9.915712767054627363e+01
3.508940104444780417e+01
5.807709848935849628e+00
8.811697701833701046e+00
1.261674898217098395e+01
5.347098378158180765e+01
6.128135219911619203e+01
5.026673007182407105e+01
6.568720105003308163e+01
8.851750873205676839e+01
1.201595141159141917e+02
1.493983292174532380e+02
1.007337260005079571e+02
3.564732252105452659e+01
5.898310122579248471e+00
8.949160185982306004e+00
1.281357026629285123e+01
5.430513112857448732e+01
6.223734129342240351e+01
5.105089106094452944e+01
6.671192138641359293e+01
8.989838186827685718e+01
1.220340025361224576e+02
1.517289431532454955e+02
1.023051721261158775e+02
3.620342075238297497e+01
5.988554267454711422e+00
9.086082336827836059e+00
1.300961789136713165e+01
5.513599963484167432e+01
6.318957261521176605e+01
5.183196969417698341e+01
6.773261378362572316e+01
9.127382711086148959e+01
1.239011227749251276e+02
1.540503959834901480e+02
1.038704412596454461e+02
3.675733308989443771e+01
6.078382581466532208e+00
9.222373571880254417e+00
1.320476215973763878e+01
5.596303962936429599e+01
6.413741620443994407e+01
5.260944923958963670e+01
6.874860299038010680e+01
9.264293451752440944e+01
1.257596396165490091e+02
1.563611519232424882e+02
1.054284978785401279e+02
3.730869308624285452e+01
6.167734805414090360e+00
9.357942463386894616e+00
1.339887216348578214e+01
5.678569631191594880e+01
6.508023622264521180e+01
5.338280814341160152e+01
6.975920745433869286e+01
9.400478565493202154e+01
1.276083063189122839e+02
1.586596608565141651e+02
1.069782967973546732e+02
3.785713087461062543e+01
6.256550186612053643e+00
9.492696834859666311e+00
1.359181592263997729e+01
5.760341033880753514e+01
6.601739162425130303e+01
5.415152058067673124e+01
7.076374004168117438e+01
9.535845456836304379e+01
1.294458659299046133e+02
1.609443599728479626e+02
1.085187842712365835e+02
3.840227355920502106e+01
6.344767544243283375e+00
9.626543860231187466e+00
1.378346052714920056e+01
5.841561842458472142e+01
6.694823684615325021e+01
5.491505702086427476e+01
7.176150877626888303e+01
9.670300877777695803e+01
1.312710526395162560e+02
1.632136754484651249e+02
1.100488991294610202e+02
3.894374561638981191e+01
6.432325336353840406e+00
9.759390165502377812e+00
1.397367228242385906e+01
5.922175395884399052e+01
6.787212251463016344e+01
5.567288480775220449e+01
7.275181759738138965e+01
9.803751029891027713e+01
1.330825931659415744e+02
1.654660241696539345e+02
1.115675739374475768e+02
3.948116930589598894e+01
6.519161728394617050e+00
9.891141932736660536e+00
1.416231685823658104e+01
6.002124763728838275e+01
6.878839616857767680e+01
5.642446875265685691e+01
7.373396713494604171e+01
9.936101668794556474e+01
1.348792081736817750e+02
1.676998154959442502e+02
1.130737361856031242e+02
4.001416509152558376e+01
6.605214663209426185e+00
1.002170500624878358e+01
1.434925944076530335e+01
6.081352810610059123e+01
6.969640299800289540e+01
5.716927174019193103e+01
7.470725550112733515e+01
1.006725821082264503e+02
1.366596137215743738e+02
1.699134530604907241e+02
1.145663095032530805e+02
4.054235207073372038e+01
6.690421932364827740e+00
1.015098500082939204e+01
1.453436488755117573e+01
6.159802261866929030e+01
7.059548659667713366e+01
5.790675534564040561e+01
7.567097909709187320e+01
1.019712584174225753e+02
1.384225227385826713e+02
1.721053366049710576e+02
1.160442148958450446e+02
4.106534841244618406e+01
6.774721248712624266e+00
1.027888741183984322e+01
1.471749788513432122e+01
6.237415770366452250e+01
7.148498972779526639e+01
5.863638046299547568e+01
7.662443343371522531e+01
1.032560962734821004e+02
1.401666465250888223e+02
1.742738638461937057e+02
1.175063720035326895e+02
4.158277180244300553e+01
6.858050320071789940e+00
1.040531772700547286e+01
1.489852310912147360e+01
6.314135984341959329e+01
7.236425510144714224e+01
5.935760794269032203e+01
7.756691396494991864e+01
1.045261462576459337e+02
1.418906962773474163e+02
1.764174323715018886e+02
1.189517003791761454e+02
4.209423989561305746e+01
6.941032728944658281e+00
1.053122207150223844e+01
1.507879523874184358e+01
6.390537029752496778e+01
7.323986258817465966e+01
6.007583499879687849e+01
7.850547362392580908e+01
1.057909126273634541e+02
1.436075737023033128e+02
1.785520833031970653e+02
1.203910159537641817e+02
4.260358019834997378e+01
7.022936915146205550e+00
1.065549049194596520e+01
1.525672502255899765e+01
6.465945366703576269e+01
7.410409296671511470e+01
6.078472985178267862e+01
7.943183821268813460e+01
1.070392453963663399e+02
1.453021430719904856e+02
1.806589978861748023e+02
1.218116299420185982e+02
4.310630244469050609e+01
7.103700689670386481e+00
1.077802863260334298e+01
1.543217736031842691e+01
6.540303738420666946e+01
7.495629003583233896e+01
6.148375424507818110e+01
8.034530435213405042e+01
1.082701967184245575e+02
1.469731177173183880e+02
1.827365763618658150e+02
1.232124636863518106e+02
4.360202492280444631e+01
7.183972507463662005e+00
1.089982035615176059e+01
1.560656096449002561e+01
6.614209170664820192e+01
7.580329611323723782e+01
6.217852066804756106e+01
8.125320629131316252e+01
1.094936499413427526e+02
1.486339139475240927e+02
1.848014996747548935e+02
1.246047645260075853e+02
4.409472780443213935e+01
7.262996205045761933e+00
1.101971838006942939e+01
1.577823313509941627e+01
6.686965471542133344e+01
7.663713237048284554e+01
6.286248439539608768e+01
8.214699156051760554e+01
1.106980800906975162e+02
1.502688870009468474e+02
1.868343161711771927e+02
1.259754169357936746e+02
4.457976981028089369e+01
7.340710264439751498e+00
1.113762936673617254e+01
1.594706022964498082e+01
6.758516002087634433e+01
7.745714968684701773e+01
6.353511297842682382e+01
8.302596437021514930e+01
1.118825495476679777e+02
1.518767640918569839e+02
1.888334433542087822e+02
1.273233538970066689e+02
4.505677334725089622e+01
7.417787722216369062e+00
1.125457447508690301e+01
1.611450436205625181e+01
6.829480420109554473e+01
7.827044975855891096e+01
6.420223166470030662e+01
8.389773699610240953e+01
1.130573163179184917e+02
1.534714701148214715e+02
1.908161945094279872e+02
1.286602491129252428e+02
4.552986946739702745e+01
7.493449156982975978e+00
1.136937113473278949e+01
1.627887230654922490e+01
6.899141120394672555e+01
7.906880834609620479e+01
6.485709442768025212e+01
8.475349391346264838e+01
1.142105009443612573e+02
1.550368791099926398e+02
1.927625196934241387e+02
1.299725836538770807e+02
4.599427413596447423e+01
7.568383648552805987e+00
1.148306484608011679e+01
1.644166102961471765e+01
6.968132531598618584e+01
7.985949642955716854e+01
6.550566537195705052e+01
8.560102885259728112e+01
1.153526059538048685e+02
1.565872479010925531e+02
1.946901448903583685e+02
1.312723094904158643e+02
4.645421687732412153e+01
7.642553808308623076e+00
1.159559888157170171e+01
1.660278930770494199e+01
7.036420230408285192e+01
8.064211949456682760e+01
6.614762089260223377e+01
8.643991893535273618e+01
1.164830614921521601e+02
1.581218029305232733e+02
1.965981083102838909e+02
1.325587781234219449e+02
4.690946820272189655e+01
7.715158069487555004e+00
1.170575707094663365e+01
1.676051580612814007e+01
7.103266222597163448e+01
8.140821962976521320e+01
6.677602329108195534e+01
8.726109816523859308e+01
1.175896505763275997e+02
1.596239600583632523e+02
1.984657903392315745e+02
1.338180865155944446e+02
4.735510815064775159e+01
7.786909039533789212e+00
1.181462061170643807e+01
1.691638860312513160e+01
7.169326598467317524e+01
8.216531607232202816e+01
6.739704030768901077e+01
8.807262637817531470e+01
1.186832343266874403e+02
1.611084628869060396e+02
2.003115221893864373e+02
1.350625947201894803e+02
4.779551065644877639e+01
7.857769911793546669e+00
1.192213365927296742e+01
1.707032773941357107e+01
7.234567470513370324e+01
8.291302044858015563e+01
6.801035337448898588e+01
8.887408727821670595e+01
1.197632517590602959e+02
1.625745498991768727e+02
2.021343570413098405e+02
1.362916643321431991e+02
4.823044980342245935e+01
7.926918287017329590e+00
1.202704843547456903e+01
1.722054662352040921e+01
7.298231664253887629e+01
8.364265502852765621e+01
6.860884448418448756e+01
8.965617924626501178e+01
1.208171683745400316e+02
1.640052059382896346e+02
2.039131393832733750e+02
1.374910309782660534e+02
4.865487776169257472e+01
7.995089784285678292e+00
1.213048105201965043e+01
1.736864332448268300e+01
7.360996456566471124e+01
8.436198186177298908e+01
6.919888054674846956e+01
9.042722238778289068e+01
1.218561960225610790e+02
1.654156507093589141e+02
2.056667923819695147e+02
1.386734538446791305e+02
4.907330971044313372e+01
8.062248538473678394e+00
1.223237709285661623e+01
1.751453992840833607e+01
7.422828826801629987e+01
8.507062250941187642e+01
6.978015114334115765e+01
9.118681105584026625e+01
1.228797880691505924e+02
1.668051421753175418e+02
2.073943934379780671e+02
1.398383108569744309e+02
4.948552551201085947e+01
8.128358976489161947e+00
1.233268258501804127e+01
1.765815915582128426e+01
7.483696023181403234e+01
8.576820161398904929e+01
7.035234838271655633e+01
9.193454290649815164e+01
1.238874023313176309e+02
1.681729443411551586e+02
2.090950274641694762e+02
1.409849850060016081e+02
4.989130682120934779e+01
8.193385848301074859e+00
1.243134404569818585e+01
1.779942442906785516e+01
7.543565591366854051e+01
8.645434722690096407e+01
7.091516716977828594e+01
9.267001924975014049e+01
1.248785015499681776e+02
1.695183278958843971e+02
2.107677876838828297e+02
1.421128648860496071e+02
5.029043727577901990e+01
8.257294257917823899e+00
1.252830852925463212e+01
1.793825993961458565e+01
7.602405402979515259e+01
8.712869113527078468e+01
7.146830547370255715e+01
9.339284539989819223e+01
1.258525538620579312e+02
1.708405708534722862e+02
2.124117764278171023e+02
1.432213452321607861e+02
5.068270268653009936e+01
8.320049694277999563e+00
1.262352367407696718e+01
1.807459071515565796e+01
7.660183684042159769e+01
8.779086918789884919e+01
7.201146459530269794e+01
9.410263102493742338e+01
1.268090332714095751e+02
1.721389591919586621e+02
2.140261059286684997e+02
1.443098274559252161e+02
5.106789122694772942e+01
8.381618062015656179e+00
1.271693774926513676e+01
1.820834268644781062e+01
7.716869043304072306e+01
8.844052161988929583e+01
7.254434943330794283e+01
9.479899049452195925e+01
1.277474201176180060e+02
1.734127874899791664e+02
2.156098991125406599e+02
1.453777201790990716e+02
5.144579362202713924e+01
8.441965712062168947e+00
1.280849970105984603e+01
1.833944275379023381e+01
7.772430500415862298e+01
8.907729337555250027e+01
7.306666874922775889e+01
9.548154322608252187e+01
1.286672015424648521e+02
1.746613595599070266e+02
2.171622903861509428e+02
1.464244397643885804e+02
5.181620333610573681e+01
8.501059472046604171e+00
1.289815919896726548e+01
1.846781885306676685e+01
7.826837513918773936e+01
8.970083442918136996e+01
7.357813543047235783e+01
9.614991402866509418e+01
1.295678719532621130e+02
1.758839890768263672e+02
2.186824264188539928e+02
1.474494108427392973e+02
5.217891675945847396e+01
8.558866676456521105e+00
1.298586668152024259e+01
1.859340002126761959e+01
7.880060009013421052e+01
9.031080010329979757e+01
7.407846675139957426e+01
9.680373344406001479e+01
1.304489334825443052e+02
1.770800002025487743e+02
2.201694669185021951e+02
1.484520668364699247e+02
5.253373339342279280e+01
8.616211083188780151e+00
1.307287198828642794e+01
1.871797580141011252e+01
7.932856411073811387e+01
9.091588246399190609e+01
7.457479247863395244e+01
9.745231845813520977e+01
1.313229413368773635e+02
1.782664362039058403e+02
2.216446023468561464e+02
1.494466956842742604e+02
5.288570940715872837e+01
8.672216455229508014e+00
1.315784565621028968e+01
1.883964264411927658e+01
7.984419977745791641e+01
9.150683570000785494e+01
7.505952862974507411e+01
9.808575852811308948e+01
1.321765404555670784e+02
1.794251680392312380e+02
2.230852922621106984e+02
1.504180992062220525e+02
5.322946651830525866e+01
8.726851418897453527e+00
1.324074008384441470e+01
1.895833239277722626e+01
8.034721823605589464e+01
9.208332876491790842e+01
7.553240366011246465e+01
9.870369880684020814e+01
1.330092526604371415e+02
1.805555465978783900e+02
2.244907296033619843e+02
1.513657332312212418e+02
5.356481215737058221e+01
8.780085212552727114e+00
1.332150859835586587e+01
1.907397822037316715e+01
8.083733626729583932e+01
9.264503707038390701e+01
7.599315132243914661e+01
9.930579136956193054e+01
1.338206091016658092e+02
1.816569354321254366e+02
2.258601230539424876e+02
1.522890642039317015e+02
5.389155751153054297e+01
8.832765723828043036e+00
1.340143764994600062e+01
1.918842208969540764e+01
8.132236028489961654e+01
9.320090729280620678e+01
7.644911023037377618e+01
9.990162611777930124e+01
1.346235327562758073e+02
1.827468770447181896e+02
2.272152837922661490e+02
1.532027985891552930e+02
5.421490685659972542e+01
8.883995765026245550e+00
1.347916598831568713e+01
1.929971493781564007e+01
8.179402997455203206e+01
9.374147255510447962e+01
7.689251506970994399e+01
1.004810555492624218e+02
1.354043492462621998e+02
1.838068089315775637e+02
2.285331324382613047e+02
1.540913748209723906e+02
5.452935331636800242e+01
8.933746141310392019e+00
1.355464931785025584e+01
1.940779334146740709e+01
8.225207654240952593e+01
9.426642480141306635e+01
7.732311315410032648e+01
1.010437494603382902e+02
1.361626136020412616e+02
1.848361270615943965e+02
2.298129179799155679e+02
1.549542865199698269e+02
5.483471769493966264e+01
8.982881745087599512e+00
1.362919988909843205e+01
1.951453620484547713e+01
8.270446296339278547e+01
9.478489013782083816e+01
7.774839027644787848e+01
1.015994900823701528e+02
1.369115079768524765e+02
1.858527257604331737e+02
2.310768890288051125e+02
1.558065350958296733e+02
5.513630864226183093e+01
9.030491018336563869e+00
1.370143464851065396e+01
1.961796324673115777e+01
8.314279661709876734e+01
9.528725005555128291e+01
7.816045674491304851e+01
1.021379673798067103e+02
1.376371389691298077e+02
1.868377452069634614e+02
2.323015965406577834e+02
1.566323097318375801e+02
5.542853107806581647e+01
9.077449571631914793e+00
1.377268210868290943e+01
1.971997665561416113e+01
8.357513915950768535e+01
9.578274375584014422e+01
7.856689111998659314e+01
1.026690848101817011e+02
1.383528520917692788e+02
1.878093014820396718e+02
2.335095648426691923e+02
1.574467977424431240e+02
5.571675943967176181e+01
9.122836819490073523e+00
1.384154551922632415e+01
1.981857653889223059e+01
8.399301485530521916e+01
9.626165747461934075e+01
7.895972557558653193e+01
1.031824302342326121e+02
1.390446163522281324e+02
1.887483479894498828e+02
2.346771126668825502e+02
1.582340317311553406e+02
5.599534323687012005e+01