1.633437873
1.180356003
5.671296296
8.243634259
7.623063106
6.833290466
9.707152695
10.81678739
10.07909079
11.25168011
5.67804784
1.940524194
0.032668757
0.868055556
5.697431302
8.311149691
7.671601205
6.856328447
9.657170948
10.75003485
10.06858068
11.25807904
5.705054012
2.045064217
0
4.427083333
7.807833035
8.628472222
9.478793724
7.102488426
7.897198576
12.0064346
10.82023748
9.983115956
7.899305556
1.130339008
3.828778375
3.609664352
0.509632616
6.913580247
6.085933974
7.456423611
9.964737654
9.821469285
10.61270619
10.16492018
4.73283179
1.679174134
2.430555556
2.877554278
8.036514337
8.75
8.955217045
6.467316101
8.27696054
10.50997445
10.18853181
11.35890623
6.454475309
1.025798984
0.842853943
4.340277778
5.958781362
7.500964506
7.446357693
7.680450103
8.546502887
10.18770659
10.33931799
10.37418691
7.028356481
0.973528973
0.026135006
3.37818287
4.789239845
8.230131173
9.590558625
7.241099537
8.146741421
9.068113219
10.38244127
9.684782789
8.088348765
1.437425329
1.548499104
3.038194444
5.403412485
9.013310185
8.162223716
6.961294582
7.770321004
11.62054792
10.0510481
9.443635504
3.139467593
2.306414277
0
1.57846424
5.174731183
10.1408179
8.527598566
7.182289095
8.314049432
9.432930108
10.95482339
12.25302419
6.103395062
2.326015532
2.652703106
3.002025463
3.861447133
10.39737654
8.031481896
6.612758916
8.435208001
10.22603669
9.39879201
11.26190595
9.620949074
2.136536738
0.666442652
0.810185185
3.743839606
9.337384259
7.607186712
7.492666752
10.07189865
10.4975292
10.19327503
10.04237605
6.278935185
1.57463411
0.764448925
0.303819444
1.372087814
6.589506173
6.804252954
7.832282665
8.514242334
10.24980419
9.741196416
10.77415621
9.492669753
0.679510155
1.633437873
2.898507344
7.866636798
6.123649691
7.247420516
7.152775634
8.442674316
10.03961611
10.56522677
12.11243446
9.580439815
4.423349761
0.555368877
1.692708333
5.29233871
5.590277778
9.13763109
7.065378944
8.05445747
9.853417048
9.5367494
11.99596774
6.103395062
3.208071983
0.973528973
1.11400463
5.396878734
7.419945988
8.567493446
7.499145233
9.145074174
9.937705761
10.12940115
11.33141262
8.338155864
1.509296595
1.809849164
2.799479167
7.866636798
6.170910494
7.29659913
7.170676012
8.397482328
9.986747893
10.51059114
12.09950178
9.566936728
4.469086022
1.012731481
5.517640485
4.599761051
8.081597222
7.82384923
5.677572874
9.783717476
10.34275728
9.570036866
10.68774476
6.332947531
0.418160096
3.044728196
4.181134259
5.220467443
9.776234568
8.044404205
5.306198988
8.05869549
10.13356191
10.41540766
10.94060094
10.32310957
0.646841398
1.522364098
1.128472222
6.3442727
9.121334877
6.79901973
6.720187329
8.656430456
9.926627423
9.882943673
11.57464448
4.54378858
0
2.306414277
1.005497685
6.684027778
6.555748457
7.706939881
6.136710391
9.025694859
10.61594982
11.40592335
10.10798321
7.82503858
1.698775388
2.606966846
2.535320881
4.207735962
5.191936728
7.464751759
7.465755316
8.428064848
10.82361277
10.03603395
11.55820639
7.663001543
2.182272999
2.169205496
1.801215278
2.75724313
6.765046296
7.304936197
8.774012774
9.329032673
10.31448709
10.36954647
11.92409648
6.521990741
2.737641876
1.228345281
0
2.391353047
8.135609568
6.871974147
7.427159208
8.05988567
10.76688778
10.53974194
13.06750299
9.553433642
1.326351553
0.320153823
0.101273148
2.731108124
5.455246914
8.321800329
6.36345036
8.407263872
10.62145062
10.19110897
9.656884707
4.496527778
1.953591697
1.097670251
2.102290868
3.887582139
10.47164352
9.658103096
7.51496442
7.148652595
10.20796495
10.24452975
9.617682198
6.292438272
1.130339008
1.065001493
2.177372685
3.639299582
10.53240741
9.699668542
7.535388803
7.133647368
10.13435965
10.23262946
9.630749701
6.305941358
1.143406511
1.548499104
1.837384259
5.416479988
8.797260802
7.259487837
7.245640432
10.36427925
10.68520676
10.15305727
11.30339008
6.245177469
1.986260454
0.294018817
3.059895833
7.04338411
9.65470679
8.164689533
7.123387774
7.995910909
9.417841497
10.67210219
11.11418094
1.086998457
0
2.724574373
1.997525543
3.979054659
7.203896605
8.137746416
7.179741084
8.296500398
10.14172557
9.2613756
11.79342145
5.833333333
0.202546296
5.011387395
1.938657407
6.050253883
6.866319444
7.808904985
7.26820559
10.14565661
10.74266395
9.300521262
10.02317926
5.705054012
3.266875747
0.496565114
3.725405093
1.548499104
6.062885802
7.278160262
7.650682442
9.799442453
10.50042231
9.475736025
11.24458632
8.452932099
0.718712664
2.855249403
1.396122685
3.567428315
7.669753086
8.336142224
7.039014489
8.860502539
9.884487422
9.978198302
10.83949373
2.882908951
4.429883513
1.483161589
3.394396552
5.821572581
5.644290123
8.216849612
6.719566615
10.55028707
10.54385164
10.09256816
12.62974164
10.50540123
2.005861708
2.299880526
0.954861111
6.122125149
9.627700617
7.281802154
7.541313014
8.324680572
10.7697087
10.54219607
10.42133363
8.621720679
0
1.254480287
2.358217593
4.710834827
9.661458333
7.778026268
7.369916409
8.760517473
10.37512653
9.054266975
10.53240741
8.689236111
0.104540024
0.248282557
2.553530093
6.324671446
8.547453704
7.862704102
7.488188014
8.154744956
9.769276434
9.681357167
7.997311828
5.293209877
3.253808244
0.842853943
1.054637612
6.416143967
9.175347222
9.16499693
7.295677298
9.311985182
10.46721384
9.928074417
9.212589606
6.042631173
0.026135006
0.56843638
2.495659722
5.390344982
9.918016975
7.955643917
6.995141461
10.11552046
10.38956301
9.793903464
9.05577957
6.440972222
1.163007766
1.737977897
3.732638889
6.193996416
5.313464506
9.370181203
7.75158822
9.121922292
10.75604839
10.3947085
11.1661813
5.570023148
0.901657706
0
0.188078704
6.958445341
8.290895062
8.145931651
7.079341135
9.746830197
9.524636184
10.18367498
11.87836022
5.340470679
0
1.176075269
4.73539272
8.186790621
5.651041667
8.914071834
7.610185185
9.968102847
10.03517979
9.947647462
11.53860514
6.332947531
0.267883811
2.469758065
2.488425926
3.299544504
7.798032407
8.258887976
7.075154321
8.044136217
10.55342037
10.05629458
11.31645759
6.20466821
1.123805257
1.143406511
4.412615741
6.383475209
8.675733025
9.371279288
7.683665552
9.059374585
10.15101553
10.20364712
12.06783901
9.249614198
0
0.940860215
2.67650463
2.6265681
9.188850309
10.10954633
7.357885802
9.516212001
9.339966647
11.09669367
10.0489098
5.880594136
0.222147551
1.7510454
2.681992337
5.475283751
10.72145062
7.18377348
7.556331876
9.89501734
9.24981664
10.54203189
10.82642622
6.75154321
1.973192951
3.057795699
2.177372685
5.612492533
7.48746142
9.308024277
6.544508745
8.624144597
11.2172603
10.08933085
10.31679361
6.697530864
1.783714158
1.326351553
3.899016204
0
4.631558642
9.669964241
7.606814558
9.52493487
10.2898704
10.23743999
10.47360364
7.750771605
2.018929211
1.979726703
3.855613426
2.482825568
7.170138889
6.879759475
7.560286351
9.21225068
9.982766245
10.02195087
12.69507915
6.069637346
0.457362605
3.645833333
0.537795338
2.326015532
9.242862654
7.265078239
7.235460391
9.769546495
10.16997337
9.831159979
9.728755974
6.35320216
1.731444146
3.312612007
4.210069444
6.396542712
11.36959877
9.092378534
6.776895147
8.701781744
10.37428357
9.84402392
8.931638292
7.406442901
0.071871266
0.868988949
3.935185185
6.951911589
5.792824074
8.215845696
7.047183213
11.13492301
10.44962955
11.32882587
9.722222222
9.283371914
0.078405018
0.372423835
0.441261574
2.49589307
9.290123457
8.476338693
7.374080504
8.855266411
10.06579135
10.41472136
12.66894415
6.20466821
2.136536738
2.084266726
1.459730204
5.534087515
8.344907407
9.665616703
8.079156379
9.033506322
10.8220484
10.27340964
10.12731481
8.783757716
2.829114397
0.463896356
2.893518519
0.378957587
10.16107253
8.982286274
7.044905693
8.265235879
10.38071112
9.816206276
10.94403375
7.642746914
0.764448925
2.979390681
2.358217593
2.417488053
8.270640432
8.485177303
8.111248714
9.509823444
10.29662153
10.83419967
11.76728644
7.190393519
0.470430108
0.084938769
1.287615741
0
5.927854938
9.775421479
7.929741512
7.78971069
10.79665099
9.073520662
8.885902031
9.067322531
1.345952808
1.522364098
3.247725096
5.03098865
7.723765432
7.680640183
7.724149949
9.599234203
11.68435426
10.02642104
10.21878734
7.406442901
3.103531959
0.816718937
2.748842593
3.096998208
4.989390432
10.35526102
7.484168381
7.550244342
9.173708184
9.518527092
11.40793011
7.419945988
0.973528973
2.6265681
1.750578704
3.371415771
8.122106481
9.079032258
7.822879801
9.838868562
10.0772389
9.87723894
11.47326762
9.647955247
1.123805257
1.261014038
0.115740741
6.030652628
8.58121142
8.019214622
7.288761145
8.777662037
10.03908428
10.40413194
11.34912634
8.007330247
1.646505376
2.868316906
2.29785281
5.521020012
6.211419753
7.956549515
7.638229167
8.825548005
8.858768917
10.29433299
13.96916069
10.85648148
0
0.686043907
2.141203704
3.083930705
6.778549383
8.110722405
7.747117198
8.154061712
10.29692146
11.06828961
10.37559737
6.022376543
1.00619773
0.999663978
3.233506944
8.428539427
9.013310185
8.757389984
8.550797325
8.256950667
10.33345945
10.24245971
11.13351254
0.891203704
1.653039128
3.704637097
0.889756944
4.932982378
10.20833333
7.86852723
7.643622257
9.117532855
10.15075916
10.48189472
10.25798984
4.800347222
1.372087814
1.920922939
2.654054917
5.455682497
9.50617284
9.493993512
7.169540466
9.595435086
9.550093339
9.325024434
10.7349537
4.422260802
0.372423835
0.757915173
3.168402778
7.48114546
7.345679012
9.268832553
7.798248885
9.26834553
9.924789675
10.91577889
10.70228495
6.589506173
1.424357826
2.371751792
2.48119213
6.481481481
8.547453704
9.294125846
7.495949503
9.324545749
10.53274965
7.97455204
10.37559737
9.384645062
0.424693847
2.835648148
1.497395833
4.188134707
8.871527778
6.996496665
7.927836934
9.936632567
9.884241421
9.611230281
10.84602748
7.203896605
0
1.280615293
3.869332695
5.991450119
9.533179012
10.0494437
7.221166409
8.748464257
10.01796844
10.19393004
12.05477151
6.488233025
0.274417563
1.646505376
2.40162037
2.685371864
9.330632716
8.847121416
7.877106481
10.33916476
9.677187459
10.1852572
9.591547192
5.164930556
0
1.326351553
0
2.620034349
7.980324074
9.554923337
7.368646691
8.75886599
9.591998955
9.668733711
10.74802121
8.041087963
0.777516428
0.908191458
3.038194444
1.261014038
8.149112654
8.396350641
7.093884174
10.66806344
9.431319279
10.25304227
9.637283453
8.338155864
0
0.999663978
2.863585568
4.397214755
6.5625
8.275292048
7.623987054
8.075002904
10.26477084
9.871616941
11.95023148
9.371141975
0
1.169541517
0.882523148
3.14926822
11.40335648
7.355916468
7.700951217
7.998492466
9.883867649
10.57106739
10.80682497
8.56095679
2.822580645
2.776844385
0.25318287
2.175739247
8.777006173
9.183597172
7.626013803
8.893473716
9.875569162
9.456446331
11.96329898
4.955632716
0
1.875186679
2.34375
1.169541517
8.844521605
9.613800943
7.306551355
8.906465303
11.52527172
9.979798097
10.14038232
5.239197531
2.031996714
0.914725209
2.563258301
8.898969534
9.020061728
8.545328471
7.156775977
9.294932298
9.688202326
9.722098765
10.12078106
5.461998457
3.123133214
2.201874253
1.331018519
3.430219534
7.143132716
7.289190893
7.836293296
9.362106316
10.8371478
9.936809842
10.9244325
5.218942901
0
0.529233871
0.571469907
6.246266428
9.458912037
8.40707346
7.632932527
8.696716945
10.59050055
10.14396519
9.950903524
5.212191358
0.61417264
0.908191458
0.014467593
6.932310335
9.263117284
8.308215104
6.7914982
7.962594584
10.39258056
10.60078789
11.17271505
8.351658951
0.196012545