0.762495022
0.024606215
0.88046595
2.057489712
9.504730353
10.57860802
16.18760952
17.86522103
21.26250874
6.43098865
1.775030864
0
0.069056153
0.025485009
0.894852648
2.072355967
9.54918326
10.63902881
16.08500597
17.74815495
21.10567764
6.419304228
1.778004115
0
0
0.713580247
1.458811231
2.194259259
10.71675163
11.12956687
13.71658685
19.90288016
22.89627984
5.569492566
0
0
0.247451215
0.194323192
0
1.150648148
7.963961071
12.14656173
17.48006853
15.58237074
22.21638975
5.841210341
1.644207819
0
0.028773397
0
0.733721625
2.494557613
10.05782341
10.68906207
13.21248208
16.42003219
20.41420525
5.890955629
0.261646091
0
0.146744325
0
0.871833931
2.637273663
10.32612538
12.97205024
15.43365907
16.73260637
21.693756
4.086720098
1.468786008
0
0.077688172
0
0
2.467798354
10.82631405
11.35928395
14.52906827
15.70819959
21.22127366
5.681861476
0.205154321
0
0.480515731
1.121340388
0.140989646
2.777016461
10.35093173
11.19818861
12.30739446
19.34007666
19.86375154
5.245435086
1.091183128
0
0.086320191
0
0.506411788
2.678899177
8.605245918
10.52919496
14.34534664
15.4840145
22.63521691
6.577185384
1.284444444
0
0.256083234
0.006371252
0.054669454
3.249763374
10.13862522
10.82715175
13.66737472
17.00054328
20.44751149
4.893973185
2.090195473
0
0.210045798
0.076455026
0.264715253
2.152633745
10.18090469
12.47912774
16.59751344
16.53623424
21.84463529
4.088699721
0.294351852
0
0.069056153
0.038227513
0.29061131
1.840442387
7.466051042
11.57052829
15.5178561
16.62667563
21.5041034
4.131859817
1.260658436
0
0.799900438
0
0.39419554
2.250751029
10.12141129
12.18894907
13.32284166
16.18374038
21.89086283
4.61362339
1.269578189
0
0.250328554
0
0
1.085236626
9.171951082
10.5237368
14.09752423
16.58914161
20.56258488
4.744733174
0.8681893
0.005754679
0.092074871
0
0.989804859
2.530236626
10.24690528
12.51955024
14.28484004
16.30200402
20.31476835
4.243649608
1.715565844
0.29636599
0.799900438
0
0.397072879
2.259670782
10.20595414
12.19489558
13.24082885
16.06094584
21.78232733
4.605166434
1.266604938
0
0.031650737
0
0
2.274537037
9.943026849
12.59600789
17.26725491
17.14690993
19.29474623
5.162616156
0.267592593
0
0.008632019
0.028670635
0.469006372
2.848374486
10.71163597
12.20428687
14.45439599
15.94589407
22.41922308
4.59626062
0.975226337
0
0.379808841
0
0.607118678
3.0356893
9.770700418
10.8974573
15.65039095
15.40023862
18.49455676
4.800901865
0.948467078
0
0
0.006371252
0.538062525
1.757191358
5.757190694
9.174758059
14.15889851
16.47972089
24.00650463
4.06315379
1.605555556
0.146744325
0.008632019
0.525957854
0.799900438
1.941532922
9.112065246
12.44572325
14.44008446
18.37136035
21.40359739
4.692941059
0.377602881
0
0.074810832
0.152910053
0
1.620421811
8.583655582
13.51656001
16.20568333
17.49804626
20.43463306
4.946146953
1.106049383
0
0.635892075
0.17202381
1.225746714
1.340936214
9.710998108
12.4963059
14.39721293
17.2914312
22.19605453
5.596425727
0
0
0.244573875
0.414131393
0.440232975
2.577808642
9.23888192
10.50712106
13.41167447
17.44163398
19.24068501
3.941955396
0.975226337
0
0.184149741
0
0
3.469783951
11.35053846
12.92207596
14.53494093
16.5137958
19.92915724
3.720400239
0.541131687
0
0.184149741
0
0
3.49654321
11.39419753
12.97047411
14.47046645
16.4174459
19.83274691
3.723277579
0.544104938
0
0.946644763
0
0
2.777016461
9.662719036
12.50621879
17.60287352
16.57299366
20.64340278
3.90742732
0.8681893
0
0.089197531
0.022299383
0
2.185339506
9.4280909
12.78729647
13.15991006
15.47075916
20.86987826
4.014239015
0.921707819
0
0
0.602852278
0.299243329
2.54212963
10.47966381
11.95478704
14.00392025
17.27026251
18.8397368
4.255585424
0.680874486
0
0.212923138
0.117868166
1.277538829
3.624393004
10.66201513
12.44240535
18.07131106
18.19254613
19.20177298
4.241723915
0.472746914
0
0
0.519257055
0
2.262644033
10.82970563
12.38599211
18.0947584
17.11442155
14.8631833
4.258462764
1.150648148
0
0.256083234
0.726322751
0.005754679
2.143713992
10.32397518
10.93108333
16.31254928
16.76360248
17.02591992
3.746296296
0.071358025
0.060424134
0
0.049212431
0
2.839454733
11.08070971
12.73464695
18.58838494
17.40648115
18.89493913
4.747610514
1.70367284
0
0.644524094
0
0.653156113
1.667993827
10.84744624
12.73552401
13.52474164
19.60840518
18.69508659
3.99950219
1.284444444
0
0.284856631
0
1.196973317
1.32904321
10.92412767
12.56684242
15.17721957
16.96441159
15.13898645
4.554828753
0.826563786
0.215800478
0.353912784
0.124239418
0.68192951
2.809722222
9.321781993
10.45400463
13.40026052
16.4342415
17.76399657
3.766437674
2.000997942
0
0.031650737
0
0
2.979197531
7.416747644
11.06273663
16.4033408
18.04804278
17.46059842
3.780824373
0.333004115
0
0.184149741
0
1.047351653
3.205164609
10.16868014
12.09181979
18.45573029
17.2312948
17.14729218
4.108841099
0.300298354
0
0.411459578
0.13061067
0.635892075
2.274537037
11.16326762
13.12736265
15.6956961
17.94853694
19.00850497
3.982238152
0.398415638
0
0.598486659
0
1.254520112
3.050555556
11.44040389
12.62088014
17.99601055
15.79342228
17.95274897
5.133174034
0.148662551
0
0
0
1.838620072
1.47473251
9.87575302
12.75440621
18.33276965
16.81577061
17.06988615
4.551951414
0.11595679
0
0.98117284
0.385460758
0.506411788
1.492572016
9.967534847
11.78344342
13.62518137
16.849357
16.35132545
4.540442055
1.207139918
0.115093588
0.38844086
0
0.207168459
3.107047325
10.57451314
12.81021056
16.65604723
17.70979142
16.32761831
4.301622859
2.411306584
0
0.440232975
0.140167549
0.112216249
3.306255144
10.8471371
11.90110597
16.51757351
15.23146837
22.3030619
3.746296296
1.546090535
0
0.043160096
0
0.986927519
2.661059671
10.45559638
12.36658813
19.29049449
17.98738169
15.79957647
4.413839108
0.990092593
0
0.011509359
0
1.145181203
2.887026749
10.95028491
11.63778944
16.52501726
19.31017672
18.80394564
4.474263242
2.200205761
0
0
0
0.215800478
2.54212963
9.546940296
11.18539386
16.76115708
17.12306103
17.95110597
4.387943051
0.820617284
0
0.29061131
0.175209436
0
2.779989712
11.23036722
12.26838117
15.61531594
17.33220546
16.20256087
5.337465153
1.724485597
0
0
0
0
2.500504115
10.16553216
10.50899348
16.87783005
17.13131422
16.91897977
4.20091597
1.201193416
0
0.233064516
0.0732694
0
3.677911523
11.69610696
10.78602195
14.79677801
17.34777877
15.83584448
4.238321386
0.805751029
0
0.155376344
0
0
1.412294239
9.297460507
11.49472445
22.84622428
17.28740591
21.84004184
4.117473118
1.572849794
0
0.037405416
0
0.434478295
1.525277778
10.00846044
12.05641804
15.68645808
16.19849396
17.92747771
5.259776981
1.132808642
0
0.261837913
0.307577693
0.630137395
2.916759259
10.2267269
12.21201372
17.8010756
20.29774476
16.0695439
4.059926324
0.457880658
0
0.428723616
0
0
2.491584362
8.806112439
10.96512551
15.79521572
17.79013988
16.24247942
4.057048984
0.921707819
0
0.014386699
0
0.241696535
2.747283951
10.64553697
13.60379235
15.21678465
17.94010172
17.45325754
4.621007567
1.465812757
0
0
0
0.523675826
2.661059671
11.54641942
13.38149074
15.8084626
20.02441723
13.47124743
4.128982477
0.719526749
0
0.230187176
0
0.690561529
2.720524691
10.62485713
13.11115466
18.61695606
19.81485796
17.36390518
3.898795301
1.510411523
0
0.046037435
0
0
2.854320988
12.04461934
12.45889215
12.14876593
17.41458234
15.15996571
4.011011549
0.909814815
0
0.106461569
0.356790123
0.253205894
1.599609053
10.25742848
11.82847531
18.32698361
17.17557049
15.74339078
4.908741537
1.825576132
0
0.117970928
0.003185626
0.497779769
2.949465021
7.112721691
10.96946588
16.56696137
16.40168426
15.75913837
4.813789327
0.933600823
0
0
0.298350362
0.673297491
2.396440329
10.02450153
12.64917353
14.67214523
17.17668011
16.45040295
5.769066109
0.680874486
0
0.420091597
0
0.517921147
1.572849794
10.78676805
12.82943467
15.10235414
18.02635271
17.34491084
3.930446037
0.912788066
0
0.138112306
0.232550705
0.730844285
3.107047325
5.897182232
11.53098165
15.4609611
17.50443615
15.03641118
4.635394265
0.624382716
0.164008363
0
0.372718254
0.29636599
2.274537037
11.17395277
12.57273131
15.92001825
17.80371217
15.49007545
4.436857826
0.130823045
0.005754679
0.09782955
0.3598659
1.424283154
2.63132716
10.76324472
11.1393606
17.69000747
16.86101321
13.33259002
4.713082437
1.656100823
0
0.592731979
1.016214727
0.302120669
1.926666667
7.394867915
11.73468433
15.96712946
16.65308144
18.85499743
4.379311031
1.412294239
0
0.411459578
0
0.348158104
2.470771605
10.87015449
11.61074811
15.8947881
19.08383596
14.74107596
3.694504182
1.813683128
0.210045798
0
0
0.771127041
3.130833333
10.61114413
13.57028429
18.2228405
17.92568283
13.31573388
4.413839108
0.199207819
0.023018718
0.437355635
0.267592593
0.374054162
2.464825103
10.73732792
12.23621742
16.62975325
16.93992583
15.88122257
5.07850458
1.117942387
0
0
0
0.155376344
2.087222222
10.70759044
13.43980436
19.22554792
18.05889868
15.26113512
4.272849462
0.341923868
0
0.129480287
0
0.241696535
2.610514403
11.28064217
11.92179132
16.14050295
15.37382882
15.60985425
3.32332736
1.111995885
0
0.149621665
0.207065697
0
2.449958848
10.90121914
12.24596005
20.54498755
17.22220745
16.71396005
4.051294305
0.600596708
0
0.120848268
0.110727969
0.739476304
1.685833333
9.456558808
11.1902692
13.16863219
18.21292828
15.46331619
4.350537634
0.790884774
0
0.109338909
0.219808201
0
2.295349794
10.14797242
12.93356001
15.09676507
16.19368346
18.70514746
4.128982477
2.3131893
0
0.120848268
0
0.212923138
2.556995885
11.19395211
13.63696108
16.6326281
17.73523878
13.56990741
4.632516926
1.670967078
0
0.037405416
0
0.29636599
2.122901235
9.98854092
11.91230316
14.65145294
22.37578671
13.90743398
4.301622859
1.439053498
0
0.284856631
0
0
2.328055556
10.45721641
12.01970679
16.87365608
16.64057464
14.52625514
4.172142573
2.577808642
0
0.106461569
0
0.558203903
2.818641975
9.982847139
13.0834177
18.021704
19.28314018
15.59012689
3.90454998
1.459866255
0
0.034528076
0.111496914
0
2.949465021
10.3072647
11.99033093
13.52697498
19.16490077
16.0754904
4.034030267
0.776018519
0
0.109338909
0
0.535185185
2.741337449
10.3058111
11.29428721
13.82500796
17.46471558
18.87904321
4.183651932
1.682860082
0