0.269844712
0.100747043
0.289190197
0.558704216
0.736160975
0.572665748
1.062717032
1.153639248
1.309911713
0.966968616
0.720164609
0.208335991
0.214288448
0.080730196
0.225697323
0.560754507
0.728125305
0.576136468
1.061027981
1.15050485
1.30592155
0.96706401
0.720677182
0.210816181
0.117561023
0.084574491
0.317960405
0.413133576
0.798766107
0.668511131
0.860548108
1.320662708
1.369056871
0.886705925
0.6340524
0.128473861
0.055060226
0
0.321928709
0.609961484
0.334059987
0.669584691
1.162478
0.962868445
1.407388541
0.974981632
0.68787253
0.128473861
0.217264676
0
0.345738537
0.758094987
0.765920196
0.540805911
0.914680263
1.078385833
1.304017105
0.979903872
0.751431542
0
0.045139465
0.113132112
0.306055491
0.637127836
0.779039632
0.619453425
0.988566573
1.044765748
1.423740234
0.891895401
0.897514755
0.026786056
0.097223462
0.159812838
0.282245664
0.494120059
0.718231492
0.564146747
0.938001848
1.028476399
1.349034619
0.952507314
0.739642371
0
0
0.103795967
0.328377204
0.417746731
0.564085597
0.632065211
0.815802889
1.179045213
1.288852212
0.912557283
0.709913156
0.204863724
0.112104605
0.013786437
0.315480214
0.474129725
0.657657323
0.670172965
0.942860895
1.01386787
1.470975206
1.03776861
0.680696513
0
0
0.02526251
0.073909673
0.659168461
0.75261162
0.658962139
0.881794252
1.101657542
1.172060482
0.956246858
0.779110467
0.120537252
0.120041214
0.188919643
0.061012683
0.711450874
0.790479708
0.778285074
1.114491402
1.091784196
1.41890536
0.751993719
0.593559158
0.097223462
0.067957216
0
0
0.504371513
0.781794019
0.811198356
0.995764814
1.097357622
1.412615943
0.905765521
0.772447022
0.099703653
0
0.168088488
0.413199715
0.604323184
0.686792536
0.589199792
0.86102247
1.05823216
1.411272895
0.979655999
0.662756469
0.059028531
0.016865294
0
0.227185437
0.259874346
0.543181615
0.530676247
0.895739571
1.101746287
1.38360896
0.977977181
0.759632705
0
0
0.01647555
0.183534087
0.665831905
0.783712887
0.772398676
0.779933269
0.959301835
1.318708152
0.891294728
0.75860756
0.006448495
0
0.173542463
0.501494492
0.608423766
0.700091377
0.612770134
0.88357109
1.086778408
1.44957039
0.9812175
0.662756469
0.059524569
0.036210779
0
0.289686235
0.5402516
0.714766278
0.707312096
1.146378081
1.125761677
1.329019025
0.897358727
0.572031106
0
0.160220298
0
0.419152172
0.689922821
0.602612491
0.684091601
1.020476712
1.172495492
1.585309411
0.91923416
0.94262115
0.094247234
0
0.030754361
0.117064985
0.648917007
0.610271079
0.484626913
1.108405136
1.139493771
1.403507194
0.969072313
0.834468316
0.127977823
0.142858965
0
0.17510144
0.419284449
0.72690822
0.764812987
1.069653067
1.265254604
1.747091214
0.805789124
0.756044696
0
0.057540416
0.006893219
0.05406815
0.642766135
0.760083076
0.825482899
1.158621456
1.42961353
1.676654868
0.956361405
0.795512792
0.25992395
0.063492873
0.001647555
0
0.615087211
0.798901927
1.075874009
1.256236678
1.405149487
1.662821061
1.07342639
0.719652036
0.156251993
0.046131541
0
0.27034075
0.75091897
0.83937844
0.969759832
1.077298293
1.41260788
1.791717963
1.128982654
0.749893824
0.068949292
0.022321713
0.023614955
0.328377204
0.648404434
0.797943285
0.77837225
1.114296432
1.462558357
1.638170669
0.871538894
0.590996295
0.055060226
0.013889066
0
0.249011113
0.644303853
0.757203537
1.102223918
1.249224759
1.395069258
1.665296595
0.809038097
0.883675293
0.042659274
0.064980988
0
0.251987341
0.646866716
0.777473201
1.131021993
1.27026339
1.422110738
1.70085824
0.809038097
0.886238156
0.043155312
0.089782891
0
0.271332826
0.757582414
0.798881372
0.999813536
1.568532621
1.443950726
1.845029232
0.901797217
0.761170423
0.029266246
0.074405711
0.064254646
0.299606996
0.554091062
0.916955551
0.785573826
1.164574176
1.439029405
1.930872346
0.923473703
0.870348403
0.005456419
0
0.098626053
0.495542035
0.486944042
0.820608838
0.928226101
1.204021351
1.565928028
1.250255698
0.891380417
0.76629615
0.009424723
0.185022201
0
0.256451684
0.475667443
0.849419244
0.937424983
1.688841521
1.736013326
1.78005863
0.956283306
0.717089173
0.134426318
0
0
0.032242475
0.688897676
1.055961956
1.21687985
1.742516479
1.687342821
1.623661835
0.903781369
0.808327109
0.048115693
0.008928685
0
0.311015872
0.615599783
0.818413947
0.824993479
1.504445432
1.626332413
1.825962876
0.860626057
0.690435394
0
0.009920761
0.186116906
0.27282094
0.657630743
0.658495844
1.232223973
1.854325793
1.726386757
1.640721067
1.00398106
0.954922894
0.157740107
0.238098275
0
0.37847705
0.729390917
1.002772694
1.188503559
1.407208484
1.965552935
2.054776373
0.869058704
0.793462502
0
0.06944533
0.157066913
0.258435836
0.806276819
1.019156113
1.189477784
1.56365787
1.809523449
1.679070114
0.976698966
0.768859013
0.045635503
0.057540416
0
0.141866889
0.641228417
1.010910723
1.209778316
1.324017363
1.755764557
1.920774846
0.82639943
0.796537938
0
0
0
0.293654539
0.618675219
0.802161958
1.150074851
1.68622922
1.953910933
1.926356544
0.831855849
0.652505016
0.064484949
0.019841523
0
0.173117287
0.612011775
0.466151493
0.775930735
1.963093334
1.987623231
1.93443337
0.874019085
0.769371586
0.003968305
0.132442166
0.100500857
0.181053897
0.439274783
1.112854161
1.461186898
1.788095053
2.067185938
2.228946356
0.899813065
0.790387066
0.11061649
0.132938204
0
0.290182273
0.75091897
1.329170822
1.28541086
2.011622004
1.793951711
2.044427215
1.045648258
0.798588228
0.166172754
0.055556264
0.211568791
0.51488752
0.584845423
1.120504328
1.464311141
2.098167805
1.967843649
2.113411086
0.901797217
0.728365772
0.169148983
0.0104168
0.030205176
0.455362951
0.455677109
0.723882824
0.724681645
0.883907249
1.049216689
1.25251895
0.917670435
0.779110467
0.138394622
0.109128376
0.085123676
0.308535681
0.603810612
0.664778095
0.770500603
1.035191484
1.134880088
1.269183915
0.961321786
0.748356106
0.238594313
0.116072909
0
0.274805092
0.685309667
0.716868471
0.564237309
1.004770636
0.948799492
1.499890357
0.824415277
0.763220714
0.007440571
0.005456419
0.066811197
0.340282118
0.734516644
0.55999345
0.713169715
1.199002951
1.193543468
1.270113912
0.914198169
0.775522458
0.102679881
0.09275912
0.00439348
0.180061821
0.435174201
0.71067233
0.729009632
1.00563616
1.199957074
1.355803098
0.877987389
0.914942226
0.096231386
0.022321713
0.037893766
0
0.522311556
0.734283367
0.62258589
1.082022438
1.131281957
1.301352524
0.876499275
0.859584377
0.136906508
0.049107769
0
0.186014277
0.76065785
0.707311088
0.76595895
0.738285957
1.124881607
1.204543978
1.092275837
0.879574711
0.069941368
0.052580036
0.086430358
0.452882761
0.709913156
0.71823268
0.506318858
0.852330445
1.130135067
1.202451347
0.858641904
0.796537938
0.106152148
0.065973064
0.022516585
0.323416824
0.748868679
0.752024231
0.729874071
0.820976921
1.15682029
1.179565946
0.898820988
0.662243897
0.163692564
0
0.031852731
0.037698894
0.676595932
0.764814469
0.626333938
1.350093814
1.150612144
1.532572852
0.854177562
0.87752442
0.118057061
0.024801904
0.087869602
0.057044378
0.60739862
0.534579064
0.602429853
0.991112227
1.075850932
1.321252641
1.051104677
0.623800946
0.020833599
0.229665628
0
0.29861492
0.726315481
0.780393545
0.779962866
1.080601101
1.306794671
1.257693888
0.853681524
0.740154943
0.24206658
0.191966734
0.001647555
0.156748031
0.623288373
0.740122131
0.631440842
0.991712079
1.178837878
1.227136545
0.890388341
0.745793243
0.109624414
0.008928685
0
0.011904914
0.612011775
0.813495499
0.862824611
0.958441972
1.100395397
1.358943359
0.983147461
0.711450874
0
0.026290018
0.040639691
0.222225057
0.571518533
0.693337488
0.82320255
0.977214825
1.281948583
1.186446415
0.852193409
0.507446949
0.127977823
0.225201285
0.300650387
0.481156931
0.412621004
0.6764283
0.814292206
1.121603296
1.297369489
1.276110947
0.89336457
0.861634667
0.010912838
0.019345485
0
0.286213968
0.66480676
0.853632837
0.760798377
0.759940791
1.111953709
1.223647196
0.874515123
0.871373548
0.022817751
0.018849447
0.017024735
0.214784486
0.587408286
0.766015756
0.762854483
1.076179214
1.120060076
1.222858609
0.94743272
0.860096949
0.23412997
0.132442166
0.121919072
0.212800333
0.660193606
0.545107243
0.667934595
1.060074796
1.101523883
1.237545862
0.951401024
0.783723621
0.014385104
0.13641047
0.016437675
0.363099869
0.700686847
0.659818673
0.77229465
0.936550499
1.095721384
1.192695861
1.193963642
0.91955538
0.188990506
0.147819346
0.369601511
0.498518263
0.624313519
0.834343438
0.831695448
0.954703846
1.128799933
1.376512089
0.854177562
0.774497313
0.046131541
0.016369256
0
0.22916959
0.75091897
0.777215066
0.879140618
0.985669919
1.052457277
1.250103914
1.013901821
0.770396731
0.120041214
0.057044378
0
0.640385152
0.579719696
0.760254712
0.74330733
1.01732611
1.136462137
1.194608037
1.027294849
0.750406397
0.166668793
0.036210779
0.005302476
0.401790839
0.646354144
0.681060566
0.688640183
0.994882638
1.059899682
1.01794812
0.963801976
0.677621077
0.137898584
0.061508721
0.327314266
0
0.673007923
0.773182027
0.772790919
0.96390754
1.007096075
1.42183495
0.875507199
0.611499202
0.059524569
0.15178765
0.217477264
0.372028555
0.67813365
0.715879729
0.783473515
1.016541098
1.162643715
1.165174628
0.838800382
0.829342589
0.01289699
0.077381939
0.009336145
0.231153742
0.667882196
0.669336039
0.795557373
1.15563428
1.125576332
1.046060707
0.898820988
0.679158795
0.132442166
0.103175919
0.120366204
0.262900179
0.675058214
0.842073899
0.654627713
0.995842221
1.071677918
1.226880366
1.004973136
0.767321295
0.050595883
0.114584795
0.02416414
0.23412997
0.763733286
0.832994527
0.768625254
1.179386458
1.16075802
1.251759826
0.893860608
0.837031179
0.131450089
0.115576871
0.205944379
0.435521428
0.56895567
0.77730131
0.676604396
0.977802859
1.033024506
1.167816229
0.885923998
0.736054362
0.046131541
0
0.00219674
0.020337561
0.703249711
0.809746202
0.663814824
1.212963963
1.136795087
1.271316455
0.823919239
0.845232342
0
0.035714741
0
0.229665628
0.662756469
0.798006773
0.764125749
0.874094178
1.181543474
1.206574735
0.947928758
0.822679144
0.158236145
0.012400952
0.205944379
0.136906508
0.736054362
0.706662758
0.7339044
0.983017011
1.077747132
1.385284685
0.791180727
1.038984813
0.139882737
0.127977823
0.101050042
0.132442166
0.527437283
0.834115802
0.816057696
0.805576877
1.131811572
1.12062039
0.968266319
0.898027327
0.085318549
0
0
0.516375634
0.622263228
0.572412617
0.559486751
0.896960012
1.418844795
1.131207018
0.892372493
0.653017589
0.05654834
0
0
0.16468464
0.763733286
0.78699056
0.71783292
1.025135416
1.076406224
1.180394117
0.815486592
0.756044696
0.109624414
0.006448495
0
0.621535706
0.692998257
0.757328504
0.66360411
1.000487701
1.249361966
1.140097893
0.961817824
0.853946077
0.149803498
0.114088757
0.333355301
0.518359786
0.707350292
0.771325844
0.675758091
0.868761623
1.254425389
1.256392729
0.827887544
0.742205234
0.185518239
0.013889066
0.01757392
0.366076098
0.732466353
0.725036509
0.522117296
0.801705737
1.128516816
1.419587513
0.882451732
0.832930598
0.050099845