0.301658812
0.217984899
1.047359396
1.522411694
2.478583191
2.880401582
4.008424707
3.635046787
1.643356767
2.072999358
1.048606253
0.358370669
0.006033176
0.160310112
1.052185937
1.534880258
2.587780644
3.017088083
4.185543636
3.775872161
1.64210991
2.074205993
1.053593678
0.377676833
0
0.817581569
1.441929123
1.59348251
3.112236555
3.175865123
3.532858203
4.346724017
1.751833276
1.840118755
1.458822016
0.208747898
0.707088256
0.666622881
0.094117549
1.276780978
1.899116908
3.577287194
4.613660956
3.832945917
1.710687014
1.872697907
0.874046353
0.310105259
0.448868313
0.531418807
1.484161356
1.615925926
3.401305356
3.198787241
4.128770442
4.166551447
1.668293895
2.094718792
1.191994741
0.189441734
0.155655947
0.801550558
1.100451347
1.385257487
1.985713193
3.386134765
4.318224505
4.139343742
1.675775034
1.91493014
1.297977537
0.179788652
0.004826541
0.623873518
0.884463638
1.519917981
3.446404598
3.78675376
4.075839339
3.438721881
1.672034465
1.785820169
1.493733996
0.265459755
0.285972554
0.561085391
0.997887351
1.664553326
4.145248734
3.900546994
4.415597832
5.288847389
1.640863054
1.7423813
0.579788237
0.425942243
0
0.291506433
0.955655117
1.872778349
4.167901111
4.08601043
4.919269329
4.261472914
1.763054984
2.258821186
1.127158207
0.429562149
0.489893911
0.554405803
0.713121432
1.920158893
3.840483688
3.878964472
5.092480713
4.983935581
1.513683699
2.077825899
1.776770404
0.394569726
0.123076795
0.149622771
0.691401998
1.724402434
3.291945864
3.865098479
6.312255562
5.069414417
1.67702189
1.854598378
1.159576474
0.290799095
0.141176324
0.056108539
0.253393402
1.21693187
3.357531914
5.240361672
5.366136065
5.205471887
1.613432213
1.989741526
1.753080132
0.125490066
0.301658812
0.535288361
1.45278884
1.130898777
2.568935835
4.678767261
5.695183305
5.129657783
1.759314414
2.235895117
1.769289266
0.816892064
0.102563996
0.312604718
0.977374552
1.032397119
5.189193618
5.191535833
5.401422162
5.086406317
1.590988797
2.215382317
1.127158207
0.592457907
0.179788652
0.20573131
0.996680716
1.37029521
4.55179726
5.443643542
6.512870711
5.597718125
1.69447788
2.092305522
1.539867684
0.278732743
0.334237964
0.51700011
1.45278884
1.139626772
2.529033945
4.575919196
5.523995997
4.988479289
1.750586419
2.233481846
1.766795553
0.82533851
0.187028464
1.018982664
0.849471215
1.49248714
3.894908076
3.206059896
6.567583539
5.424261178
1.564804812
1.971641997
1.169551326
0.077224656
0.562292026
0.772160371
0.964101564
1.805448102
4.687657355
3.188769079
5.35287729
5.338685981
1.720661865
2.019907407
1.906443472
0.11945689
0.281146013
0.208403145
1.171642827
1.684503029
3.242102674
4.703266607
6.087296851
5.56868449
1.654578475
2.136951026
0.839134373
0
0.425942243
0.185692546
1.23438786
1.210697588
3.836721002
4.757218364
7.577469462
6.964967439
1.860309785
1.86666473
1.445106595
0.313725165
0.481447464
0.468216085
0.7770731
0.95883259
4.247025593
6.793511671
7.184394356
6.956200238
1.665800183
2.134537756
1.415182041
0.403016173
0.400602903
0.332643482
0.509200075
1.249350137
4.701964378
6.697772747
8.119127863
6.384289013
1.743105281
2.20210933
1.204463306
0.505580169
0.226847427
0
0.441628501
1.502461991
3.959380519
5.067384792
7.195824103
7.120993328
1.771782979
2.413270498
1.76430184
0.244946956
0.059125127
0.018702846
0.504373534
1.007459991
4.755282141
5.567931307
7.872954579
7.546607123
1.721908722
1.783406898
0.830406378
0.360783939
0.202714722
0.388245293
0.717947973
1.933874314
7.614150593
7.407064398
6.391940423
6.481420345
1.739364712
1.776167087
1.162070187
0.208747898
0.196681546
0.402111197
0.672095834
1.945096022
7.828078814
7.594707905
6.52371908
6.580225148
1.738117855
1.778580357
1.1645639
0.211161169
0.285972554
0.33932307
1.000300621
1.624653921
4.540626925
7.290673851
10.46063599
7.744917474
1.695724737
2.087478981
1.153342192
0.366817116
0.054298586
0.565093144
1.300752798
1.783004686
6.562322227
6.818935905
8.137524415
7.081609009
1.770536122
2.052486559
0.200743884
0
0.503166899
0.368897521
0.734840867
1.330395804
6.0404299
7.562863557
8.594918946
7.308163611
1.559817386
2.177976625
1.07728395
0.037405693
0.925489236
0.358025916
1.117344241
1.268052983
2.517546152
5.305017741
10.52256865
8.286362981
1.553583104
1.850978472
1.053593678
0.603317625
0.091704279
0.687997563
0.285972554
1.119677069
4.161927253
8.677061065
10.6830416
7.617855464
1.653331618
2.076619264
1.561064243
0.132729877
0.527299604
0.257832096
0.658822846
1.416428898
6.621790101
7.937596148
9.39545231
7.407168094
1.714427583
2.001807878
0.532407693
0.818098699
0.273906202
0.626867816
1.075112007
1.04237197
4.981643137
6.435934796
11.94753413
8.136744524
1.731883573
2.332425936
1.940108596
0.370437021
0.424735608
0.176341123
1.130617228
1.778017261
6.378358987
7.559551006
9.689575429
7.657014373
1.812929241
1.924583222
1.592235653
0
0.231673968
0.435509137
0.869984015
1.784251543
5.016723489
7.998618238
10.48715518
8.406730339
1.568545381
1.945096022
1.604704218
0.019306164
0.045852139
0.471578912
1.168022921
1.578520233
7.161448573
9.085199914
9.734391442
7.986055583
1.662059613
1.476921545
0.977535436
0.600904354
0.155655947
0.194767572
1.184915815
1.69447788
9.135792706
9.09346765
11.18155379
8.898958057
1.700712162
1.701355701
1.1159365
0.004826541
0.104977267
0.460891571
0.99547408
1.831632087
5.09560642
7.956521868
12.36606408
9.061409708
1.684503029
1.672396455
1.189501029
0.214781074
0.320964976
0.68933348
1.143890216
0.981276006
8.897361385
10.02121772
11.34085428
9.330433205
1.785498399
2.062139641
1.02865655
0.166515664
0
0.034733858
1.28506654
1.531139689
7.530365669
9.078635745
12.21817982
8.614171058
1.730636717
2.193662883
0.986263431
0
0.217194345
0.874519299
1.511913967
1.043618827
2.606146281
7.937521019
12.83592008
8.752653322
1.731883573
2.13091785
1.169551326
0.049472045
0.456108124
0.459555653
0.609350801
1.44011917
1.652016405
1.4933762
1.594292889
1.910810213
1.733130429
2.089892251
1.145861054
0.207541263
0.211161169
0.814909734
1.178882638
1.602210505
1.875224291
1.579974566
1.788575545
1.815185683
1.78175783
2.228655305
1.708193301
0
0.173755476
0.494289511
0.48506737
1.696971593
2.009414686
1.523914037
1.887920096
1.665729125
1.870284636
1.855805013
1.086011945
0.041025598
0.323378247
0.495302966
1.011160339
1.980008001
1.295197243
1.422462277
1.901859872
1.630123567
1.841606938
1.999394608
1.246856424
0.364403845
0.564705297
0.402111197
1.036499679
1.382763774
1.819865647
1.307324817
1.629238849
1.984322038
1.723155578
1.905277058
1.236881573
0.329411423
0.244946956
0.720059585
0
0.855343507
1.836805002
1.570888203
1.879473649
1.847911412
1.770536122
1.934236304
1.431391175
0.372850292
0.36561048
0.712044079
0.458521395
1.324161522
1.033988229
1.555746742
1.829234701
1.75804654
1.739364712
2.344492289
1.120923925
0.084464467
0.673302469
0.099318563
0.429562149
1.706946445
1.349202675
1.540123171
1.929392617
1.813852106
1.69821845
1.796679886
1.173291895
0.319758341
0.611764071
0.777504042
1.181295909
2.099706218
1.723427751
1.312435985
1.744936446
1.838131388
1.721908722
1.649470385
1.367801497
0.013272988
0.160482488
0.726739173
1.283859905
1.069802812
1.573184654
1.489966278
2.081242809
1.873524271
1.938861739
1.795473251
1.714427583
0.014479623
0.068778209
0.081490973
0.460934665
1.715674439
1.705721492
1.543023262
1.759662762
1.799565523
1.805448102
2.339665748
1.145861054
0.394569726
0.384916644
0.269578958
1.022020056
1.54111454
1.904730574
1.662350251
1.699377461
1.901523574
1.802954389
1.870284636
1.622160208
0.522473063
0.085671103
0.534367039
0.069984844
1.876518918
1.801946712
1.429145519
1.592766273
1.848057989
1.701959019
2.021114042
1.411441472
0.141176324
0.550225674
0.435509137
0.446455042
1.527399119
1.528598057
1.637357682
1.883733517
1.777106011
1.879012631
2.173150084
1.327902092
0.086877738
0.015686258
0.237793332
0
1.09473994
1.861157573
1.603409922
1.443502755
1.81635111
1.59348251
1.641023939
1.674528177
0.248566861
0.281146013
0.599780935
0.929109142
1.426403749
1.323756029
1.552006173
1.84204113
2.045066706
1.739364712
1.88717753
1.367801497
0.573151743
0.150829406
0.507648687
0.571945108
0.921426897
1.964974667
1.5339369
1.514674598
1.523964556
1.657072188
2.106785145
1.37029521
0.179788652
0.48506737
0.323292059
0.622623789
1.499968278
1.72100729
1.593435071
1.904666412
1.762499447
1.733130429
2.118851497
1.78175783
0.207541263
0.232880603
0.021374682
1.113724335
1.584754515
1.621337504
1.491543781
1.691790842
1.789419056
1.83038523
2.095925428
1.478771719
0.304072083
0.529712874
0.424361135
1.019606785
1.14710791
1.264802369
1.441599223
1.792688836
1.476165704
1.817916666
2.579786163
2.00494513
0
0.126696701
0.395431609
0.569531838
1.25184385
1.206356476
1.493719707
1.564273585
1.822765111
1.950083447
1.916136776
1.11219593
0.185821828
0.184615193
0.597155166
1.556559471
1.664553326
1.614149409
1.722605738
1.619659056
1.803845026
1.809188671
2.056106464
0.164585048
0.305278718
0.684162186
0.164317864
0.911009613
1.885246913
1.373941325
1.458146433
1.797515377
1.793998905
1.85158179
1.894417341
0.886514917
0.253393402
0.354750763
0.49014356
1.007540433
1.755573845
1.906530709
1.48253315
1.897673293
1.646728561
1.647097336
1.982501714
0.816690958
0.068778209
0.139969689
0.585131908
1.38159736
1.356579789
1.72832039
1.597761203
1.852580866
1.751666556
1.888987482
1.976468538
1.21693187
0.263046484
0.438008595
0.458219736
1.196982167
1.578520233
1.784353013
1.55233682
1.851940904
1.820417939
1.385257487
1.916136776
1.733130429
0.078431291
0.523679698
0.276534943
0.773453195
1.638369341
1.240744889
1.607887517
1.964338577
1.713833577
1.699465306
2.003014513
1.330395804
0
0.236500509
0.714577716
1.106484523
1.760561271
2.054980862
1.488058128
1.710803852
1.765432928
1.791732681
2.226242035
1.198229024
0.05067868
0.304072083
0.443524642
0.495927087
1.723155578
1.715867959
1.601246856
2.04139702
1.616189046
1.800460676
1.771340546
0.953845164
0
0.244946956
0
0.483860735
1.473784293
1.885844506
1.543050983
1.694204113
1.690001217
1.683256172
1.984914985
1.485006001
0.143589595
0.1677223
0.561085391
0.232880603
1.504955704
1.597371012
1.426906722
2.010144254
1.656442486
1.804201246
1.779786992
1.539867684
0
0.184615193
0.528839104
0.812065523
1.211944444
1.598384608
1.560327789
1.643005221
1.772225817
1.740611568
2.206935871
1.730636717
0
0.21598771
0.162981947
0.58159819
2.1059405
1.386395692
1.564550469
1.525214335
1.762973196
1.81666981
1.995774702
1.581013946
0.521266428
0.512819981
0.046757116
0.401809538
1.620913351
1.805505774
1.497977538
1.773602538
1.716473904
1.674528177
2.209349141
0.915192615
0
0.346304316
0.432837301
0.21598771
1.633381915
1.934109916
1.544297839
1.802021937
1.953548276
1.770536122
1.872697907
0.967560585
0.375263562
0.168928935
0.473375491
1.643437209
1.665800183
1.715635648
1.468996914
1.867800566
1.688420948
1.713180727
1.869078001
1.008706847
0.576771649
0.406636079
0.245808838
0.633483506
1.319174097
1.287969877
1.599414438
1.82061485
1.911670041
1.741858424
2.017494136
0.963820016
0
0.097737455
0.10553749
1.153543298
1.74684585
1.684062901
1.601529492
1.771902518
1.844137738
1.784251543
1.837705484
0.962573159
0.113423713
0.1677223
0.002671835
1.280239999
1.710687014
1.608670461
1.31503315
1.577793265
1.828077846
1.841606938
2.063346276
1.542361397
0.036199057