1.335988318
0.498793813
1.431766892
2.76611797
14.30356213
10.67918234
22.08181801
24.79045282
6.876401286
4.327226868
3.565500686
1.031461569
1.0609319
0.399691358
1.1174167
2.776268861
14.49021529
10.84105428
22.1386024
24.80764589
6.866810014
4.329682729
3.568038409
1.043740873
0.582039028
0.41872428
1.574206823
2.045404664
14.15475157
13.50239611
16.64130725
28.62251552
7.495221039
4.034979424
3.139163237
0.636067968
0.272600558
0
1.59385371
3.019890261
6.209753128
10.81944991
24.85325319
19.81434884
8.853800154
4.481946104
3.405624143
0.636067968
1.075667065
0
1.711735033
3.753292181
15.89862343
9.014520336
18.80562877
23.60012923
7.278512234
4.5261516
3.720301783
0
0.22348334
0.560111699
1.515266162
3.154389575
15.17928251
7.536177026
19.73865619
22.12263356
7.805694273
4.251095181
4.443552812
0.132616487
0.481348732
0.79122575
1.39738484
2.446364883
15.27473157
8.057848677
19.61915229
23.30514462
7.803773771
4.398446834
3.661934156
0
0
0.513888889
1.625779902
2.06824417
5.268269023
10.66189986
18.08773052
24.21278497
7.572267806
4.339506173
3.514746228
1.014270543
0.555024559
0.068255995
1.561927519
2.34739369
14.07197358
13.82490671
20.49317925
22.96202698
8.808140721
4.798752157
3.370096022
0
0
0.125073486
0.365923271
3.26351166
15.65744146
14.89194155
18.91394343
24.63500862
7.357422579
4.6391212
3.85733882
0.596774194
0.594318333
0.935332158
0.302070888
3.522359396
16.90105535
15.09186733
25.13792338
24.55656809
6.923666472
3.723085092
2.938683128
0.481348732
0.33645294
0
0
2.497119342
16.47566527
16.24437771
22.32706094
25.22893076
7.282777349
4.484401965
3.824348422
0.493628037
0
0.832198098
2.045732112
2.991975309
16.33491339
10.37096683
18.89437414
24.28368759
7.816596484
4.705429444
3.28127572
0.292247445
0.08349927
0
1.124784282
1.286625514
10.4641632
5.944358635
19.44712273
25.84860999
7.146538049
4.796296296
3.76090535
0
0
0.081569665
0.908668525
3.296502058
15.22372613
14.7905927
13.10509384
19.64901883
7.141909673
4.38862339
3.755829904
0.031926191
0
0.85920047
2.482875348
3.012277092
16.7935885
10.6289789
19.27921277
24.6875742
7.939145535
4.702973583
3.28127572
0.294703305
0.179277844
0
1.434222753
2.674759945
16.59357824
12.1315971
24.05662579
24.21193752
7.763229186
4.16514005
2.832098765
0
0.793243064
0
2.075202443
3.415775034
10.97457916
12.39228748
20.75996204
26.54294537
7.551323218
4.437740608
4.666872428
0.466613567
0
0.152263374
0.579583167
3.212757202
14.2700023
2.447507244
22.4689756
25.16232079
6.783040977
4.624386035
4.131412894
0.633612107
0.707287933
0
0.86691889
2.075857339
11.76424027
11.82123902
21.55581295
27.60620211
9.379639372
3.833598832
3.743141289
0
0.284879862
0.034127998
0.267688836
3.182304527
19.06764528
15.53255225
24.18163239
29.69731943
7.751422145
4.734899774
3.938545953
1.2868711
0.314350192
0.008156966
0
3.04526749
18.04577306
22.12685973
24.36103595
28.28222708
6.725567361
5.314482942
3.562962963
0.773596177
0.228395062
0
1.338444179
3.71776406
15.4850868
12.17348685
18.9128374
27.81258212
7.009590072
5.58953936
3.712688615
0.341364662
0.11051374
0.11691652
1.625779902
3.210219479
17.72023801
12.93171067
21.31906856
28.3320706
5.879901363
4.314947564
2.925994513
0.272600558
0.068764105
0
1.232842161
3.189917695
15.64552057
20.08434976
24.16114672
26.72097562
5.51508065
4.005509093
4.375034294
0.211204036
0.321717775
0
1.247577326
3.20260631
15.82287021
20.25823176
24.22576132
26.76512146
5.500575549
4.005509093
4.387722908
0.213659896
0.444510819
0
1.343355901
3.750754458
14.80130355
12.92726439
28.59444626
25.50337831
7.214647004
4.464755078
3.768518519
0.144895792
0.368379132
0.318121693
1.483339971
2.743278464
17.81671205
8.607084787
18.45126692
27.6470971
7.330862757
4.430373025
4.309053498
0.02701447
0
0.488292891
2.453405018
2.410836763
17.48938937
16.10603019
18.14507765
26.87736078
2.903132819
4.413181999
3.793895748
0.046661357
0.916036108
0
1.269680074
2.355006859
17.39954251
13.55148644
29.0373012
31.14406573
6.40507512
4.501592991
3.550274348
0.665538298
0
0
0.159630957
3.410699588
19.78669751
20.76497237
29.39475383
26.59075476
3.636556927
4.474578521
4.001989026
0.238218505
0.044205496
0
1.539824771
3.047805213
10.59787795
5.409574284
22.81753505
26.15815901
5.193172205
4.260918625
3.418312757
0
0.049117218
0.921455939
1.350723483
3.255898491
10.36609073
17.76143531
30.62025224
27.59434469
5.355926479
4.970662419
4.727777778
0.780963759
1.178813222
0
1.873821851
3.611179698
19.17410733
17.25584589
23.84744367
30.18759705
4.024828532
4.30266826
3.928395062
0
0.343820523
0.777630805
1.279503518
3.991838134
21.77422428
20.59722151
24.05345472
29.32480747
4.000819286
4.83559007
3.806584362
0.225939201
0.284879862
0
0.702376211
3.174691358
17.8076692
18.04320173
17.14451915
27.23619105
5.623277402
4.091464224
3.943621399
0
0
0
1.45386964
3.06303155
15.01820668
17.57890804
23.3825698
30.7265832
5.378277392
4.118478694
3.230521262
0.319261914
0.098234435
0
0.857095447
3.030041152
3.579894645
7.441174671
31.02995582
30.7872957
4.260845718
4.327226868
3.809122085
0.019646887
0.655714855
0.497574956
0.896389221
2.174828532
19.33221332
19.44821397
27.80625829
32.01860192
4.94158023
4.454931634
3.913168724
0.547656976
0.658170716
0
1.436678614
3.71776406
19.48170184
14.0087384
29.31115377
27.50189339
5.835713805
5.176954733
3.953772291
0.822713394
0.275056418
1.047467007
2.549183592
2.895541838
11.39910364
19.61737592
31.59901694
28.02458226
4.228408488
4.464755078
3.606104252
0.83744856
0.051573078
0.149544386
2.254480287
2.256035665
8.347444577
9.044483882
10.57491703
11.18789825
3.973088134
4.543342626
3.85733882
0.685185185
0.540289393
0.421443269
1.527545467
2.989437586
7.894675096
7.990055727
11.88168641
12.89531727
4.237887517
4.759458383
3.705075446
1.181269083
0.574671446
0
1.360546927
3.392935528
8.368164244
4.816894719
10.36148032
10.8137354
5.265421811
4.081640781
3.77866941
0.036837913
0.02701447
0.330779055
1.684720563
3.636556927
5.573566308
7.995576989
13.89783204
13.70337017
4.123799726
4.5261516
3.83957476
0.508363202
0.459245984
0.021751911
0.891477499
2.154526749
5.855967078
6.574751372
11.2214083
13.71215983
4.446562071
4.346873755
4.529835391
0.47643701
0.11051374
0.187610229
0
2.585939643
9.264453903
6.150581276
13.11969003
13.24494059
4.677734911
4.339506173
4.255761317
0.677817603
0.243130227
0
0.92094783
3.765980796
6.992790887
9.47134345
5.48527728
12.43499187
3.725377229
5.407805655
4.35473251
0.346276384
0.260321253
0.427912587
2.242200982
3.514746228
8.974882185
4.486159979
6.410754348
13.32254663
3.622727195
4.251095181
3.943621399
0.525554228
0.326629497
0.111478542
1.601221293
3.707613169
9.74741056
9.028746571
8.09581591
13.2208267
3.636556927
4.450019912
3.278737997
0.81043409
0
0.157701352
0.186645427
3.349794239
9.29500448
7.203671982
14.99913713
13.50334777
5.171170267
4.228992433
4.344581619
0.584494889
0.122793044
0.435038213
0.282424001
3.007201646
4.772450385
5.88889832
11.36976055
12.53066839
4.065432099
5.203969202
3.088408779
0.103146157
1.137063587
0
1.478428249
3.595953361
10.08433227
9.276791838
11.78252024
14.62454119
4.070507545
4.226536572
3.664471879
1.198460109
0.95041816
0.008156966
0.776052038
3.085871056
8.439760056
5.724495027
11.59283486
13.59653359
3.763443073
4.408270277
3.692386831
0.542745254
0.044205496
0
0.058940661
3.030041152
8.719929809
9.472716049
10.69597023
11.53789908
4.3403738
4.867516262
3.522359396
0
0.130160627
0.201205173
1.100225674
2.829561043
4.992418359
8.595041152
11.0728171
13.43332421
3.877640604
4.21916899
2.512345679
0.633612107
1.114960839
1.488505747
2.382185052
2.042866941
8.702266693
9.685817044
12.58368263
15.11376776
3.942325103
4.423005443
4.265912209
0.054028939
0.095778574
0
1.417031727
3.291426612
6.558980486
7.266312586
8.656436679
11.7218107
3.854801097
4.329682729
4.314128944
0.1129696
0.093322713
0.084288654
1.063387761
2.908230453
8.192985033
9.162438272
12.110342
12.80293708
3.834499314
4.690694279
4.25829904
1.159166335
0.655714855
0.60361552
1.053564317
3.268587106
7.169111742
4.917301955
12.44886831
12.6493935
3.999451303
4.710341166
3.880178326
0.071219965
0.675361742
0.081382148
1.797690163
3.469067215
5.149462366
8.608407922
10.64588394
12.02670085
3.910631001
5.911257135
4.552674897
0.935682995
0.731846542
1.829879483
2.468140183
3.090946502
10.52382019
11.01313957
11.97904138
12.0321278
4.550137174
4.228992433
3.834499314
0.228395062
0.081043409
0
1.134607726
3.71776406
9.220157972
10.99740398
11.64962166
10.39672441
4.088271605
5.019779636
3.814197531
0.594318333
0.282424001
0
3.170516395
2.870164609
9.204222255
7.84452332
11.75229573
12.39321071
3.77866941
5.08608788
3.715226337
0.825169255
0.179277844
0.026252306
1.989247312
3.200068587
8.119446104
6.445743313
10.24200518
11.07256654
3.18484225
4.771737688
3.354869684
0.682729324
0.304526749
1.620517343
0
3.332030178
10.39966066
9.326758402
10.66793608
10.53118197
4.288751715
4.334594451
3.027503429
0.294703305
0.751493429
1.076719577
1.841895659
3.357407407
7.852985198
8.951997599
11.84731017
11.29518867
3.745679012
4.152860746
4.106035665
0.063852383
0.383114297
0.04622281
1.14443117
3.306652949
8.215058742
8.389236111
13.50714855
11.83954351
3.258436214
4.450019912
3.362482853
0.655714855
0.510819063
0.595927345
1.301606266
3.34218107
10.71582869
6.909870542
11.10229241
11.78277413
3.895404664
4.97557414
3.798971193
0.25049781
0.567303863
0.119635509
1.159166335
3.781207133
10.2901749
7.592813786
13.46366902
12.0201588
3.981687243
4.425461304
4.144101509
0.650803133
0.572215585
1.019620811
2.156245852
2.816872428
9.534742964
6.769984568
10.97809057
12.25211486
3.611179698
4.38616753
3.644170096
0.228395062
0
0.010875955
0.100690296
3.48175583
8.805787867
6.282677469
13.30662834
12.56807796
4.090809328
4.07918492
4.184705075
0
0.176821983
0
1.137063587
3.28127572
9.20020825
9.174785665
10.79789178
13.0183476
3.958847737
4.693150139
4.073045267
0.78341962
0.061396522
1.019620811
0.677817603
3.644170096
9.166452609
8.303577675
11.7620387
12.35962017
4.243072702
3.917098102
5.143964335
0.692552768
0.633612107
0.500293945
0.655714855
2.611316872
9.211095347
8.695482682
6.504008197
12.43360381
3.71776406
4.793840435
4.446090535
0.422408071
0
0
2.556551175
3.08079561
6.90941358
5.681111111
10.169242
15.10297856
3.809122085
4.418093721
3.233058985
0.27996814
0
0
0.815345812
3.781207133
9.856968505
7.568768861
11.43956425
11.80696353
3.849725652
4.037435285
3.743141289
0.542745254
0.031926191
0
3.077193681
3.431001372
9.439952542
5.487592593
9.97918409
14.49198195
3.494444444
4.761914244
4.227846365
0.741669985
0.564848002
1.65042622
2.566374618
3.502057613
9.860466448
7.525084019
9.93676905
14.2210615
4.047668038
4.098831807
3.674622771
0.918491969
0.068764105
0.087007643
1.812425329
3.626406036
9.28156362
3.801269719
8.68614098
12.30646074
4.273525377
4.368976503
4.123799726
0.248041949