0
0
0
0
0.169154572
0.20383216
0.342092153
0.362358276
0.405709764
0.031344937
0
0
0
0
0
0
0.205920985
0.248700961
0.413481469
0.438401843
0.491302988
0.03803636
0
0
0
0
0
0
0.242303858
0.317821894
0.410744121
0.599897455
0.615451799
0.043380207
0
0
0
0
0
0
0.197049911
0.39378562
0.62122341
0.526513772
0.676717573
0.044437224
0
0
0
0
0
0
0.302078459
0.337183481
0.539720387
0.639210391
0.72710182
0.006701399
0
0
0
0
0
0
0.330360188
0.474561345
0.69497565
0.732714511
0.860929874
0
0
0
0
0
0
0
0.36153043
0.463847155
0.728161819
0.767694247
0.945483903
0.049096725
0
0
0
0
0
0
0.402528033
0.508053104
0.6649848
1.057608805
0.962011344
0.002829723
0
0
0
0
0
0
0.41365793
0.673624065
0.838806358
0.897790915
1.208723792
0.068176955
0
0
0
0
0
0
0.496101478
0.645544393
0.885298935
1.08073285
1.203923032
0.001670375
0
0
0
0
0
0
0.511783976
0.743626427
1.224955869
1.181537373
1.351700926
0
0
0
0
0
0
0
0.547974223
0.835436111
1.196759734
1.234688733
1.402707545
0
0
0
0
0
0
0
0.589071378
0.840338992
1.088478793
1.247997237
1.563245996
0
0
0
0
0
0
0
0.782040263
0.832490849
1.233735932
1.38991926
1.496625808
0
0
0
0
0
0
0
0.562744828
0.939728459
1.355811378
1.45553831
1.43044828
0
0
0
0
0
0
0
0.71337799
1.01488904
1.306185052
1.494577127
1.870147195
0
0
0
0
0
0
0
0.633472803
1.049786223
1.77687807
1.687508463
1.560419624
0.067027205
0
0
0
0
0
0
0.476358539
1.113324629
1.608410597
1.661650669
2.106485481
0
0
0
0
0
0
0
0.907521333
1.113042538
1.788947803
1.664272348
1.703269671
0
0
0
0
0
0
0
0.738972202
1.186426996
1.751241975
1.910029391
2.469093416
0
0
0
0
0
0
0
0.829657702
1.246849332
1.868743562
2.237659317
2.255648658
0
0
0
0
0
0
0
0.839238598
1.718847755
2.13076147
2.221218324
2.258908681
0
0
0
0
0
0
0
1.009581728
1.583576399
1.931148638
2.283207908
2.361098145
0
0
0
0
0
0
0
1.123208089
1.311551276
1.882229928
2.426706402
2.149900813
0
0
0
0
0
0
0
1.060921008
1.629977407
2.121842015
2.312024691
2.352485123
0
0
0
0
0
0
0
1.104944313
1.689668201
2.190537588
2.384047976
2.433522131
0
0
0
0
0
0
0
1.026645808
1.622502984
2.840386737
2.542458149
2.700011375
0
0
0
0
0
0
0
1.015196167
1.701485283
2.114992014
2.410059193
2.827280057
0
0
0
0
0
0
0
1.472839334
1.656872892
2.309874478
2.780840544
2.311658441
0
0
0
0
0
0
0
1.284293451
1.768712199
3.200820557
3.086269512
2.761194205
0
0
0
0
0
0
0
1.58424305
2.179491578
3.422718268
3.15436209
1.965434369
0
0
0
0
0
0
0
1.294108695
1.683847925
3.047340512
2.999762986
2.453255809
0
0
0
0
0
0
0
1.588811858
2.016606101
3.615332918
3.201806545
2.353956564
0
0
0
0
0
0
0
1.773502235
2.327990772
2.650317766
3.710941652
2.748928465
0
0
0
0
0
0
0
1.764231813
2.117942996
3.097783508
3.346851528
2.203733092
0
0
0
0
0
0
0
1.759982318
2.238128308
2.749972372
3.381156506
2.68467144
0
0
0
0
0
0
0
1.787600046
2.118256475
3.496772859
3.677966813
2.847629746
0
0
0
0
0
0
0
1.520214248
2.178146053
4.019876878
3.683277716
2.725533543
0
0
0
0
0
0
0
1.71702095
2.549216928
3.524263034
3.921799905
3.30961192
0
0
0
0
0
0
0
1.838947517
2.384852493
4.036020825
3.342507387
3.233648516
0
0
0
0
0
0
0
1.588567997
2.56813544
4.317341808
3.779901046
2.669388092
0
0
0
0
0
0
0
0
0
0
0
0
0
0
0
0
0
0
0
0
0
0
0
0
0
0
0
0
0
0
0
0
0
0
0
0
0
0
0
0
0
0
0
0
0
0
0
0
0
0
0
0
0
0
0
0
0
0
0
0
0
0
0
0
0
0
0
0
0
0
0
0
0
0
0
0
0
0
0
0
0
0
0
0
0
0
0
0
0
0
0
0
0
0
0
0
0
0
0
0
0
0
0
0
0
0
0
0
0
0
0
0
0
0
0
0
0
0
0
0
0
0
0
0
0
0
0
0
0
0
0
0
0
0
0
0
0
0
0
0
0
0
0
0
0
0
0
0
0
0
0
0
0
0
0
0
0
0
0
0
0
0
0
0
0
0
0
0
0
0
0
0
0
0
0
0
0
0
0
0
0
0
0
0
0
0
0
0
0
0
0
0
0
0
0
0
0
0
0
0
0
0
0
0
0
0
0
0
0
0
0
0
0
0
0
0
0
0
0
0
0
0
0
0
0
0
0
0
0
0
0
0
0
0
0
0
0
0
0
0
0
0
0
0
0
0
0
0
0
0
0
0
0
0
0
0
0
0
0
0
0
0
0
0
0
0
0
0
0
0
0
0
0
0
0
0
0
0
0
0
0
0
0
0
0
0
0
0
0
0
0
0
0
0
0
0
0
0
0
0
0
0
0
0
0
0
0
0
0
0
0
0
0
0
0
0
0
0
0
0
0
0
0
0
0
0
0
0
0
0
0
0
0
0
0
0
0
0
0
0
0
0
0
0
0
0
0
0
0
0
0
0
0
0
0
0
0
0
0
0
0
0
0
0
0
0
0
0
0
0
0
0
0
0
0
0
0
0
0
0
0
0
0
0
0
0
0
0
0
0
0
0
0
0
0
0
0
0
0
0
0
0
0
0
0
0
0
0
0
0
0
0
0
0
0
0
0
0
0
0
0
0
0
0
0
0
0
0
0
0
0
0
0
0
0
0
0
0
0
0
0
0
0
0
0
0
0
0
0
0
0
0
0
0
0
0
0
0
0
0
0
0
0
0
0
0
0
0
0
0
0