5.371034117
2.005285937
5.756089871
11.12054184
14.65267075
11.3984345
21.15249693
22.96222786
26.07270105
19.2467045
14.33427641
4.146754281
4.265232975
1.606867284
4.492317138
11.16135117
14.49272742
11.46751629
21.11887777
22.89984029
25.99328018
19.24860323
14.34447874
4.196120404
2.339954202
1.683384774
6.328736891
8.223079561
15.89877373
13.30615698
17.12849296
26.28669064
27.24993613
17.64914252
12.62028464
2.55716514
1.095927917
0
6.407722687
12.14077503
6.649185666
13.32752529
23.13815586
19.165094
28.01289609
19.4061969
13.69152949
2.55716514
4.324472322
0
6.881637462
15.08924897
15.24500324
10.76429098
18.20594841
21.46437135
25.9553738
19.50416999
14.95661866
0
0.898463428
2.251800412
6.091779504
12.68149863
15.50613467
12.32970422
19.67659382
20.79519157
28.33836291
17.7524347
17.86428326
0.533154122
1.935151998
3.180941358
5.617864729
9.835048011
14.29579932
11.22887088
18.67014511
20.47096567
26.85140989
18.95886433
14.72196502
0
0
2.065972222
6.536074605
8.314900549
11.22765374
12.58073131
16.23787668
23.46791244
25.65352924
18.16369225
14.13022977
4.07764171
2.231348732
0.274407549
6.279370769
9.437157064
13.09012097
13.3392344
18.7668604
20.18019506
29.27853567
20.65591937
13.54869684
0
0
0.502829218
1.471110447
13.1201989
14.98010711
13.11609225
17.55137976
21.92757534
23.32888717
19.03329683
15.50754458
2.399193548
2.389320324
3.760288066
1.214406611
14.16083676
15.73383985
15.49111583
22.18302262
21.73105461
28.24212877
14.96780831
11.81430041
1.935151998
1.352631754
0
0
10.03909465
15.56095845
16.14622728
19.81986883
21.841989
28.11694316
18.0285079
15.37491427
1.98451812
0
3.345661274
8.224395991
12.02854938
13.6700331
11.72753086
17.13793475
21.06322929
28.09021091
19.49923628
13.19161523
1.174913713
0.335689632
0
4.521936811
5.172582305
10.81157739
10.56266847
17.8289497
21.92934173
27.53958333
19.46582081
15.11985597
0
0
0.327932099
3.653093057
13.25282922
15.59915191
15.37395198
15.52392178
19.09410361
26.24778684
17.74047882
15.0994513
0.128351918
0
3.454218107
9.981829948
12.11016804
13.93473546
12.19667887
17.58674624
21.63141856
28.85249064
19.53031665
13.19161523
1.184786937
0.720745387
0
5.765963096
10.75325789
14.22682713
14.07845783
22.81770038
22.40734805
26.45301617
17.86117766
11.38580247
0
3.189051507
0
8.342874685
13.73233882
11.99449945
13.61627325
20.31173855
23.33754568
31.55426273
18.29658993
18.76208848
1.875912651
0
0.612139918
2.330080977
12.91615226
12.14693727
9.646094851
22.06188055
22.68067394
27.9356411
19.28857684
16.60939643
2.547291916
2.84348865
0
3.485248241
8.345507545
14.46850237
15.22296516
21.29055292
25.18383851
34.7743947
16.03856103
15.04843964
0
1.14529404
0.137203775
1.076181468
12.79372428
15.12882023
16.43054921
23.06139457
28.45526597
33.37241794
19.0355768
15.8340192
5.173569627
1.263772733
0.03279321
0
12.24279835
15.90147712
21.41437558
25.00434421
27.96832958
33.09706753
21.36565777
14.32407407
3.110065711
0.918209877
0
5.380907341
14.94641632
16.70712836
19.30226132
21.44272477
28.11678267
35.66265296
22.47145891
14.92601166
1.372378203
0.444295102
0.470036008
6.536074605
12.90594993
15.88239614
15.49285099
22.1791419
29.11100531
32.60642203
17.34725541
11.76328875
1.095927917
0.276450285
0
4.956358688
12.82433128
15.07150541
21.93884856
24.86477781
27.76769103
33.14634098
16.10322913
17.5888203
0.849097305
1.293392407
0
5.015598035
12.87534294
15.47495618
22.51205026
25.28353422
28.30592916
33.85416589
16.10322913
17.63983196
0.85897053
1.787053631
0
5.40065379
15.07904664
15.90106797
19.90045525
31.22033471
28.74063591
36.72376933
17.9495221
15.15046296
0.582520244
1.480983672
1.278935185
5.963427585
11.02872085
18.25123611
15.63619235
23.1798785
28.64268111
38.43240499
18.38097449
17.32355967
0.108605469
0
1.963069391
9.863351254
9.692215364
16.33353508
18.47556701
23.96504163
31.16849245
24.8852978
17.74218439
15.25248628
0.187591265
3.682712731
0
5.104457056
9.46776406
16.90698221
18.6586631
33.61498311
34.55389858
35.43058364
19.0340223
14.27306241
2.675643834
0
0
0.641759591
13.71193416
21.01804276
24.22097934
34.68333842
33.58515272
32.31763578
17.989015
16.0890775
0.957702774
0.177718041
0
6.190511748
12.25300069
16.2898476
16.4208077
29.94473262
32.3707914
36.34426941
17.13004447
13.74254115
0
0.19746449
3.704501916
5.430273463
13.08959191
13.10681102
24.52639133
36.90880964
34.36228975
32.65718557
19.98340635
19.00694444
3.139685384
4.73914775
0
7.533270277
14.51791838
19.95935483
23.65617291
28.00931221
39.12269321
40.89861138
17.29788929
15.79320988
0
1.382251427
3.126286008
5.143949954
16.04826818
20.28545314
23.67556406
31.12330685
36.01705632
33.42049139
19.440379
15.30349794
0.908336652
1.14529404
0
2.823742201
12.76311728
20.12133552
24.07962922
26.35346227
34.94703037
38.23142266
16.44879198
15.85442387
0
0
0
5.844948892
12.31421468
15.96636531
22.89128151
33.56298744
38.89096886
38.34252171
16.55739745
12.98756859
1.283519182
0.394928979
0
3.445755343
12.18158436
9.278357004
15.44425466
39.0737369
39.56198406
38.5032842
17.39662153
15.31370027
0.078985796
2.636150936
2.000385802
3.603726935
8.743398491
22.15043469
29.08370754
35.59054195
41.14561343
44.36531975
17.9100292
15.73199588
2.201729059
2.64602416
0
5.77583632
14.94641632
26.45603756
25.58503199
40.03965963
35.70711385
40.69262003
20.8127572
15.8952332
3.3075302
1.105801142
4.211100468
10.24840701
11.64086077
22.3027049
29.145893
41.76228169
39.16828797
42.06568649
17.9495221
14.49751372
3.366769547
0.207337714
0.601208848
9.063620072
9.069873114
14.40828438
14.42418424
17.59343721
20.88378385
24.93034594
18.26546529
15.50754458
2.75462963
2.172109385
1.694315844
6.141145626
12.01834705
13.23185401
15.33617241
20.60462382
22.58884243
25.26204818
19.13430904
14.89540466
4.749020974
2.310334528
0
5.469766361
13.64051783
14.26866952
11.23067344
19.9991222
18.88506322
29.85406764
16.40929908
15.19127229
0.148098367
0.108605469
1.329821201
6.773031993
14.6199417
11.14620296
14.19504887
23.86515457
23.75648812
25.28055898
18.19635271
15.43612826
2.043757467
1.846292978
0.08744856
3.583980486
8.661779835
14.1453405
14.51032922
20.01634973
23.88414559
26.98613083
17.47560733
18.21116255
1.915405549
0.444295102
0.754243827
0
10.39617627
14.61529852
12.39205333
21.53675494
22.51722463
25.90233753
17.44598765
17.1093107
2.725009956
0.977449223
0
3.70245918
15.14026063
14.07843779
15.24577461
14.69496673
22.38983099
23.9754441
21.7408403
17.50720165
1.392124652
1.046561795
1.720324251
9.014253949
14.13022977
14.29582296
10.07785494
16.96492724
22.49439674
23.93379201
17.09055157
15.85442387
2.112870038
1.313138856
0.448173868
6.43734236
14.905607
14.96841564
14.52753515
16.34086146
23.02554386
23.47827718
17.89028276
13.18141289
3.258164078
0
0.634002058
0.75036506
13.46707819
15.22299466
12.46665509
26.87249228
22.90197589
30.50458548
17.00169255
17.46639232
2.349827426
0.493661224
1.748971193
1.135420815
12.08976337
10.64035079
11.9908642
19.72726296
21.41391627
26.29843278
20.92136267
12.416238
0.414675428
4.571302934
0
5.943681136
14.45670439
15.53308318
15.52451089
21.50846442
26.01065893
25.03334877
16.99181933
14.73216735
4.818133546
3.820937873
0.03279321
3.119938935
12.40603567
14.73151425
12.56830376
19.73920251
23.46378559
24.42513032
17.72243794
14.844393
2.18198261
0.177718041
0
0.236957387
12.18158436
16.19195
17.17380487
19.07698875
21.90245337
27.04863512
19.56873092
14.16083676
0
0.523280897
0.808899177
4.423204567
11.37560014
13.80030491
16.38516075
19.45064674
25.51611825
23.61522719
16.96219965
10.10030864
2.547291916
4.482443913
5.984195402
9.577027745
8.212877229
13.46374162
16.20780778
22.32457894
25.82305854
25.39992498
17.78167729
17.15012003
0.217210939
0.385055755
0
5.696850524
13.23242455
16.99085026
15.1430577
15.12598815
22.13251195
24.35567773
17.40649476
17.34396433
0.454168326
0.37518253
0.338863169
4.275106199
11.69187243
15.24690528
15.18398277
21.42045043
22.29386242
24.33998157
18.85785875
17.11951303
4.660161954
2.636150936
2.426697531
4.235613301
13.14060357
10.84990542
13.2946815
21.09990542
21.92491496
24.6323191
18.93684455
15.59936557
0.28632351
2.715136732
0.327178232
7.227200319
13.94658779
13.13314085
15.37188143
18.64125722
21.80942105
23.7396172
23.76485132
18.30298354
3.761698526
2.942220895
7.356610082
9.922590601
12.42644033
16.60691084
16.55420482
19.00258446
22.467822
27.39832605
17.00169255
15.41572359
0.918209877
0.325816408
0
4.561429709
14.94641632
15.46981822
17.49856139
19.61893834
20.94828505
24.88227666
20.18087083
15.33410494
2.389320324
1.135420815
0
12.7463328
11.53883745
15.13223649
14.79491298
20.24902844
22.62033179
23.77767747
20.4474479
14.93621399
3.317403425
0.720745387
0.105541365
7.997311828
12.8651406
13.55594302
13.70680898
19.80230984
21.09641992
20.26140904
19.18367516
13.48748285
2.744756405
1.224279835
6.514917695
0
13.39566187
15.38954392
15.38175926
19.18577633
20.04540812
28.30043981
17.42624121
12.17138203
1.184786937
3.021206691
4.328703704
7.404918359
13.49768519
14.24898945
15.59438743
20.23340344
23.14145427
23.19182999
16.69562259
16.50737311
0.256703836
1.540223019
0.185828189
4.600922607
13.29363855
13.32257608
15.83490655
23.00193731
22.4036589
20.82096665
17.89028276
13.51808985
2.636150936
2.053630692
2.395788988
5.232808974
13.43647119
16.76077924
13.0298191
19.82140955
21.3308559
24.42003129
20.00315279
15.27289095
1.007068897
2.280714855
0.480967078
4.660161954
15.20147462
16.58006189
15.29884516
23.47470463
23.10392108
24.9152362
17.79155051
16.66040809
2.616404487
2.300461304
4.099151235
8.668691093
11.32458848
15.47153483
13.46724666
19.46235107
20.56149194
23.24440886
17.63357892
14.6505487
0.918209877
0
0.04372428
0.404802204
13.99759945
16.11732336
13.2126809
24.14303689
22.62695888
25.3044946
16.39942586
16.8236454
0
0.710872162
0
4.571302934
13.19161523
15.88365981
15.20928627
17.39811621
23.51763823
24.01586463
18.86773198
16.3747428
3.149558609
0.246830612
4.099151235
2.725009956
14.6505487
14.06553332
14.60775549
19.56613443
21.45165854
27.57293724
15.74779304
20.68012689
2.784249303
2.547291916
2.011316872
2.636150936
10.49819959
16.60237994
16.24294839
16.03433642
22.52776616
22.305015
19.27253418
17.8744856
1.69819461
0
0
10.27802668
12.385631
11.39339614
11.13611754
17.85324157
28.24092327
22.51573302
17.76193084
12.99777092
1.125547591
0
0
3.277910527
15.20147462
15.66439126
14.28786608
20.40446618
21.42496889
23.49476123
16.23158104
15.04843964
2.18198261
0.128351918
0
12.37115027
13.79355281
15.07399277
13.2084868
19.91387395
24.86750879
22.69269847
19.14418226
16.99708505
2.981713793
2.27084163
6.635159465
10.31751958
14.07921811
15.35259815
13.45040166
17.29197614
24.96829202
25.00745027
16.47841166
14.77297668
3.692585955
0.276450285
0.349794239
7.286439665
14.57913237
14.43124751
10.39230967
15.95728461
22.46218679
28.25570645
17.56446635
16.57878944
0.997195672