0.067951016
0
0
0
7.533344741
8.652558299
15.70020659
16.85706392
16.19508445
0
0
0
0
0
0
0
7.650371117
8.783759431
15.78847081
16.93114919
16.32915278
0
0
0
0
0
0
0
9.242376543
10.06392112
13.64350823
19.86188139
17.26710665
0
0
0
0.019862605
0
0
0
6.854785361
10.58794822
17.68792214
15.52701903
17.40504895
0
0
0
0
0
0
0
9.288725889
10.4859718
13.48175576
16.58285076
14.8488582
0
0
0
0.007840502
0
0
0
9.57611828
12.85781067
15.75330569
16.75820699
16.79761488
0
0
0
0.013851553
0
0
0
9.581975093
10.02380238
14.83947302
16.557416
16.81856308
0
0
0
0.013851553
0
0
0
10.87861233
10.30316047
12.96657965
20.00212171
16.24428487
0
0
0
0.04207736
0
0
0
8.401564363
12.13847835
15.19919371
16.7114753
18.10511661
0
0
0
0.051747312
0
0
0
10.19638969
10.48771511
15.16145195
18.24699538
17.18819977
0
0
0
0.007579152
0
0
0
10.70314055
12.08056943
18.84789047
18.52404355
16.44764508
0
0
0
0.051747312
0
0
0
10.77290429
14.67166965
17.80590632
18.94773489
15.20176494
0
0
0
0.026657706
0
0
0
10.44995521
12.71913618
15.49071885
18.53862246
17.68565603
0
0
0
0.010454002
0
0
0
11.15495889
11.34918236
16.74103229
19.4051596
15.64730776
0
0
0
0.009147252
0
0
0
11.04533059
13.45099079
17.37938273
19.45583508
16.0474287
0
0
0
0.014112903
0
0
0
11.20856097
13.6109054
16.45588091
19.6863738
18.70116271
0
0
0
0.010454002
0
0
0
11.29446264
15.07497028
21.52101937
21.30381816
18.29196146
0
0
0
0.021430705
0
0
0
11.33194846
14.47393242
18.79988826
20.37893026
19.31137403
0
0
0
0.045997611
0
0
0
7.007754941
11.99167025
20.0515228
20.12627219
16.49096038
0
0
0
0.0005227
0
0
0
11.42233784
13.94549068
19.12041763
21.86561816
22.41593807
0
0
0
0.029793907
0
0
0
12.46397672
14.93770796
19.91869697
24.78990306
20.03242418
0
0
0
0.04207736
0
0
0
11.99034265
19.77439036
22.41933851
23.8605817
18.88495648
0
0
0
0.053054062
0
0
0
14.06887919
16.60275767
19.94268672
23.97966783
18.75110446
0
0
0
0.027703106
0
0
0
10.3498631
14.8622388
19.11535352
25.06189514
17.49874468
0
0
0
0.016465054
0
0
0
13.64084599
17.66814337
21.03749519
23.9291031
18.36101174
0
0
0
0
0
0
0
13.92297511
17.97284356
21.26766382
24.12038349
18.54480676
0
0
0
0
0
0
0
13.67240557
18.07244735
26.56846004
24.82167006
20.07802103
0
0
0
0.049133811
0
0
0
12.23890308
17.05856413
19.63917005
23.82097772
23.09919626
0
0
0
0.050963262
0
0
0
16.51581767
18.14882565
21.88735892
26.12218396
18.4252037
0
0
0
0
0
0
0
15.88092239
17.17951865
28.58114868
27.85928858
19.39397492
0
0
0
0.012283453
0
0
0
16.1178181
17.67329313
28.64607846
28.08301058
13.11557144
0
0
0
0
0
0
0
15.64818764
16.92018853
26.49416201
26.9392452
15.87931856
0
0
0
0.024305556
0
0
0
12.91171683
18.34539766
30.38463797
27.60113379
16.79848666
0
0
0
0
0
0
0
17.56491021
20.66923924
22.4639668
31.47345135
17.70590745
0
0
0
0.017510454
0
0
0
16.03938478
18.92729029
25.3201891
28.47909083
13.41104793
0
0
0
0.036066308
0
0
0
14.58292516
17.71935329
22.54613053
27.77351074
17.0378397
0
0
0
0.002874851
0
0
0
15.55152051
19.08301163
28.21205323
30.47998331
17.69234681
0
0
0
0.016203704
0
0
0
15.52607728
20.81756639
31.45608504
30.21904798
16.38274648
0
0
0
0.039725209
0
0
0
18.0803215
22.61487294
27.86106038
31.61502544
18.76216413
0
0
0
0.060894564
0
0
0
17.38560921
19.94076692
31.3552776
27.8628605
19.22953746
0
0
0
0.022737455
0
0
0
18.88784055
22.37563705
33.42910692
30.18893344
14.39989294
0
0
0
0.029532557
0
0
0
2.557118263
3.20953918
4.055667978
5.027111543
2.768396348
0
0
0
0.04312276
0
0
0
2.923043193
3.493131001
4.861574074
5.210074008
2.448792867
0
0
0
0.083632019
0
0
0
2.827205712
3.479626629
4.909492815
4.643761616
4.006297154
0
0
0
0
0
0
0
2.609393253
3.358087277
5.680548918
5.345117732
2.349760802
0
0
0
0.019601254
0
0
0
3.088580662
3.223043553
4.939986559
5.715398911
3.398600394
0
0
0
0.060894564
0
0
0
2.513555771
3.295066872
4.9879053
5.131661523
2.76389489
0
0
0
0.039725209
0
0
0
2.997099429
3.286063957
4.722174101
5.14473027
2.511813272
0
0
0
0.037111708
0
0
0
2.670380741
3.155521691
5.131661523
5.083742782
2.885434242
0
0
0
0.00130675
0
0
0
3.184418144
3.457119342
4.382386665
5.192649011
2.286740398
0
0
0
0.023260155
0
0
0
3.058086918
3.187031893
6.739117466
5.201361509
3.484128086
0
0
0
0
0
0
0
2.713943233
3.259055213
4.578417878
4.861574074
2.984466307
0
0
0
0.04233871
0
0
0
2.709586984
3.6731893
5.327692735
5.937567619
2.187708333
0
0
0
0.060371864
0
0
0
3.153924399
3.538145576
4.635049117
5.253636499
2.637854081
0
0
0
0
0
0
0
3.223624386
4.010798611
4.4651554
5.41046147
3.087999829
0
0
0
0
0
0
0
2.984030682
3.578658693
4.691680356
5.920142622
1.989644204
0
0
0
0.002613501
0
0
0
3.036305672
3.830740312
5.501942702
6.015980104
2.610845336
0
0
0
0.027180406
0
0
0
3.232336884
3.520139746
3.707168044
5.04018029
2.327253515
0
0
0
0.04233871
0
0
0
2.687805738
3.493131001
5.384323975
5.114236526
2.268734568
0
0
0
0.032146057
0
0
0
2.744436977
3.569655778
4.892067818
4.922561562
2.439789952
0
0
0
0.041293309
0
0
0
3.001455678
3.655183471
4.364961669
5.053249038
1.985142747
0
0
0
0.035282258
0
0
0
3.079868163
3.434612054
4.539211635
5.323336486
2.115685014
0
0
0
0.017249104
0
0
0
2.875124452
3.866751972
4.491292895
5.240567752
2.205714163
0
0
0
0.059326464
0
0
0
3.001455678
3.785725737
4.757024094
5.231855254
2.219218536
0
0
0
0.027964456
0
0
0
2.748793226
3.033982339
5.153442768
5.027111543
1.791580075
0
0
0
0.038157109
0
0
0
2.844630708
3.533644119
4.770092841
4.974836553
3.002472136
0
0
0
0.047043011
0
0
0
3.066799416
3.313072702
4.669899111
5.610848931
2.115685014
0
0
0
0.014635603
0
0
0
2.530980768
3.664186385
5.384323975
5.305911489
1.791580075
0
0
0
0.036589008
0
0
0
2.713943233
3.331078532
4.900780317
5.066317785
2.349760802
0
0
0
0.005749701
0
0
0
2.988386931
3.605667438
5.676192669
5.423530217
2.070670439
0
0
0
0.031884707
0
0
0
3.110361908
3.443614969
4.730886599
4.604555373
2.345259345
0
0
0
0.031362007
0
0
0
2.997099429
3.587661608
5.972417613
5.070674034
2.363265175
0
0
0
0
0
0
0
3.119074406
3.569655778
3.916268004
5.388680224
2.142693759
0
0
0
0
0
0
0
2.761861974
3.529142661
4.430305406
4.974836553
3.178028978
0
0
0
0
0
0
0
2.818493213
3.664186385
4.88335532
5.227499004
1.656536351
0
0
0
0.029793907
0
0
0
2.866411954
3.137515861
4.338824174
6.534373755
1.814087363
0
0
0
0
0
0
0
3.153924399
3.398600394
4.887711569
4.93563031
2.111183556
0
0
0
0.048088411
0
0
0
2.870768203
3.821737397
5.284130244
5.815592642
2.178705418
0
0
0
0
0
0
0
2.761861974
3.26355667
4.073092974
5.580355187
1.989644204
0
0
0
0.007840502
0
0
0
2.600680755
3.37159165
4.081805473
5.170867765
2.822413837
0
0
0