1.026500000000000051e-01
1.026500000000000051e-01
2.053000000000000103e-01
1.539749999999999952e+00
2.258300000000000196e+00
2.463600000000000012e+00
3.284800000000000164e+00
4.105999999999999872e+00
4.311300000000000132e+00
2.771550000000000402e+00
3.079500000000000015e-01
0.000000000000000000e+00
1.053394300000000117e-01
1.053394300000000117e-01
2.106788600000000233e-01
1.580091449999999842e+00
2.317467460000000035e+00
2.528146319999999836e+00
3.370861760000000373e+00
4.213577199999999578e+00
4.424256060000000268e+00
2.844164610000000426e+00
3.160182899999999795e-01
0.000000000000000000e+00
1.080677212370000084e-01
1.080677212370000084e-01
2.161354424740000169e-01
1.621015818554999877e+00
2.377489867213999908e+00
2.593625309687999980e+00
3.458167079584000270e+00
4.322708849479999671e+00
4.538844291954000632e+00
2.917828473399000533e+00
3.242031637109999975e-01
0.000000000000000000e+00
1.108342549006672145e-01
1.108342549006672145e-01
2.216685098013344291e-01
1.662513823510007871e+00
2.438353607814678359e+00
2.660022117616012594e+00
3.546696156821350865e+00
4.433370196026687360e+00
4.655038705828022927e+00
2.992524882318015056e+00
3.325027647020015742e-01
0.000000000000000000e+00
1.136383615496540933e-01
1.136383615496540933e-01
2.272767230993081866e-01
1.704575423244811150e+00
2.500043954092389775e+00
2.727320677191697573e+00
3.636427569588930986e+00
4.545534461986162178e+00
4.772811185085472196e+00
3.068235761840660825e+00
3.409150846489621967e-01
0.000000000000000000e+00
1.164793205883954408e-01
1.164793205883954408e-01
2.329586411767908816e-01
1.747189808825931445e+00
2.562545052944699364e+00
2.795503694121490135e+00
3.727338258828654105e+00
4.659172823535816299e+00
4.892131464712608846e+00
3.144941655886677179e+00
3.494379617651862668e-01
0.000000000000000000e+00
1.193563598069288106e-01
1.193563598069288106e-01
2.387127196138576213e-01
1.790345397103932035e+00
2.625839915752433473e+00
2.864552635366290900e+00
3.819403513821721941e+00
4.774254392277151204e+00
5.012967111891009964e+00
3.222621714787078151e+00
3.580690794207863625e-01
0.000000000000000000e+00
1.222567193502371863e-01
1.222567193502371863e-01
2.445134387004743726e-01
1.833850790253557683e+00
2.689647825705217432e+00
2.934161264405691583e+00
3.912215019207589961e+00
4.890268774009485675e+00
5.134782212709961158e+00
3.300931422456404363e+00
3.667701580507114478e-01
0.000000000000000000e+00
1.251908806146428688e-01
1.251908806146428688e-01
2.503817612292857375e-01
1.877863209219643004e+00
2.754199373522142835e+00
3.004581134751428184e+00
4.006108179668571800e+00
5.007635224585713196e+00
5.258016985814999877e+00
3.380153776595358206e+00
3.755726418439285230e-01
0.000000000000000000e+00
1.281579044852099170e-01
1.281579044852099170e-01
2.563158089704198339e-01
1.922368567278148532e+00
2.819473898674617729e+00
3.075789707645037119e+00
4.101052943526717343e+00
5.126316179408394902e+00
5.382631988378815180e+00
3.460263421100667980e+00
3.844737134556296398e-01
0.000000000000000000e+00
1.311567994501638412e-01
1.311567994501638412e-01
2.623135989003276825e-01
1.967351991752457119e+00
2.885449587903603952e+00
3.147763186803930857e+00
4.197017582405242919e+00
5.246271978006551429e+00
5.508585576906879666e+00
3.541233585154423658e+00
3.934703983504913571e-01
0.000000000000000000e+00
1.341734058375176064e-01
1.341734058375176064e-01
2.683468116750352128e-01
2.012601087562763791e+00
2.951814928425386952e+00
3.220161740100421444e+00
4.293548986800563405e+00
5.366936233500702258e+00
5.635283045175738081e+00
3.622681957612975179e+00
4.025202175125526804e-01
0.000000000000000000e+00
1.372191421500292552e-01
1.372191421500292552e-01
2.744382843000585104e-01
2.058287132250438578e+00
3.018821127300643337e+00
3.293259411600701014e+00
4.391012548800936166e+00
5.488765686001167765e+00
5.763203970301227663e+00
3.704916838050789529e+00
4.116574264500876268e-01
0.000000000000000000e+00
1.402791290199749130e-01
1.402791290199749130e-01
2.805582580399498260e-01
2.104186935299623418e+00
3.086140838439447531e+00
3.366699096479396580e+00
4.488932128639197217e+00
5.611165160798993412e+00
5.891723418838944681e+00
3.787536483539322152e+00
4.208373870599245725e-01
0.000000000000000000e+00
1.433652698584143570e-01
1.433652698584143570e-01
2.867305397168287140e-01
2.150479047876215244e+00
3.154035936885115188e+00
3.440766476601943236e+00
4.587688635469259424e+00
5.734610794336571615e+00
6.021341334053401440e+00
3.870862286177187084e+00
4.300958095752429045e-01
0.000000000000000000e+00
1.464619596873561191e-01
1.464619596873561191e-01
2.929239193747122383e-01
2.196929395310341704e+00
3.222163113121833788e+00
3.515087032496545305e+00
4.686782709995395813e+00
5.858478387494241879e+00
6.151402306868955172e+00
3.954472911558614356e+00
4.393858790620681631e-01
0.000000000000000000e+00
1.495815994286968098e-01
1.495815994286968098e-01
2.991631988573936196e-01
2.243723991430452092e+00
3.290795187431328817e+00
3.589958386288721659e+00
4.786611181718297914e+00
5.983263977147869284e+00
6.282427176005263902e+00
4.038703184574813143e+00
4.487447982860902074e-01
0.000000000000000000e+00
1.527228130166994324e-01
1.527228130166994324e-01
3.054456260333988649e-01
2.290842195250491375e+00
3.359901886367386847e+00
3.665347512400784602e+00
4.887130016534381838e+00
6.108912520667974633e+00
6.414358146701374608e+00
4.123515951450884565e+00
4.581684390500980752e-01
0.000000000000000000e+00
1.558689029648434310e-01
1.558689029648434310e-01
3.117378059296868620e-01
2.338033544472651659e+00
3.429115865226555204e+00
3.740853671156240789e+00
4.987804894874989792e+00
6.234756118593734797e+00
6.546493924523423047e+00
4.208460380050772720e+00
4.676067088945300987e-01
0.000000000000000000e+00
1.590330416950297421e-01
1.590330416950297421e-01
3.180660833900594842e-01
2.385495625425446686e+00
3.498726917290654104e+00
3.816793000680712478e+00
5.089057334240951747e+00
6.361321667801187907e+00
6.679387751191248945e+00
4.293892125765803591e+00
4.770991250850890597e-01
0.000000000000000000e+00
1.621977992247608247e-01
1.621977992247608247e-01
3.243955984495216494e-01
2.432966988371413120e+00
3.568351582944738087e+00
3.892747181394258682e+00
5.190329575192346390e+00
6.487911968990431433e+00
6.812307567439955136e+00
4.379340579068543349e+00
4.865933976742823353e-01
0.000000000000000000e+00
1.653768760895661383e-01
1.653768760895661383e-01
3.307537521791322765e-01
2.480653141343492685e+00
3.638291273970454931e+00
3.969045026149585986e+00
5.292060034866116425e+00
6.615075043582644199e+00
6.945828795761777918e+00
4.465175654418287010e+00
4.961306282686982483e-01
0.000000000000000000e+00
1.685521121104858189e-01
1.685521121104858189e-01
3.371042242209716377e-01
2.528281681657287727e+00
3.708146466430687571e+00
4.045250690651657877e+00
5.393667587535546204e+00
6.742084484419430979e+00
7.079188708640404393e+00
4.550907026983118442e+00
5.056563363314572346e-01
0.000000000000000000e+00
1.717377470293739994e-01
1.717377470293739994e-01
3.434754940587479988e-01
2.576066205440610268e+00
3.778230434646227653e+00
4.121705928704974653e+00
5.495607904939967980e+00
6.869509881174958643e+00
7.212985375233707863e+00
4.636919169793099371e+00
5.152132410881218316e-01
0.000000000000000000e+00
1.749320691241203485e-01
1.749320691241203485e-01
3.498641382482406970e-01
2.623981036861805727e+00
3.848505520730647333e+00
4.198369658978887031e+00
5.597826211971851151e+00
6.997282764964812607e+00
7.347146903213054969e+00
4.723165866351251019e+00
5.247962073723608789e-01
0.000000000000000000e+00
1.781158327821793508e-01
1.781158327821793508e-01
3.562316655643587016e-01
2.671737491732690373e+00
3.918548321207945051e+00
4.274779986772302642e+00
5.699706649029739225e+00
7.124633311287172255e+00
7.480864976851532511e+00
4.809127485118843914e+00
5.343474983465378303e-01
0.000000000000000000e+00
1.813041061889803518e-01
1.813041061889803518e-01
3.626082123779607036e-01
2.719561592834705444e+00
3.988690336157567184e+00
4.351298548535527111e+00
5.801731398047371258e+00
7.252164247559212740e+00
7.614772459937174887e+00
4.895210867102471219e+00
5.439123185669408889e-01
0.000000000000000000e+00
1.844769280472875195e-01
1.844769280472875195e-01
3.689538560945750389e-01
2.767153920709312764e+00
4.058492417040324263e+00
4.427446273134898469e+00
5.903261697513200623e+00
7.379077121891499225e+00
7.748030977986075207e+00
4.980877057276764219e+00
5.534307841418623086e-01
0.000000000000000000e+00
1.876499312097008598e-01
1.876499312097008598e-01
3.752998624194017196e-01
2.814748968145512897e+00
4.128298486613418028e+00
4.503598349032818859e+00
6.004797798710427514e+00
7.505997248388032617e+00
7.881297110807436113e+00
5.066548142661924992e+00
5.629497936291023574e-01
0.000000000000000000e+00
1.908212150471448043e-01
1.908212150471448043e-01
3.816424300942896086e-01
2.862318225707172203e+00
4.198066731037184418e+00
4.579709161131473749e+00
6.106278881508633738e+00
7.632848601885790174e+00
8.014491031980082170e+00
5.152172806272911743e+00
5.724636451414342186e-01
0.000000000000000000e+00
1.939888472169274125e-01
1.939888472169274125e-01
3.879776944338548250e-01
2.909832708253911271e+00
4.267754638772401243e+00
4.655732333206255902e+00
6.207643110941677200e+00
7.759553888677094058e+00
8.147531583110952269e+00
5.237698874857041886e+00
5.819665416507819877e-01
0.000000000000000000e+00
1.971314665418416323e-01
1.971314665418416323e-01
3.942629330836832646e-01
2.956971998127624790e+00
4.336892263920514523e+00
4.731155197004197177e+00
6.308206929338932234e+00
7.885258661673662850e+00
8.279521594757349945e+00
5.322549596629725599e+00
5.913943996255246471e-01
0.000000000000000000e+00
2.002658568598569278e-01
2.002658568598569278e-01
4.005317137197138555e-01
3.003987852897854083e+00
4.405848850916850523e+00
4.806380564636564046e+00
6.408507419515421688e+00
8.010634274394274001e+00
8.411165988113991077e+00
5.407178135216137882e+00
6.007975705795705057e-01
0.000000000000000000e+00
2.033900042268707020e-01
2.033900042268707020e-01
4.067800084537414040e-01
3.050850063403060641e+00
4.474580092991153002e+00
4.881360101444894184e+00
6.508480135259862465e+00
8.135600169074825416e+00
8.542380177528569263e+00
5.491530114125509954e+00
6.101700126806117730e-01
0.000000000000000000e+00
2.065018712915418220e-01
2.065018712915418220e-01
4.130037425830836439e-01
3.097528069373127302e+00
4.543041168413918030e+00
4.956044910997000841e+00
6.608059881329338303e+00
8.260074851661670436e+00
8.673078594244756800e+00
5.575550524871630387e+00
6.195056138746251051e-01
0.000000000000000000e+00
2.095993993609149564e-01
2.095993993609149564e-01
4.191987987218299128e-01
3.143990990413724429e+00
4.611186785940127209e+00
5.030385584661956067e+00
6.707180779549278604e+00
8.383975974436594925e+00
8.803174773158428223e+00
5.659183782744705127e+00
6.287981980827445083e-01
0.000000000000000000e+00
2.126805105315204003e-01
2.126805105315204003e-01
4.253610210630408006e-01
3.190207657972806032e+00
4.678971231693447308e+00
5.104332252756487165e+00
6.805776337008652810e+00
8.507220421260813126e+00
8.932581442323856535e+00
5.742373784351052279e+00
6.380415315945608956e-01
0.000000000000000000e+00
2.157431098831742999e-01
2.157431098831742999e-01
4.314862197663485999e-01
3.236146648247614444e+00
4.746348417429833155e+00
5.177834637196180978e+00
6.903779516261577598e+00
8.629724395326968889e+00
9.061210615093319376e+00
5.825063966845707597e+00
6.472293296495226222e-01
0.000000000000000000e+00
2.187850877325270560e-01
2.187850877325270560e-01
4.375701754650541120e-01
3.281776315987905868e+00
4.813271930115593733e+00
5.250842105580646901e+00
7.001122807440865792e+00
8.751403509301079353e+00
9.188973684766134298e+00
5.907197368778231983e+00
6.563552631975808627e-01
0.000000000000000000e+00
2.218043219432359325e-01
2.218043219432359325e-01
4.436086438864718651e-01
3.327064829148539182e+00
4.879695082751188906e+00
5.323303726637659494e+00
7.097738302183549841e+00
8.872172877729434859e+00
9.315781521615907224e+00
5.988716692467371594e+00
6.654129658297074368e-01
0.000000000000000000e+00
2.247986802894696157e-01
2.247986802894696157e-01
4.495973605789392313e-01
3.371980204342044374e+00
4.945570966368330268e+00
5.395168326947268334e+00
7.193557769263027701e+00
8.991947211578782628e+00
9.441544572157722470e+00
6.069564367815680761e+00
6.743960408684085417e-01
0.000000000000000000e+00
2.277660228692906241e-01
2.277660228692906241e-01
4.555320457385812483e-01
3.416490343039359168e+00
5.010852503124391788e+00
5.466384548862972537e+00
7.288512731817299972e+00
9.110640914771622079e+00
9.566172960510204604e+00
6.149682617470848101e+00
6.832980686078715671e-01
0.000000000000000000e+00
2.307042045643044603e-01
2.307042045643044603e-01
4.614084091286089206e-01
3.460563068464566960e+00
5.075492500414696018e+00
5.536900909543304827e+00
7.382534546057742730e+00
9.228168182572176192e+00
9.689576591700786778e+00
6.229013523236222483e+00
6.921126136929131034e-01
0.000000000000000000e+00
2.336110775418147045e-01
2.336110775418147045e-01
4.672221550836294091e-01
3.504166163127220290e+00
5.139443705919921612e+00
5.606665861003550688e+00
7.475554481338070545e+00
9.344443101672585072e+00
9.811665256756215925e+00
6.307499093628998743e+00
7.008332326254438360e-01
0.000000000000000000e+00
2.364844937955790372e-01
2.364844937955790372e-01
4.729689875911580743e-01
3.547267406933685141e+00
5.202658863502736430e+00
5.675627851093894449e+00
7.567503801458529189e+00
9.459379751823158600e+00
9.932348739414317507e+00
6.385081332480635474e+00
7.094534813867368062e-01
0.000000000000000000e+00
2.393459561705055527e-01
2.393459561705055527e-01
4.786919123410111054e-01
3.590189342557582819e+00
5.265611035751119218e+00
5.744302948092130379e+00
7.659070597456177687e+00
9.573838246820219666e+00
1.005253015916123083e+01
6.462340816603651561e+00
7.180378685115162973e-01
0.000000000000000000e+00
2.421702384533175045e-01
2.421702384533175045e-01
4.843404769066350091e-01
3.632553576799762318e+00
5.327745245972982602e+00
5.812085722879617222e+00
7.749447630506160145e+00
9.686809538132697739e+00
1.017115001503933414e+01
6.538596438239574482e+00
7.265107153599521528e-01
0.000000000000000000e+00
2.449551961955306612e-01
2.449551961955306612e-01
4.899103923910613223e-01
3.674327942932959612e+00
5.389014316301671492e+00
5.878924708692732537e+00
7.838566278256981157e+00
9.798207847821224448e+00
1.028811824021228638e+01
6.613790297279329877e+00
7.348655885865915671e-01
0.000000000000000000e+00
2.477231899125401648e-01
2.477231899125401648e-01
4.954463798250803297e-01
3.715847848688102140e+00
5.449910178075880296e+00
5.945356557900960404e+00
7.927142077201285275e+00
9.908927596501603929e+00
1.040437397632668493e+01
6.688526127638586338e+00
7.431695697376200505e-01
0.000000000000000000e+00
2.504481450015780819e-01
2.504481450015780819e-01
5.008962900031561638e-01
3.756722175023671451e+00
5.509859190034714693e+00
6.010755480037871301e+00
8.014340640050498621e+00
1.001792580006312150e+01
1.051882209006627811e+01
6.762099915042610654e+00
7.513444350047339126e-01
0.000000000000000000e+00
2.531279401530949769e-01
2.531279401530949769e-01
5.062558803061899537e-01
3.796919102296424597e+00
5.568814683368086271e+00
6.075070563674276336e+00
8.100094084899039260e+00
1.012511760612379774e+01
1.063137348642998781e+01
6.834454384133566762e+00
7.593838204592845420e-01
0.000000000000000000e+00
2.557857835247024925e-01
2.557857835247024925e-01
5.115715670494049849e-01
3.836786752870537054e+00
5.627287237543451504e+00
6.138858804592856266e+00
8.185145072790479759e+00
1.023143134098809703e+01
1.074300290803750357e+01
6.906216155166969628e+00
7.673573505741070333e-01
0.000000000000000000e+00
2.583947985166544781e-01
2.583947985166544781e-01
5.167895970333089561e-01
3.875921977749816616e+00
5.684685567366394743e+00
6.201475164399703033e+00
8.268633552532943298e+00
1.033579194066617646e+01
1.085258153769948564e+01
6.976659559949673017e+00
7.751843955499628791e-01
0.000000000000000000e+00
2.609787465018210129e-01
2.609787465018210129e-01
5.219574930036420257e-01
3.914681197527314804e+00
5.741532423040058397e+00
6.263489916043700312e+00
8.351319888058272412e+00
1.043914986007283829e+01
1.096110735307648021e+01
7.046426155549169401e+00
7.829362395054625390e-01
0.000000000000000000e+00
2.635363382175388569e-01
2.635363382175388569e-01
5.270726764350777138e-01
3.953045073263082632e+00
5.797799440785850855e+00
6.324872117220929013e+00
8.433162822961243421e+00
1.054145352870155250e+01
1.106852620513662977e+01
7.115481131873551135e+00
7.906090146526161266e-01
0.000000000000000000e+00
2.660399334306055019e-01
2.660399334306055019e-01
5.320798668612110038e-01
3.990599001459081752e+00
5.852878535473316823e+00
6.384958402334527605e+00
8.513277869779376061e+00
1.064159733722421741e+01
1.117367720408542731e+01
7.183078202626349551e+00
7.981198002918159506e-01
0.000000000000000000e+00
2.685141048115101126e-01
2.685141048115101126e-01
5.370282096230202251e-01
4.027711572172651522e+00
5.907310305853219035e+00
6.444338515476238705e+00
8.592451353968323602e+00
1.074056419246040228e+01
1.127759240208342106e+01
7.249880829910774871e+00
8.055423144345298381e-01
0.000000000000000000e+00
2.709575831652948352e-01
2.709575831652948352e-01
5.419151663305896705e-01
4.064363747479422528e+00
5.961066829636483710e+00
6.502981995967072493e+00
8.670642661289434727e+00
1.083830332661179163e+01
1.138021849294237953e+01
7.315854745462963216e+00
8.128727494958840616e-01
0.000000000000000000e+00
2.733420098971494072e-01
2.733420098971494072e-01
5.466840197942988144e-01
4.100130148457241219e+00
6.013524217737284516e+00
6.560208237531583109e+00
8.746944316708781031e+00
1.093368039588597540e+01
1.148036441568027222e+01
7.380234267223037214e+00
8.200260296914478886e-01
0.000000000000000000e+00
2.756927511822648835e-01
2.756927511822648835e-01
5.513855023645297670e-01
4.135391267733973919e+00
6.065240526009825217e+00
6.616626028374354540e+00
8.822168037832476273e+00
1.102771004729059534e+01
1.157909554965512200e+01
7.443704281921155186e+00
8.270782535467943175e-01
0.000000000000000000e+00
2.780085702921958890e-01
2.780085702921958890e-01
5.560171405843917780e-01
4.170128554382939612e+00
6.116188546428308115e+00
6.672205687012699116e+00
8.896274249350268448e+00
1.112034281168783600e+01
1.167635995227222523e+01
7.506231397889292722e+00
8.340257108765873895e-01
0.000000000000000000e+00
2.802882405685919176e-01
2.802882405685919176e-01
5.605764811371838352e-01
4.204323608528879319e+00
6.166341292509020633e+00
6.726917773646203358e+00
8.969223698194941363e+00
1.121152962274367582e+01
1.177210610388085676e+01
7.567782495351984551e+00
8.408647217057754197e-01
0.000000000000000000e+00
2.825305464931406330e-01
2.825305464931406330e-01
5.650610929862812659e-01
4.237958197397110105e+00
6.215672022849092926e+00
6.780733115835372971e+00
9.040977487780500255e+00
1.130122185972562576e+01
1.186628295271190403e+01
7.628324755314800143e+00
8.475916394794216213e-01
0.000000000000000000e+00
2.847342847557871037e-01
2.847342847557871037e-01
5.694685695115742075e-01
4.271014271336807333e+00
6.264154264627316060e+00
6.833622834138888713e+00
9.111497112185187319e+00
1.138937139023148504e+01
1.195883995974305769e+01
7.687825688406255686e+00
8.542028542673610891e-01
0.000000000000000000e+00
2.868982653199310673e-01
2.868982653199310673e-01
5.737965306398621346e-01
4.303473979798966731e+00
6.311761837038483591e+00
6.885558367678344283e+00
9.180744490237794153e+00
1.147593061279724402e+01
1.204972714343710471e+01
7.746253163638143313e+00
8.606947959597930353e-01
0.000000000000000000e+00
2.890213124832985425e-01
2.890213124832985425e-01
5.780426249665970850e-01
4.335319687249478804e+00
6.358468874632568379e+00
6.936511499599164132e+00
9.248681999465553361e+00
1.156085249933194348e+01
1.213889512429853923e+01
7.803575437049065755e+00
8.670639374498955165e-01
0.000000000000000000e+00
2.911022659331782836e-01
2.911022659331782836e-01
5.822045318663565672e-01
4.366533988997675308e+00
6.404249850529923016e+00
6.986454382396278362e+00
9.315272509861705075e+00
1.164409063732713356e+01
1.222629516919348802e+01
7.859761180195818930e+00
8.733067977995347952e-01
0.000000000000000000e+00
2.931399817947105135e-01
2.931399817947105135e-01
5.862799635894210271e-01
4.397099726920658647e+00
6.449079599483632741e+00
7.035359563073051881e+00
9.380479417430736433e+00
1.172559927178842365e+01
1.231187923537784279e+01
7.914779508457189472e+00
8.794199453841314851e-01
0.000000000000000000e+00
2.951333336709145438e-01
2.951333336709145438e-01
5.902666673418290877e-01
4.427000005063718824e+00
6.492933340760121297e+00
7.083200008101949052e+00
9.444266677469265403e+00
1.180533334683658531e+01
1.239560001417841129e+01
7.968600009114698679e+00
8.854000010127436315e-01
0.000000000000000000e+00
2.971107270065096451e-01
2.971107270065096451e-01
5.942214540130192901e-01
4.456660905097646008e+00
6.536435994143213968e+00
7.130657448156232370e+00
9.507543264208308642e+00
1.188442908026039113e+01
1.247865053427340598e+01
8.021989629175767078e+00
8.913321810195290462e-01
0.000000000000000000e+00
2.990419467320519775e-01
2.990419467320519775e-01
5.980838934641039550e-01
4.485629200980780773e+00
6.578922828105144838e+00
7.177006721569247460e+00
9.569342295425663281e+00
1.196167786928208443e+01
1.255976176274618261e+01
8.074132561765409832e+00
8.971258401961559326e-01
0.000000000000000000e+00
3.009259109964639300e-01
3.009259109964639300e-01
6.018518219929278601e-01
4.513888664946959395e+00
6.620370041922207349e+00
7.222221863915133433e+00
9.629629151886845762e+00
1.203703643985856075e+01
1.263888826185148417e+01
8.124999596904531884e+00
9.027777329893916791e-01
0.000000000000000000e+00
3.027615590535423507e-01
3.027615590535423507e-01
6.055231181070847013e-01
4.541423385803136092e+00
6.660754299177932936e+00
7.266277417285015972e+00
9.688369889713355221e+00
1.211046236214169802e+01
1.271598548024877751e+01
8.174562094445649407e+00
9.082846771606269964e-01
0.000000000000000000e+00
3.045781284078635798e-01
3.045781284078635798e-01
6.091562568157271595e-01
4.568671926117954918e+00
6.700718824973000309e+00
7.309875081788725915e+00
9.746500109051634553e+00
1.218312513631454763e+01
1.279228139313027057e+01
8.223609467012323648e+00
9.137343852235907393e-01
0.000000000000000000e+00
3.063446815526291722e-01
3.063446815526291722e-01
6.126893631052583444e-01
4.595170223289438916e+00
6.739582994157843565e+00
7.352272357263100133e+00
9.803029809684133511e+00
1.225378726210517222e+01
1.286647662521042612e+01
8.271306401920995199e+00
9.190340446578875166e-01
0.000000000000000000e+00
3.080602117693239106e-01
3.080602117693239106e-01
6.161204235386478212e-01
4.620903176539859381e+00
6.777324658925127920e+00
7.393445082463773410e+00
9.857926776618365139e+00
1.232240847077296131e+01
1.293852889431160413e+01
8.317625717771752747e+00
9.241806353079716763e-01
0.000000000000000000e+00
3.097545429340551881e-01
3.097545429340551881e-01
6.195090858681103763e-01
4.646318144010828988e+00
6.814599944549216026e+00
7.434109030417324071e+00
9.912145373889766020e+00
1.239018171736221241e+01
1.300969080323031868e+01
8.363372659219496796e+00
9.292636288021655089e-01
0.000000000000000000e+00
3.113962420116057062e-01
3.113962420116057062e-01
6.227924840232114123e-01
4.670943630174086536e+00
6.850717324255326979e+00
7.473509808278535616e+00
9.964679744371382597e+00
1.245584968046423135e+01
1.307864216448743910e+01
8.407698534313359673e+00
9.341887260348169519e-01
0.000000000000000000e+00
3.130155024700660427e-01
3.130155024700660427e-01
6.260310049401320853e-01
4.695232537050991972e+00
6.886341054341454715e+00
7.512372059281584136e+00
1.001649607904211337e+01
1.252062009880264526e+01
1.314665110374277290e+01
8.451418566691788925e+00
9.390465074101980170e-01
0.000000000000000000e+00
3.145805799824163973e-01
3.145805799824163973e-01
6.291611599648327946e-01
4.718708699736247070e+00
6.920772759613162073e+00
7.549933919577991759e+00
1.006657855943732471e+01
1.258322319929665767e+01
1.321238435926148647e+01
8.493675659525248278e+00
9.437417399472489699e-01
0.000000000000000000e+00