1.055406213
0.089781113
0.328031661
1.532716049
8.594467676
11.09278121
20.86608506
21.97439599
26.19069359
5.348632683
1.549091221
0.186993894
0.800270477
0.092987581
0.331201049
1.542541152
8.168554195
11.14539609
20.81506372
21.92178996
26.06876715
5.331097338
1.552366255
0.19333267
0.099835723
0.70003858
1.94283486
0.838408779
10.42061596
12.78732425
17.78719468
25.45951563
25.83307184
4.366964523
0.63699417
0.49759392
0.73846741
0
0.294753086
0.415929355
4.525881953
12.34546896
23.05403309
19.40007716
27.37097908
4.624751095
1.408264746
0
0.752729656
0.274425287
1.48485829
1.372239369
9.446398347
11.30587277
17.78288447
20.68018635
24.68304184
3.785410859
1.706292867
0.04754082
0.702019448
0
0.206010222
2.063271605
9.79926656
16.52532579
20.23201248
20.92741521
26.39097651
3.133624552
1.336213992
0.180655117
0.282075534
0.063161376
0.717866388
0.936659808
6.446120404
12.91815844
18.61143054
19.45023978
26.06908865
4.951330811
1.142986968
0.259889818
0.903275587
0.417566872
1.066499071
0.702494856
8.063474877
11.52139918
15.42706259
24.80200037
24.23608968
3.506753617
0.371716392
0.557812293
0.213933692
0
0
0.848233882
6.099263242
12.16459191
18.63725856
19.67519166
27.93599966
5.204437973
1.572016461
1.004696004
0.608522501
0.105268959
0.825625581
0.618981481
8.728988285
11.50145748
17.82026583
21.44344883
21.93822016
2.263167065
1.18228738
0.516610248
0.532457188
0.131586199
0.595844949
1.288725995
10.17322531
15.89867541
21.90352864
21.48584976
26.48299897
1.423055224
0.800745885
0.083988783
0.342293907
0.628104791
1.232891942
1.025085734
9.869748108
16.91545353
19.88686031
21.2945747
25.93317473
1.44524094
1.70465535
0
0.752729656
0.919832908
1.247154188
1.165912209
6.417832371
12.51168553
17.49353677
20.45243429
25.63950617
3.699907905
0.854783951
0.294753086
0.397758197
0.570206864
0.917537834
0.766358025
6.974935285
11.38500943
18.42711652
21.06386068
24.53773148
2.590190661
1.581841564
0.404096973
0.573659233
0.428093768
1.415131754
0.692669753
9.717069892
15.88643261
19.01687575
20.21945523
23.9999357
2.324405947
2.135322359
0.47382351
0.659232709
0.952684083
1.299449091
1.175737311
6.444875879
12.56440758
17.35959279
20.32968688
25.53733711
3.693569129
0.854783951
0.320108191
0.52136433
0.409943948
0.381911257
0.687757202
7.712220397
13.60043724
22.33988368
21.68837946
22.93617541
4.025305323
0.867884088
0.101420417
0.892182729
0
0.274152064
0.777820645
8.797677718
13.18606824
19.24590137
20.49270294
27.31251715
2.781362007
1.657167353
0.044371432
0.152130625
0.564943416
1.938080778
0.41920439
5.669661821
9.463983196
20.10814085
19.41299117
22.68333762
3.506264105
1.524528464
0.107759193
0.226611244
0.538626176
1.009450086
0.673019547
7.825696104
13.93842593
18.61384492
20.92716215
29.02944959
2.571738517
0.995610425
0.313769415
0.180655117
0.345572584
1.179012346
1.108599108
6.102714722
13.2136917
19.20235962
23.23787419
25.93983196
1.95075833
0.486342593
0
0.014262246
0.254399985
1.346989911
0.874434156
8.204097803
16.736887
21.26890847
22.33567719
25.35688872
2.044255277
1.511428326
0.27256737
0.373987787
0.356159979
1.359667463
2.007596022
10.35060733
15.07385545
18.44410427
21.91225275
26.46259859
2.755782889
1.093861454
0.188578588
0.277321452
1.440430262
0.941308244
1.034910837
8.423689931
12.06129115
17.5444544
22.36723832
22.82834362
1.115624585
0.284927984
0.583167397
0.20125614
0.0101639
0.69092659
1.160999657
9.108974678
16.56256001
19.07699041
20.53270609
22.95668296
1.74950219
1.572016461
0
0.199671446
0.010526896
0.797101089
1.179012346
9.169504182
16.60043724
18.91272982
20.44502937
22.93692558
1.744748108
1.572016461
0
0.581582703
0.205274471
1.313711337
1.878232167
8.3059621
15.76799554
23.09613949
21.03940993
25.39615912
1.491197066
1.341126543
0.581582703
0.293168392
0
1.133056219
1.368964335
8.333391411
13.11928155
17.16415688
19.64326132
25.8882416
2.271741836
1.01034808
0.237704102
0.155300013
0.059289414
0.45797657
1.840569273
7.527238484
12.92854938
17.78306286
21.46067304
15.70309071
1.129886831
0.831858711
0.301091862
0.088742865
0.796535126
1.695622594
1.696467764
6.624701314
13.09272977
23.84226487
23.36433858
22.69594907
2.39911058
1.133161866
0
0.773330678
0.149131026
0.313769415
1.372239369
11.51087299
15.59071502
23.7919695
22.6928556
18.50294496
2.679717576
1.486865569
0.175901035
0.801855171
0.152639991
0.965078654
1.156087106
8.099877207
11.7234868
20.72032225
21.32985281
21.65384088
1.930157308
1.567103909
0.348632683
0.603768419
0.65048957
1.866769547
1.169187243
6.814910228
16.2706833
24.42134608
21.86240127
17.48509516
2.841356365
2.267961248
0.323277579
0.402512279
0
0.139453073
1.210125171
10.68887312
15.40790895
17.42474363
24.97000697
24.03430641
2.026823643
1.391889575
0.410435749
0.711527612
0.582488242
1.174258264
1.195387517
9.937193017
13.85967078
19.74385205
21.64273447
18.50742884
2.158353246
1.91098251
0
0.269397982
0.698284098
1.308957255
1.902794925
9.886972322
14.51708248
17.11523878
20.6166368
22.04211677
1.779611377
1.989583333
0
0.244042878
0.435353697
1.240815412
1.770156036
7.632894431
13.13793724
21.19442785
22.75842128
21.07204647
2.125074671
1.743955761
0.202840834
0.337539825
0.459674456
1.096608257
2.246673525
3.081213494
9.134044925
22.48320307
22.9342186
20.74873543
2.169446104
1.432827503
0
0.148961237
0.491255144
0.516610248
0.979235254
10.40992135
17.00245628
20.18716813
23.43526401
24.16195559
2.243926722
1.978120713
0.343878601
0.735298022
0.514063419
1.240815412
0.957947531
12.49815396
15.61871999
23.62794537
19.39921844
21.7192644
2.758952277
1.665354938
0.188578588
0.020601022
0.474315311
1.224968472
0.872796639
9.871880393
15.85749314
23.71214158
21.50245171
21.35423525
2.37704102
1.206850137
0.090327559
0.633877605
0.208783436
0.992018452
1.007073045
8.85711204
13.08806156
17.47349993
22.01290157
20.8282536
2.858787999
1.627692044
0.106174499
0.261474512
1.303580614
0.524533718
1.09058642
8.047864397
16.11369599
21.61231415
22.17655648
20.63072702
2.334254281
2.348199588
0.239288796
0.619615359
0.28422619
0.511856166
1.611316872
8.107385836
13.73575532
22.0060152
19.14427353
27.93616684
1.602125647
2.007596022
0
0.275736758
0.374370299
0.876335789
0.397916667
7.9269091
13.497488
25.15504696
23.01900803
19.61927298
2.727258396
0.853146433
0.451637794
0.670325568
0.221064815
0.684587814
0.948122428
8.873506571
13.47727195
21.53328687
24.21954235
24.47447702
2.155183858
2.007596022
0.530872494
0.117267357
0.122813786
0.53721127
0.371716392
7.029777313
12.86396605
21.54279504
21.88947382
22.07087191
2.256604275
1.486865569
0.041202044
0.110928581
0.287735156
1.560923603
0.980872771
8.778868811
13.74920696
19.89629381
22.58392656
19.40861626
2.475292048
2.51358882
0.594260255
0.245627572
0.115190861
0.920707222
1.088948903
9.005554726
11.98191015
22.30170168
21.72617566
20.89202675
2.028408337
2.20409808
0.00792347
0.407266361
0.454411008
0.174316341
1.233050412
8.886184123
13.01718964
19.27852864
22.29075816
19.47393261
1.933326696
1.432827503
0.510271472
0.071311231
0.533362728
0.419943913
1.237962963
9.650438072
11.35674297
29.54026035
22.53514121
27.06781979
2.041085889
1.771793553
0.120436745
0.286829616
0.271944812
0.038032656
1.603129287
5.00290389
10.17745199
20.67701696
20.28804095
21.62350823
2.974470662
1.095498971
0.839887827
0.663986791
0
1.294695009
1.074211248
7.275093754
14.80201046
23.88315578
25.72186546
19.57299383
2.326330811
2.109122085
0.041202044
0.573659233
0.53511721
0.44212963
1.717755487
8.887797856
13.80004715
20.40151666
22.66433111
20.34585905
2.213817536
2.059996571
0.085573477
0.28049084
0.408794459
1.152072547
1.948645405
10.35374768
16.95679012
20.51382251
22.94624486
22.02598594
2.538679809
0.990697874
0.030109186
0.759068432
0.152639991
1.521306252
1.152812071
9.335660593
17.26802555
20.54933708
25.36248009
17.62090192
1.432563388
0.77454561
0.312184721
0.053879596
0.670817369
0.199671446
0.749982853
7.360401732
15.21605796
24.09279586
25.13426756
21.49481739
1.957097106
2.495576132
0.515025554
0.251966348
0.494764109
0.164808177
1.450840192
12.32737621
15.65275634
15.58449489
21.97156677
19.34620628
2.415073676
1.676817558
0.229780632
0.581582703
0.314052396
1.679775654
0.589506173
9.264660494
13.70144462
23.06685998
21.37154437
19.64509174
2.942776782
1.801268861
0.237704102
0.526118412
0.236855159
0.610107195
1.971570645
3.7217576
14.48938186
21.78049914
20.66282938
18.73308471
2.365948161
1.473765432
0.141037767
0.480162286
0.579342273
1.261416434
1.917532579
9.151732378
14.25229338
19.58941076
21.51323344
17.83367198
3.681244192
2.711728395
0
1.245569494
0.296507569
0.871581707
1.061111111
10.93774476
16.6056713
20.12225375
23.67145808
20.48258316
2.034747113
1.747230796
0.234534714
0.443714324
0.100005511
1.486442984
1.128249314
9.417251593
15.98742284
20.0099479
21.95158801
18.65472822
2.182123656
1.368964335
0.648139851
0.648139851
0.377213771
0.644970463
1.031635802
9.681924532
15.18072274
20.8875448
23.0403931
19.35249486
2.163107328
1.084036351
0.930215386
0.337539825
0.237157656
1.00311131
1.29691358
9.518344285
11.88642833
22.54186579
21.44675096
16.33788152
2.411904288
1.562191358
0.183824506
0.397758197
1.107078557
0.362894929
1.128249314
7.868955761
14.53327332
20.71367234
20.67777197
23.47680041
2.283544073
1.71611797
0.103005111
0.285244922
0.514063419
0.654478627
1.423002401
10.75189168
14.9723894
20.98865409
24.64927652
17.40614283
2.022069561
1.611316872
0.161638789
0.522949024
0.407039976
1.904802204
1.488503086
9.565723317
15.72442558
23.73323211
22.31868943
16.58693844
2.283544073
1.082398834
0.052294902
0.370818399
0.066065347
1.133056219
0.823671125
9.757160162
13.49257545
21.32717294
21.06263275
19.16151835
2.350101221
0.898996914
0.19333267
0.391419421
0
0.67507965
0.769633059
11.09261748
17.26684671
24.73760454
23.21109618
19.38942473
2.389718572
1.301826132
0.334370437
0.624369441
0.394758598
0.668740873
1.293638546
10.66759176
14.58942473
20.66247262
19.33885072
18.6763846
1.245569494
1.72758059
0.467484734
0.429452078
1.257964065
0.370818399
1.698105281
11.8916144
14.46315158
26.62911108
22.15959777
18.94173954
1.928572614
1.725943073
0.516610248
0.622784747
0.188032141
0.884259259
1.441015089
10.41830529
13.68577246
16.75185434
22.94865923
18.28178584
2.42458184
0.186676955
0
0.957155184
0.633368239
0.638631687
1.630967078
8.611957387
13.73081276
19.55571734
20.51163215
22.87858368
2.150429776
1.89951989
0.202840834
0.399342891
0.633368239
0.820871499
1.031635802
9.719023795
16.43128429
21.02782756
22.38215187
16.11553069
2.00622262
1.775068587
0.103005111
0.400927585
0
1.174258264
1.298551097
6.688607626
10.32622171
18.62532358
28.56576065
15.42409979
2.18370835
1.537628601
0.438960242
0.19333267
0.997756137
1.310541949
0.982510288
10.97551191
14.97421125
21.98803598
20.49347455
17.39154235
2.036331807
1.462302812
0
0.824040887
0.756182025
0.911199057
1.986308299
9.96056518
16.57858368
22.52794371
24.18109485
18.3478095
2.21540223
1.712842936
0.1854092
0.624369441
0.507045488
0.43420616
1.108599108
10.06325916
13.35797754
18.07389154
24.41212001
19.11207133
1.979282822
0.894084362
0.155300013
0.228195938
0.261417916
1.014204168
0.731970165
8.468994756
13.55587277
17.33038796
22.2085615
24.10090878
2.294636931
1.673542524
0