5.101189405
1.904538894
5.466899675
10.56183762
13.91650977
10.82576875
20.0897799
21.80858862
24.76278933
18.27973588
13.6141118
3.93841829
4.050944527
1.526137088
4.266619815
10.60059666
13.76460211
10.89137982
20.05784979
21.74933544
24.68735863
18.28153922
13.62380156
3.985304223
2.222393178
1.598810282
6.010776486
7.809945985
15.10000762
12.63764585
16.26794486
24.96602794
25.88087926
16.7624366
11.98623224
2.428691279
1.040867691
0
6.085793977
11.53081355
6.315125679
12.6579406
21.97567786
18.20222556
26.60550755
18.43121527
13.00365696
2.428691279
4.107207646
0
6.535898925
14.33115398
14.47908304
10.22348507
17.29126815
20.38598552
24.65135669
18.52426611
14.20518711
0
0.853323963
2.1386683
5.785724012
12.04437079
14.72709504
11.71025079
18.68802725
19.75042583
26.91462268
16.8605393
16.96676851
0.506368066
1.837928536
3.02112852
5.335619065
9.340927952
13.57756782
10.66472414
17.73214326
19.44248927
25.50237527
18.00635702
13.98232265
0
0
1.962176255
6.207697401
7.897153818
10.66356814
11.9486661
15.42207379
22.28886722
24.36467702
17.25113497
13.42031661
3.872777986
2.119244128
0.260621112
5.963890554
8.96302734
12.43246364
12.66906143
17.8239995
19.16632719
27.80756046
19.61815076
12.86800033
0
0
0.477566708
1.397200774
12.46103044
14.22749549
12.45713011
16.66958551
20.82591779
22.15682669
18.07704997
14.72843411
2.278656297
2.26927911
3.571368423
1.153393928
13.44938589
14.94336015
14.71283075
21.06853121
20.63927041
26.82322341
14.21581459
11.22074125
1.837928536
1.284674538
0
0
9.534723138
14.77916443
15.33502892
18.82410401
20.74463138
26.70432722
17.12274238
14.60246724
1.884814468
0
3.177572787
7.811196276
11.4242262
12.98324057
11.13833107
16.27691228
20.00499713
26.67893801
18.51958028
12.52885876
1.115885182
0.318824338
0
4.294751374
4.912707958
10.26839578
10.03199222
16.93321013
20.82759544
26.15597437
18.48784362
14.36022326
0
0
0.311456548
3.46955897
12.58699731
14.81543903
14.6015533
14.74398852
18.13480178
24.92907869
16.84918409
14.34084374
0.121903423
0
3.280675644
9.480335456
11.50174427
13.23464408
11.58390873
16.70317515
20.54464016
27.40292025
18.54909915
12.52885876
1.125262369
0.684534608
0
5.476276861
10.21300629
13.51206085
13.37114574
21.6713223
21.28158637
25.12399714
16.96381893
10.81377136
0
3.028831209
0
7.923722513
13.042416
11.39188696
12.93218164
19.29126184
22.16505019
29.96895332
17.37735577
17.81946733
1.781665417
0
0.581385557
2.213015992
12.26723526
11.53666619
9.161467938
20.95347542
21.54118017
26.53213391
18.31950452
15.77492812
2.419314093
2.700629685
0
3.310146801
7.926223096
13.74159414
14.45815217
20.22089986
23.9185839
33.02730349
15.2327719
14.29239495
0
1.087753623
0.130310556
1.022113318
12.15095814
14.36873715
15.60506631
21.90277311
27.02565244
31.69576307
18.07921539
15.03850641
4.913645677
1.20027986
0.031145655
0
11.62771114
15.10257519
20.33850157
23.74810753
26.56318009
31.43424646
20.29223138
13.60442204
2.953813718
0.872078336
0
5.110566591
14.19549735
15.86774992
18.33250149
20.36542647
26.70417479
33.87093499
21.34247626
14.17611784
1.30342891
0.421973388
0.446421053
6.207697401
12.2575455
15.08445286
14.71447874
21.06484547
27.64844695
30.96825136
16.47571652
11.17229246
1.040867691
0.262561219
0
4.707347576
12.18002742
14.31430187
20.83662464
23.61555305
26.37262177
31.48104439
15.29419103
16.70514501
0.806438031
1.228411419
0
4.763610694
12.22847622
14.69748297
21.38102826
24.01327083
26.88381842
32.15330765
15.29419103
16.75359381
0.815815217
1.697270739
0
5.129320964
14.32146422
15.1021866
18.90064171
29.65180209
27.29668518
34.8787401
17.04772489
14.38929254
0.553253998
1.406577961
1.214680539
5.663820589
10.47462979
17.33428056
14.85061853
22.01530432
27.20365171
36.50153265
17.45750079
16.45321127
0.10314905
0
1.864443338
9.36780922
9.205271322
15.51292624
17.54734091
22.76102028
29.60256442
23.6350421
16.85080397
14.48619013
0.178166542
3.497690529
0
4.848005372
8.992096618
16.05756297
17.72123812
31.92614159
32.81788525
33.65052501
18.077739
13.55597324
2.541217516
0
0
0.609517116
13.02303648
19.9620808
23.00409949
32.94082194
31.8978099
30.69397395
17.08523363
15.28075039
0.909587081
0.168789355
0
5.879495877
11.6374009
15.47143366
15.59581422
28.44028719
30.74445898
34.51830653
16.26941841
13.05210576
0
0.187543728
3.51838501
5.157452523
12.43196116
12.44831518
23.29416736
35.05448384
32.63590299
31.0164645
18.97942529
18.05202155
2.981945277
4.501049475
0
7.154793228
13.78852746
18.95658214
22.46766935
26.60210372
37.15714027
38.84383501
16.42883058
14.99974737
0
1.312806097
2.969219096
4.885514117
15.24199136
19.26629703
22.48608628
29.55964898
34.20753287
31.74142128
18.46368003
14.53463893
0.862701149
1.087753623
0
2.681875312
12.12188887
19.11042479
22.86985091
25.02944491
33.19126582
36.31064781
15.62239255
15.05788593
0
0
0
5.551294352
11.69553946
15.16420335
21.74120666
31.87675822
36.93705793
36.41616517
15.7255416
12.33506357
1.219034233
0.375087456
0
3.272638056
11.56957259
8.812205511
14.66832393
37.11064357
37.57436083
36.56885083
16.52260245
14.54432869
0.075017491
2.50370877
1.899884946
3.422673038
8.304123708
21.03758053
27.62252065
33.8024469
39.0784275
42.1363734
17.01021614
14.94160882
2.091112569
2.513085957
0
5.485654047
14.19549735
25.12686674
24.29962113
38.02803763
33.91316214
38.64819281
19.76710894
15.09664497
3.141357446
1.050244877
3.999531678
9.733519489
11.05601535
21.18220057
27.68158186
39.66411389
37.20044432
39.9522754
17.04772489
13.76914795
3.197620564
0.196920915
0.571003672
8.608257121
8.614196005
13.68440156
13.6995026
16.70952996
19.83456716
23.67782699
17.34779485
14.72843411
2.616235007
2.062981009
1.609192167
5.832609944
11.41453644
12.56707591
14.56567181
19.56943234
21.45396234
23.99286427
18.17298725
14.14704856
4.510426661
2.194261619
0
5.194961269
12.95520817
13.55180105
10.66643613
18.99435156
17.93626373
28.35417729
15.58488381
14.42805158
0.140657796
0.10314905
1.263010003
6.432749874
13.88542506
10.58620951
13.48187915
22.66615162
22.56294465
24.01044507
17.28215455
14.6606058
1.941077586
1.753533858
0.08305508
3.403918665
8.226605634
13.43466817
13.78131959
19.01071357
22.68418852
25.63032773
16.59761994
17.29622033
1.819174163
0.421973388
0.716350062
0
9.873864713
13.88101515
11.76946744
20.45473251
21.38594267
24.60098501
16.56948838
16.24972632
2.588103448
0.928341454
0
3.516444902
14.37960278
13.3711267
14.47981566
13.95668077
21.26494939
22.77090012
20.64856447
16.62762693
1.322183283
0.993981759
1.633893893
8.561371189
13.42031661
13.57759028
9.57153608
16.11259679
21.36426167
22.73134066
16.23190967
15.05788593
2.006717891
1.247165792
0.425657283
6.113925537
14.15673832
14.21639141
13.79766108
15.51988454
21.86872357
22.29871123
16.99146177
12.519169
3.094471514
0
0.602149327
0.712666167
12.79048226
14.45818019
11.84032115
25.52239847
21.75136375
28.97201262
16.14751499
16.5888679
2.231770365
0.46885932
1.661101592
1.078376437
11.48236475
10.10577173
11.38843434
18.73615073
20.33806534
24.97718014
19.87025799
11.79243705
0.393841829
4.341637306
0
5.645066216
13.73038891
14.75268964
14.74454802
20.42786332
24.70386426
23.77565488
16.1381378
13.99201241
4.576066966
3.628971139
0.031145655
2.963190904
11.78274729
13.99139212
11.93686291
18.74749043
22.28494772
23.19799377
16.8320496
14.09859976
2.072358196
0.168789355
0
0.225052474
11.56957259
15.3784545
16.31098026
18.11854678
20.80205798
25.68969176
18.58558346
13.44938589
0
0.49699088
0.768259486
4.20097951
10.8040816
13.10696742
15.5619582
18.47343191
24.23416966
22.42878078
16.11000625
9.592861693
2.419314093
4.257242628
5.683545016
9.095870814
7.800256225
12.78731332
15.39351558
21.20297564
24.52568905
24.12381404
16.88831272
16.28848536
0.206298101
0.36571027
0
5.410636556
12.56761779
16.13721742
14.38225932
14.36604736
21.02055824
23.13203053
16.53197963
16.47259079
0.431350575
0.356333083
0.321838433
4.060321714
11.10446414
14.48088953
14.42112828
20.34427122
21.17380235
23.11712296
17.91042604
16.25941608
4.426031984
2.50370877
2.304778459
4.022812968
12.48040996
10.30479817
12.6267469
20.03983062
20.82339107
23.39477324
17.98544353
14.81564195
0.271938406
2.578726262
0.310740556
6.864100449
13.24590094
12.47332217
14.59958678
17.70470672
20.71369966
22.54692134
22.57088768
17.38342816
3.572708021
2.794401549
6.987008571
9.424072338
11.80212681
15.7725674
15.72250937
18.04788062
21.33902207
26.02181396
16.14751499
14.64122628
0.872078336
0.309447151
0
4.33226012
14.19549735
14.69260315
16.61942077
18.63326842
19.89582777
23.63217275
19.16696901
14.56370821
2.26927911
1.078376437
0
12.10594765
10.95911775
14.37198178
14.05160565
19.23170233
21.48386965
22.58306943
19.42015305
14.18580759
3.150734632
0.684534608
0.100238889
7.595520989
12.21878646
12.87488245
13.0181688
18.8074272
20.03652024
19.24346092
18.21987319
12.80986178
2.606857821
1.162771114
6.18760343
0
12.72265394
14.6163619
14.60896834
18.22186879
19.03831205
26.87860486
16.55073401
11.55988283
1.125262369
2.86941904
4.11122644
7.032889804
12.81955154
13.53310972
14.81091392
19.21686234
21.97881055
22.02665536
15.85682221
15.67803052
0.243806847
1.462841079
0.176492044
4.369768865
12.62575635
12.65324004
15.03934918
21.84630303
21.27808257
19.77490594
16.99146177
12.83893105
2.50370877
1.950454772
2.275422784
4.969908795
12.76141298
15.91870534
12.37519139
18.82556733
20.25917798
23.19315093
18.99817966
14.50556965
0.956473013
2.16613006
0.456802938
4.426031984
14.43774134
15.74706737
14.53021991
22.29531817
21.94316306
23.66347637
16.8976899
15.82337691
2.484954398
2.184884433
3.893206856
8.233169664
10.75563281
14.69423352
12.79064226
18.48454821
19.52846743
22.07659264
16.74765492
13.91449433
0.872078336
0
0.04152754
0.384464643
13.29434974
15.30757716
12.54886607
22.93007292
21.49016379
24.03317814
15.57550662
15.97841306
0
0.675157421
0
4.341637306
12.52885876
15.08565304
14.44516052
16.52402203
22.33609475
22.80928989
17.91980322
15.55206365
2.991322463
0.23442966
3.893206856
2.588103448
13.91449433
13.35887056
13.87385109
18.58311741
20.3739114
26.18765256
14.95661232
19.64114207
2.644366566
2.419314093
1.910266831
2.50370877
9.970762305
15.76826414
15.42689069
15.22875954
21.39595459
21.18439461
18.30426786
16.97645827
1.612876062
0
0
9.761651049
11.76336777
10.82098352
10.57663079
16.95628156
26.82207848
21.38452601
16.86955834
12.34475333
1.06899925
0
0
3.113225887
14.43774134
14.8774007
13.57003316
19.37933077
20.34856266
22.31436711
15.41609445
14.29239495
2.072358196
0.121903423
0
11.74961457
13.10055455
14.31666426
12.54488269
18.91338625
23.61814683
21.55260058
18.18236444
16.14313897
2.831910295
2.156752873
6.301804164
9.799159794
13.37186781
14.58127231
12.77464357
16.42321452
23.71386663
23.75105755
15.65052411
14.03077145
3.507067716
0.262561219
0.332220318
6.920363568
13.84666602
13.706211
9.870192375
15.15557888
21.33366998
26.83611893
16.68201462
15.74585884
0.947095827