0.106348732
0
0
0
2.71121897
3.114019204
5.650438072
6.066786141
5.828542524
0
0
0
0
0
0
0
2.721132019
3.124262689
5.6157424
6.022177419
5.808055556
0
0
0
0
0
0
0
3.226697531
3.513515089
4.763220165
6.93417795
6.028290466
0
0
0
0.031086553
0
0
0
2.374175295
3.667167353
6.126264436
5.377829218
6.028290466
0
0
0
0
0
0
0
3.162262711
3.569854252
4.589741803
5.645481548
5.055159465
0
0
0
0.012271008
0
0
0
3.211827957
4.312506859
5.28365525
5.620698925
5.633916324
0
0
0
0.02167878
0
0
0
3.206871432
3.354741084
4.966437674
5.541394531
5.628794582
0
0
0
0.02167878
0
0
0
3.563741205
3.375228052
4.247741604
6.552525554
5.321490055
0
0
0
0.065854407
0
0
0
2.726088544
3.938619684
4.931742002
5.42243794
5.874638203
0
0
0
0.08098865
0
0
0
3.226697531
3.318888889
4.797915837
5.774351188
5.439290123
0
0
0
0.011861974
0
0
0
3.276262777
3.697897805
5.769394663
5.670264171
5.034672497
0
0
0
0.08098865
0
0
0
3.226697531
4.394454733
5.333220496
5.675220696
4.553228738
0
0
0
0.041721426
0
0
0
3.092871366
3.764480453
4.584785278
5.48687276
5.234420439
0
0
0
0.016361343
0
0
0
3.216784482
3.27279321
4.827654985
5.595916302
4.512254801
0
0
0
0.014316175
0
0
0
3.137480088
3.820819616
4.936698526
5.526524957
4.55835048
0
0
0
0.022087814
0
0
0
3.112697464
3.779845679
4.569915704
5.467046661
5.193446502
0
0
0
0.016361343
0
0
0
3.092871366
4.128124143
5.893307779
5.833829484
5.009063786
0
0
0
0.033540754
0
0
0
3.023480021
3.861793553
5.01600292
5.437307514
5.152472565
0
0
0
0.071989911
0
0
0
1.858696734
3.180601852
5.318350923
5.338177021
4.373967764
0
0
0
0.000818067
0
0
0
2.949132152
3.600584705
4.936698526
5.645481548
5.787568587
0
0
0
0.046629829
0
0
0
3.132523563
3.754236968
5.006089871
6.230351454
5.034672497
0
0
0
0.065854407
0
0
0
2.96895825
4.89638546
5.55130758
5.908177353
4.676150549
0
0
0
0.083033818
0
0
0
3.454697664
4.076906722
4.897046329
5.888351254
4.604446159
0
0
0
0.04335756
0
0
0
2.493131886
3.580097737
4.604611377
6.037046993
4.215193759
0
0
0
0.025769116
0
0
0
3.226697531
4.179341564
4.976350723
5.660351122
4.343237311
0
0
0
0
0
0
0
3.241567105
4.184463306
4.9515681
5.6157424
4.317628601
0
0
0
0
0
0
0
3.142436612
4.153732853
6.106438338
5.704959843
4.614689643
0
0
0
0.076898314
0
0
0
2.770697265
3.861793553
4.446002589
5.392698792
5.229298697
0
0
0
0.079761549
0
0
0
3.672784747
4.035932785
4.867307182
5.80904686
4.09739369
0
0
0
0
0
0
0
3.489393336
3.774723937
6.2799167
6.121307912
4.261289438
0
0
0
0.019224579
0
0
0
3.405132417
3.73375
6.051916567
5.932959976
2.770862483
0
0
0
0
0
0
0
3.310958449
3.580097737
5.605829351
5.700003319
3.359862826
0
0
0
0.038040123
0
0
0
2.736001593
3.887402263
6.438525488
5.848699057
3.559610768
0
0
0
0
0
0
0
3.643045599
4.286898148
4.659133147
6.527742931
3.672289095
0
0
0
0.02740525
0
0
0
3.246523629
3.8310631
5.125046462
5.764438139
2.71452332
0
0
0
0.056446635
0
0
0
2.959045201
3.595462963
4.574872229
5.635568499
3.457175926
0
0
0
0.004499369
0
0
0
3.092871366
3.795210905
5.610785875
6.061829616
3.518636831
0
0
0
0.025360082
0
0
0
3.048262644
4.087150206
6.175829683
5.932959976
3.216454047
0
0
0
0.062173105
0
0
0
3.509219434
4.38933299
5.407568366
6.136177486
3.641558642
0
0
0
0.095304825
0
0
0
3.380349794
3.877158779
6.096525289
5.417481415
3.738871742
0
0
0
0.035585922
0
0
0
3.553828156
4.210072016
6.289829749
5.68017722
2.709401578
0
0
0
0.046220795
0
0
0
2.909479955
3.651802126
4.614524426
5.719829417
3.149871399
0
0
0
0.067490542
0
0
0
3.325828023
3.974471879
5.531481481
5.928003451
2.786227709
0
0
0
0.130890747
0
0
0
3.216784482
3.959106653
5.586003252
5.28365525
4.55835048
0
0
0
0
0
0
0
2.96895825
3.820819616
6.463308111
6.081655715
2.673549383
0
0
0
0.030677519
0
0
0
3.514175959
3.667167353
5.620698925
6.502960308
3.866915295
0
0
0
0.095304825
0
0
0
2.859914709
3.749115226
5.675220696
5.838786008
3.144749657
0
0
0
0.062173105
0
0
0
3.410088942
3.738871742
5.372872693
5.853655582
2.857932099
0
0
0
0.058082769
0
0
0
3.038349595
3.590341221
5.838786008
5.784264237
3.283036694
0
0
0
0.002045168
0
0
0
3.623219501
3.933497942
4.986263773
5.908177353
2.601844993
0
0
0
0.036403989
0
0
0
3.479480287
3.626193416
7.667743595
5.918090402
3.964228395
0
0
0
0
0
0
0
3.087914841
3.708141289
5.209307381
5.531481481
3.395715021
0
0
0
0.066263441
0
0
0
3.082958317
4.179341564
6.061829616
6.755743064
2.489166667
0
0
0
0.094486758
0
0
0
3.588523828
4.0256893
5.273742201
5.977568698
3.001340878
0
0
0
0
0
0
0
3.667828222
4.563472222
5.080437741
6.156003584
3.513515089
0
0
0
0
0
0
0
3.395219368
4.071784979
5.338177021
6.735916965
2.263810014
0
0
0
0.004090336
0
0
0
3.454697664
4.358602538
6.260090601
6.844960507
2.970610425
0
0
0
0.042539493
0
0
0
3.677741272
4.005202332
4.218002456
5.734698991
2.647940672
0
0
0
0.066263441
0
0
0
3.058175694
3.974471879
6.126264436
5.81895991
2.581358025
0
0
0
0.050311131
0
0
0
3.122610514
4.061541495
5.566177154
5.600872826
2.775984225
0
0
0
0.064627307
0
0
0
3.415045467
4.158854595
4.966437674
5.749568565
2.258688272
0
0
0
0.055219534
0
0
0
3.50426291
3.907889232
5.164698659
6.056873092
2.407218793
0
0
0
0.026996217
0
0
0
3.271306252
4.399576475
5.110176888
5.962699124
2.509653635
0
0
0
0.092850624
0
0
0
3.415045467
4.307385117
5.41252489
5.952786075
2.525018861
0
0
0
0.043766594
0
0
0
3.127567038
3.452054184
5.863568631
5.719829417
2.038453361
0
0
0
0.059718903
0
0
0
3.23661058
4.020567558
5.427394464
5.660351122
3.416201989
0
0
0
0.073626045
0
0
0
3.489393336
3.769602195
5.313394398
6.384003717
2.407218793
0
0
0
0.022905881
0
0
0
2.879740807
4.16909808
6.126264436
6.037046993
2.038453361
0
0
0
0.057264702
0
0
0
3.087914841
3.790089163
5.576090203
5.764438139
2.673549383
0
0
0
0.008998739
0
0
0
3.400175893
4.102515432
6.458351586
6.170873158
2.356001372
0
0
0
0.049902097
0
0
0
3.538958582
3.918132716
5.382785743
5.239046529
2.668427641
0
0
0
0.04908403
0
0
0
3.410088942
4.082028464
6.795395261
5.769394663
2.688914609
0
0
0
0
0
0
0
3.548871631
4.061541495
4.455915638
6.131220961
2.437949246
0
0
0
0
0
0
0
3.142436612
4.015445816
5.040785544
5.660351122
3.615949931
0
0
0
0
0
0
0
3.206871432
4.16909808
5.556264105
5.94782955
1.884801097
0
0
0
0.046629829
0
0
0
3.261393203
3.569854252
4.936698526
7.434786937
2.064062071
0
0
0
0
0
0
0
3.588523828
3.866915295
5.561220629
5.6157424
2.402097051
0
0
0
0.07526218
0
0
0
3.266349728
4.348359053
6.01226437
6.616960374
2.478923182
0
0
0
0
0
0
0
3.142436612
3.713263032
4.634350524
6.349308045
2.263810014
0
0
0
0.012271008
0
0
0
2.959045201
3.836184842
4.644263574
5.88339473
3.211332305
0
0
0