0
0
0
0
0.11172274
0.319176533
0.92006962
0.898710861
0.091678366
0
0
0
0
0
0
0
0.152819743
0.343053975
0.966101823
0.946779786
0.096200321
0
0
0
0
0
0
0
0.49569052
0.683600576
1.066771233
1.635967191
0.03116128
0
0
0
0
0
0
0
0.239659369
0.757390177
1.867345915
0.770904303
0.041274669
0
0
0
0
0
0
0
0.284107324
0.65116829
1.448306509
1.277414886
0
0
0
0
0
0
0
0
0.514479537
0.776457933
1.753292106
0.70176814
0
0
0
0
0
0
0
0
0.344190312
0.416564576
1.056145615
0.756747193
0.552983385
0
0
0
0
0
0
0
0.062760844
0.425434841
0.559826728
1.43596811
0.404681922
0
0
0
0
0
0
0
0.382351358
0.717127033
1.932707548
1.636778072
0.284144673
0
0
0
0
0
0
0
0.45314586
0.659548273
1.707586228
1.052735199
0.294084295
0
0
0
0
0
0
0
0.687508974
0.909104381
1.820733512
1.683814352
0.05117475
0
0
0
0
0
0
0
0.820322043
1.362544786
1.616338248
2.16321961
0.295113387
0
0
0
0
0
0
0
0.533658429
0.541540809
1.827860008
1.731993225
0.439176388
0
0
0
0
0
0
0
0.476271983
1.117585439
1.835631602
2.189528145
0
0
0
0
0
0
0
0
0.636855393
1.184551032
1.99662772
0.905367397
0.23477588
0
0
0
0
0
0
0
0.603883672
0.609155672
2.027323755
1.908703749
0.490296029
0
0
0
0
0
0
0
0.084609624
1.870240562
2.078453811
2.711186652
0.646221332
0
0
0
0
0
0
0
0.899349286
1.538197399
2.531358119
2.593382208
0.504721022
0
0
0
0
0
0
0
1.134224584
0.876975046
1.622020472
2.089987258
0
0
0
0
0
0
0
0
0.663816967
0.51552328
1.562649879
2.556313786
0.404749683
0
0
0
0
0
0
0
0.788167787
1.909409442
2.342609811
2.338231101
0
0
0
0
0
0
0
0
1.173088187
2.428991344
3.456818801
2.738692573
0
0
0
0
0
0
0
0
1.381947895
0.754332356
2.047670302
1.717104693
0
0
0
0
0
0
0
0
1.266087625
0.66149522
2.868850237
2.261886881
0
0
0
0
0
0
0
0
1.56445533
2.263245377
3.138688506
2.204904231
0
0
0
0
0
0
0
0
1.625053579
2.339473418
3.199795901
2.23381978
0
0
0
0
0
0
0
0
1.412018996
1.655399724
3.532614796
2.007634281
0.344874943
0
0
0
0
0
0
0
1.011379424
2.122674051
2.68827795
2.29001455
0.108299697
0
0
0
0
0
0
0
1.713084695
1.589786242
2.755120289
1.745818797
0
0
0
0
0
0
0
0
1.654502445
1.822874548
4.93611491
3.506230346
0
0
0
0
0
0
0
0
1.362281333
1.601854947
4.568339987
3.816736493
0
0
0
0
0
0
0
0
2.008657886
1.807792097
3.463609492
3.628543278
0.243473683
0
0
0
0
0
0
0
0.985584288
2.908067374
5.26634496
2.475835229
0
0
0
0
0
0
0
0
2.498604066
2.671141417
2.634330706
4.454301569
0
0
0
0
0
0
0
0
2.301344239
2.890454458
3.935171502
3.591877058
0.137953508
0
0
0
0
0
0
0
2.317182467
1.846936989
2.80870602
1.225617172
0.408964619
0
0
0
0
0
0
0
1.926812314
2.748572897
4.684035322
3.568170952
0
0
0
0
0
0
0
0
1.416894411
3.101722883
2.766637427
4.297689207
0.083267728
0
0
0
0
0
0
0
3.248129188
3.439616694
3.234707167
5.281565436
0.201106621
0
0
0
0
0
0
0
2.277493086
3.877856885
6.370182155
1.73361414
0.16157737
0
0
0
0
0
0
0
2.175729871
2.072494914
6.853194741
3.933322731
0.10252625
0
0
0
0
0
0
0
0.009656677
0.036911866
0.014698659
0.060674698
0
0
0
0
0
0
0
0
0.022133446
0.02799297
0.061272899
0.027602715
0
0
0
0
0
0
0
0
0.026748142
0.02649177
0.063665704
0.046916069
0.006004801
0
0
0
0
0
0
0
0.016151434
0.031171982
0.062298387
0.0344393
0
0
0
0
0
0
0
0
0.013502257
0.019603909
0.056060003
0.044095978
0.003002401
0
0
0
0
0
0
0
0.020851586
0.040444102
0.056230917
0.038883081
0
0
0
0
0
0
0
0
0.022218903
0.038942901
0.059392838
0.048881588
0
0
0
0
0
0
0
0
0.022389818
0.009713649
0.07050229
0.044694179
0
0
0
0
0
0
0
0
0.014613202
0.025167181
0.049736161
0.031704666
0
0
0
0
0
0
0
0
0.016151434
0.02755144
0.08579915
0.056572747
0.000971365
0
0
0
0
0
0
0
0.021278873
0.035763889
0.052470795
0.032986526
0
0
0
0
0
0
0
0
0.018629696
0.04026749
0.080586254
0.05007799
0
0
0
0
0
0
0
0
0.031961038
0.028081276
0.048454301
0.056060003
0
0
0
0
0
0
0
0
0.029140947
0.025432099
0.056316375
0.042814118
0.000618141
0
0
0
0
0
0
0
0.028030001
0.042475137
0.066314881
0.031362837
0
0
0
0
0
0
0
0
0.016322348
0.043358196
0.061187442
0.059392838
0
0
0
0
0
0
0
0
0.033841099
0.040709019
0.034353843
0.036832105
0
0
0
0
0
0
0
0
0.01307497
0.012539438
0.04879613
0.030508264
0
0
0
0
0
0
0
0
0.01657872
0.039296125
0.069134973
0.027773629
0
0
0
0
0
0
0
0
0.015724147
0.036646948
0.051188935
0.038883081
0
0
0
0
0
0
0
0
0.030422806
0.035498971
0.063922076
0.056658204
0
0
0
0
0
0
0
0
0.018031495
0.041945302
0.055461801
0.035550246
0
0
0
0
0
0
0
0
0.021022501
0.024813957
0.053154454
0.053752655
0
0
0
0
0
0
0
0
0.031362837
0.016689815
0.051188935
0.031191922
0
0
0
0
0
0
0
0
0.023329849
0.042033608
0.053496283
0.04401052
0
0
0
0
0
0
0
0
0.021449788
0.039914266
0.060161954
0.040677685
0
0
0
0
0
0
0
0
0.011622196
0.020486968
0.06571668
0.039310368
0
0
0
0
0
0
0
0
0.020680672
0.028699417
0.045719667
0.016322348
0
0
0
0
0
0
0
0
0.012989513
0.050422668
0.071185948
0.047685185
0
0
0
0
0
0
0
0
0.025466282
0.01571845
0.066913082
0.037857593
0
0
0
0
0
0
0
0
0.023757135
0.024372428
0.086482809
0.050761649
0
0
0
0
0
0
0
0
0.027688172
0.032231653
0.035892075
0.031533751
0
0
0
0
0
0
0
0
0.016151434
0.012627743
0.050847106
0.014185915
0
0
0
0
0
0
0
0
0.02965369
0.005121742
0.051274393
0.037344849
0
0
0
0
0
0
0
0
0.021962532
0.036470336
0.016151434
0.047343356
0
0
0
0
0
0
0
0
0.017604208
0.019868827
0.054607228
0.008203903
0
0
0
0
0
0
0
0
0.019655184
0.032055041
0.060503783
0.052043509
0
0
0
0
0
0
0
0
0.018373324
0.031348594
0.050248905
0.045890581
0
0
0
0
0
0
0
0
0.008973019
0.025785322
0.026662684
0.018202409
0
0
0
0