1.055406213
0.089781113
0.328031661
1.532716049
30.19950919
38.42630775
72.49638389
76.3566678
90.49239035
14.87785252
1.549091221
0.186993894
0.800270477
0.092987581
0.331201049
1.542541152
29.1750184
39.2466287
73.60485554
77.53208899
91.66731015
15.05553267
1.552366255
0.19333267
0.099835723
0.70003858
1.94283486
0.838408779
36.85480924
45.71847413
63.87312376
91.15370321
93.62721261
12.14939972
0.63699417
0.49759392
0.73846741
0
0.294753086
0.415929355
16.63857693
44.43309911
82.91276935
71.33050398
99.64779705
12.28878355
1.408264746
0
0.752729656
0.274425287
1.48485829
1.372239369
35.84347449
41.63449278
65.4430099
76.88187858
91.72525449
11.23656488
1.706292867
0.04754082
0.702019448
0
0.206010222
2.063271605
36.48748639
62.39261471
75.55446817
80.37357154
99.88397076
6.979322896
1.336213992
0.180655117
0.282075534
0.063161376
0.717866388
0.936659808
24.2538256
50.01283323
71.51633249
75.46442359
99.62558945
12.4889838
1.142986968
0.259889818
0.903275587
0.417566872
1.066499071
0.702494856
31.40690766
46.06708057
61.62659136
97.75631954
93.88139197
7.89278483
0.371716392
0.557812293
0.213933692
0
0
0.848233882
22.59452862
47.78580472
72.81482181
77.60616858
109.7933426
13.64961875
1.572016461
1.004696004
0.608522501
0.105268959
0.825625581
0.618981481
34.5427775
46.50813378
71.47643281
87.77829421
88.59763971
4.697473317
1.18228738
0.516610248
0.532457188
0.131586199
0.595844949
1.288725995
41.20874731
65.65878731
90.85385079
89.17584614
109.9410711
1.423055224
0.800745885
0.083988783
0.342293907
0.628104791
1.232891942
1.025085734
40.64265897
71.61141311
84.73751929
89.72095924
110.5243671
1.44524094
1.70465535
0
0.752729656
0.919832908
1.247154188
1.165912209
26.05626357
52.98658189
73.4496147
86.41604153
106.8116884
7.627594144
0.854783951
0.294753086
0.397758197
0.570206864
0.917537834
0.766358025
29.57881037
49.02269945
80.14017151
91.22539373
107.3290865
3.877044936
1.581841564
0.404096973
0.573659233
0.428093768
1.415131754
0.692669753
42.51947625
70.13147312
83.48665711
90.64815124
105.8073211
3.005424764
2.135322359
0.47382351
0.659232709
0.952684083
1.299449091
1.175737311
27.35609676
55.72189176
76.32237953
89.97662199
111.3799937
7.864386408
0.854783951
0.320108191
0.52136433
0.409943948
0.381911257
0.687757202
35.04641265
60.09381955
100.9621126
96.63885119
104.5404928
11.25225594
0.867884088
0.101420417
0.892182729
0
0.274152064
0.777820645
38.76087479
60.09438398
87.93908264
93.56927777
124.2315505
5.663593389
1.657167353
0.044371432
0.152130625
0.564943416
1.938080778
0.41920439
23.94477859
43.35565118
94.05579877
89.97188572
104.1609084
7.742218323
1.524528464
0.107759193
0.226611244
0.538626176
1.009450086
0.673019547
36.88571471
67.38040686
89.60062902
99.38293592
135.7836979
6.274851039
0.995610425
0.313769415
0.180655117
0.345572584
1.179012346
1.108599108
28.78993363
63.43064763
93.45143967
113.7933928
126.6401468
1.95075833
0.486342593
0
0.014262246
0.254399985
1.346989911
0.874434156
39.29370457
81.73270983
103.7381812
109.9756424
123.4931415
2.044255277
1.511428326
0.27256737
0.373987787
0.356159979
1.359667463
2.007596022
49.06914684
75.49446448
91.54995684
109.5867761
130.2829717
2.755782889
1.093861454
0.188578588
0.277321452
1.440430262
0.941308244
1.034910837
41.82892631
61.31448937
87.30047906
112.9429594
115.6623212
1.115624585
0.284927984
0.583167397
0.20125614
0.0101639
0.69092659
1.160999657
44.34703325
83.23756603
95.84320245
104.1300965
118.2166758
1.74950219
1.572016461
0
0.199671446
0.010526896
0.797101089
1.179012346
45.18248324
84.4936082
96.2306715
105.0480393
119.6633888
1.744748108
1.572016461
0
0.581582703
0.205274471
1.313711337
1.878232167
40.96752297
82.68665329
120.4473004
110.9994849
132.0295855
1.491197066
1.341126543
0.581582703
0.293168392
0
1.133056219
1.368964335
42.60396698
67.5556834
89.8829195
103.6203329
134.8342125
5.033213834
1.01034808
0.237704102
0.155300013
0.059289414
0.45797657
1.840569273
37.18472664
68.86506749
94.51821424
115.4720311
82.27647329
1.129886831
0.831858711
0.301091862
0.088742865
0.796535126
1.695622594
1.696467764
32.69556835
69.98256588
126.5964363
125.4630972
122.7046689
6.768529636
1.133161866
0
0.773330678
0.149131026
0.313769415
1.372239369
62.46525733
87.68342541
131.5654431
125.1347793
100.7484497
2.679717576
1.486865569
0.175901035
0.801855171
0.152639991
0.965078654
1.156087106
42.22702283
65.01414195
115.3317394
117.8456865
117.3723588
1.930157308
1.567103909
0.348632683
0.603768419
0.65048957
1.866769547
1.169187243
36.57060879
90.17547531
135.1829181
123.5213303
94.55158951
2.841356365
2.267961248
0.323277579
0.402512279
0
0.139453073
1.210125171
56.78588873
86.49923603
98.42268227
139.4017945
131.6686501
2.026823643
1.391889575
0.410435749
0.711527612
0.582488242
1.174258264
1.195387517
53.33510117
78.908843
113.3752363
124.0967704
104.0076666
2.158353246
1.91098251
0
0.269397982
0.698284098
1.308957255
1.902794925
54.7450833
83.71956876
98.6682356
120.9529769
123.0204192
1.779611377
1.989583333
0
0.244042878
0.435353697
1.240815412
1.770156036
40.51899622
75.75889275
123.0039813
133.1329054
119.6791777
2.125074671
1.743955761
0.202840834
0.337539825
0.459674456
1.096608257
2.246673525
14.72271953
51.53192147
134.0951246
134.0576854
118.2470269
2.169446104
1.432827503
0
0.148961237
0.491255144
0.516610248
0.979235254
57.16954776
100.5777155
120.9764689
137.6906762
137.9574822
2.243926722
1.978120713
0.343878601
0.735298022
0.514063419
1.240815412
0.957947531
71.1575541
90.81487503
137.8291831
116.6999857
123.4502521
2.758952277
1.665354938
0.188578588
0.020601022
0.474315311
1.224968472
0.872796639
57.06130169
97.12816315
141.601126
129.8351554
124.9961865
2.37704102
1.206850137
0.090327559
0.633877605
0.208783436
0.992018452
1.007073045
9.506753617
14.04356567
18.81260786
23.62829384
22.29044496
2.858787999
1.627692044
0.106174499
0.261474512
1.303580614
0.524533718
1.09058642
8.627812624
17.3186857
23.21277214
23.85417496
22.11992455
2.334254281
2.348199588
0.239288796
0.619615359
0.28422619
0.511856166
1.611316872
8.659954533
14.76070388
23.63385271
20.56552005
29.9616298
1.602125647
2.007596022
0
0.275736758
0.374370299
0.876335789
0.397916667
8.500634707
14.49285837
27.03303382
24.74640747
20.97729767
2.727258396
0.853146433
0.451637794
0.670325568
0.221064815
0.684587814
0.948122428
9.510702907
14.4855024
23.1362339
26.03405848
26.2054441
2.155183858
2.007596022
0.530872494
0.117267357
0.122813786
0.53721127
0.371716392
7.525097903
13.80275206
23.14574207
23.526023
23.62822788
2.256604275
1.486865569
0.041202044
0.110928581
0.287735156
1.560923603
0.980872771
9.402375382
14.75872342
21.36607676
24.26278956
20.81293724
2.475292048
2.51358882
0.594260255
0.245627572
0.115190861
0.920707222
1.088948903
9.648973682
12.90783608
23.94073991
23.34281246
22.41208848
2.028408337
2.20409808
0.00792347
0.407266361
0.454411008
0.174316341
1.233050412
9.523380459
13.98683985
20.71346492
23.96962117
20.85639146
1.933326696
1.432827503
0.510271472
0.071311231
0.533362728
0.419943913
1.237962963
10.34986061
12.18879029
31.72688919
24.19906993
28.96982596
2.041085889
1.771793553
0.120436745
0.286829616
0.271944812
0.038032656
1.603129287
5.326480154
10.90790466
22.21649326
21.81880559
23.17700617
2.974470662
1.095498971
0.839887827
0.663986791
0
1.294695009
1.074211248
7.766680771
15.88868741
25.63544571
27.6508778
20.92587449
2.326330811
2.109122085
0.041202044
0.573659233
0.53511721
0.44212963
1.717755487
9.506326331
14.83013975
21.92481415
24.33821602
21.79647634
2.213817536
2.059996571
0.085573477
0.28049084
0.408794459
1.152072547
1.948645405
11.10668475
18.23765432
22.03463096
24.65622096
23.59491598
2.538679809
0.990697874
0.030109186
0.759068432
0.152639991
1.521306252
1.152812071
10.00397003
18.55017575
22.05894481
27.27655814
18.87347394
1.432563388
0.77454561
0.312184721
0.053879596
0.670817369
0.199671446
0.749982853
7.886835424
16.31945302
25.88864413
26.9910975
23.03674126
1.957097106
2.495576132
0.515025554
0.251966348
0.494764109
0.164808177
1.450840192
13.18360879
16.80887774
16.75185849
23.60438238
20.72866512
2.415073676
1.676817558
0.229780632
0.581582703
0.314052396
1.679775654
0.589506173
9.936703505
14.74696931
24.797993
22.97324688
21.03783865
2.942776782
1.801268861
0.237704102
0.526118412
0.236855159
0.610107195
1.971570645
3.960706226
15.5580547
23.38344617
22.22221807
20.06796125
2.365948161
1.473765432
0.141037767
0.480162286
0.579342273
1.261416434
1.917532579
9.818797292
15.30553412
21.04674847
23.10373523
19.08495799
3.681244192
2.711728395
0
1.245569494
0.296507569
0.871581707
1.061111111
11.70063803
17.83895319
21.60323742
25.41254729
21.90362226
2.034747113
1.747230796
0.234534714
0.443714324
0.100005511
1.486442984
1.128249314
10.13285295
17.17055041
21.49342062
23.59187077
19.97288666
2.182123656
1.368964335
0.648139851
0.648139851
0.377213771
0.644970463
1.031635802
10.37885802
16.3317001
22.44319992
24.73916849
20.69251543
2.163107328
1.084036351
0.930215386
0.337539825
0.237157656
1.00311131
1.29691358
10.17296396
12.78663409
24.22944046
23.05716514
17.50171896
2.411904288
1.562191358
0.183824506
0.397758197
1.107078557
0.362894929
1.128249314
8.41281279
15.59808813
22.25563769
22.20729208
25.20262346
2.283544073
1.71611797
0.103005111
0.285244922
0.514063419
0.654478627
1.423002401
11.52847471
16.07964249
22.54057563
26.48619408
18.67543296
2.022069561
1.611316872
0.161638789
0.522949024
0.407039976
1.904802204
1.488503086
10.25643419
16.9152692
25.49298918
23.97141743
17.79192816
2.283544073
1.082398834
0.052294902
0.370818399
0.066065347
1.133056219
0.823671125
10.44413746
14.48794582
22.92887545
22.66557978
20.5285451
2.350101221
0.898996914
0.19333267
0.391419421
0
0.67507965
0.769633059
11.92644863
18.53485082
26.56954401
24.92356133
20.77959962
2.389718572
1.301826132
0.334370437
0.624369441
0.394758598
0.668740873
1.293638546
11.44044123
15.69924983
22.17954749
20.77503153
20.03826732
1.245569494
1.72758059
0.467484734
0.429452078
1.257964065
0.370818399
1.698105281
12.72917911
15.55111454
28.58674748
23.80485862
20.32419839
1.928572614
1.725943073
0.516610248
0.622784747
0.188032141
0.884259259
1.441015089
11.16626427
14.70043296
18.00757915
24.66859153
19.54593193
2.42458184
0.186676955
0
0.957155184
0.633368239
0.638631687
1.630967078
9.229241338
14.77505144
21.00807696
22.08222156
24.51953018
2.150429776
1.89951989
0.202840834
0.399342891
0.633368239
0.820871499
1.031635802
10.40475657
17.69414438
22.59343887
24.05479225
17.26393604
2.00622262
1.775068587
0.103005111
0.400927585
0
1.174258264
1.298551097
7.140369873
11.07339249
20.05652628
30.6963859
16.54807099
2.18370835
1.537628601
0.438960242
0.19333267
0.997756137
1.310541949
0.982510288
11.77325186
16.10332647
23.62831873
22.05535228
18.64282836
2.036331807
1.462302812
0
0.824040887
0.756182025
0.911199057
1.986308299
10.69234535
17.82086763
24.2005841
25.99063288
19.69683213
2.21540223
1.712842936
0.1854092
0.624369441
0.507045488
0.43420616
1.108599108
10.79130575
14.34948988
19.41051042
26.23659233
20.47524005
1.979282822
0.894084362
0.155300013
0.228195938
0.261417916
1.014204168
0.731970165
9.101212996
14.56410322
18.6446054
23.88991355
25.82930384
2.294636931
1.673542524
0