5.823345537717878884e-01
5.823345537717878884e-01
5.823345537717878884e-01
5.823345537717878884e-01
5.823345537717878884e-01
5.823345537717878884e-01
5.823345537717878884e-01
5.823345537717878884e-01
5.823345537717878884e-01
5.823345537717878884e-01
5.823345537717878884e-01
5.823345537717878884e-01
5.975917190806087076e-01
5.975917190806087076e-01
5.975917190806087076e-01
5.975917190806087076e-01
5.975917190806087076e-01
5.975917190806087076e-01
5.975917190806087076e-01
5.975917190806087076e-01
5.975917190806087076e-01
5.975917190806087076e-01
5.975917190806087076e-01
5.975917190806087076e-01
6.130693446047964512e-01
6.130693446047964512e-01
6.130693446047964512e-01
6.130693446047964512e-01
6.130693446047964512e-01
6.130693446047964512e-01
6.130693446047964512e-01
6.130693446047964512e-01
6.130693446047964512e-01
6.130693446047964512e-01
6.130693446047964512e-01
6.130693446047964512e-01
6.287639198266792295e-01
6.287639198266792295e-01
6.287639198266792295e-01
6.287639198266792295e-01
6.287639198266792295e-01
6.287639198266792295e-01
6.287639198266792295e-01
6.287639198266792295e-01
6.287639198266792295e-01
6.287639198266792295e-01
6.287639198266792295e-01
6.287639198266792295e-01
6.446716469982942677e-01
6.446716469982942677e-01
6.446716469982942677e-01
6.446716469982942677e-01
6.446716469982942677e-01
6.446716469982942677e-01
6.446716469982942677e-01
6.446716469982942677e-01
6.446716469982942677e-01
6.446716469982942677e-01
6.446716469982942677e-01
6.446716469982942677e-01
6.607884381732516133e-01
6.607884381732516133e-01
6.607884381732516133e-01
6.607884381732516133e-01
6.607884381732516133e-01
6.607884381732516133e-01
6.607884381732516133e-01
6.607884381732516133e-01
6.607884381732516133e-01
6.607884381732516133e-01
6.607884381732516133e-01
6.607884381732516133e-01
6.771099125961309584e-01
6.771099125961309584e-01
6.771099125961309584e-01
6.771099125961309584e-01
6.771099125961309584e-01
6.771099125961309584e-01
6.771099125961309584e-01
6.771099125961309584e-01
6.771099125961309584e-01
6.771099125961309584e-01
6.771099125961309584e-01
6.771099125961309584e-01
6.935636834722169741e-01
6.935636834722169741e-01
6.935636834722169741e-01
6.935636834722169741e-01
6.935636834722169741e-01
6.935636834722169741e-01
6.935636834722169741e-01
6.935636834722169741e-01
6.935636834722169741e-01
6.935636834722169741e-01
6.935636834722169741e-01
6.935636834722169741e-01
7.102092118755501948e-01
7.102092118755501948e-01
7.102092118755501948e-01
7.102092118755501948e-01
7.102092118755501948e-01
7.102092118755501948e-01
7.102092118755501948e-01
7.102092118755501948e-01
7.102092118755501948e-01
7.102092118755501948e-01
7.102092118755501948e-01
7.102092118755501948e-01
7.270411701970007634e-01
7.270411701970007634e-01
7.270411701970007634e-01
7.270411701970007634e-01
7.270411701970007634e-01
7.270411701970007634e-01
7.270411701970007634e-01
7.270411701970007634e-01
7.270411701970007634e-01
7.270411701970007634e-01
7.270411701970007634e-01
7.270411701970007634e-01
7.440539335796105824e-01
7.440539335796105824e-01
7.440539335796105824e-01
7.440539335796105824e-01
7.440539335796105824e-01
7.440539335796105824e-01
7.440539335796105824e-01
7.440539335796105824e-01
7.440539335796105824e-01
7.440539335796105824e-01
7.440539335796105824e-01
7.440539335796105824e-01
7.611671740519416751e-01
7.611671740519416751e-01
7.611671740519416751e-01
7.611671740519416751e-01
7.611671740519416751e-01
7.611671740519416751e-01
7.611671740519416751e-01
7.611671740519416751e-01
7.611671740519416751e-01
7.611671740519416751e-01
7.611671740519416751e-01
7.611671740519416751e-01
7.784456689029207732e-01
7.784456689029207732e-01
7.784456689029207732e-01
7.784456689029207732e-01
7.784456689029207732e-01
7.784456689029207732e-01
7.784456689029207732e-01
7.784456689029207732e-01
7.784456689029207732e-01
7.784456689029207732e-01
7.784456689029207732e-01
7.784456689029207732e-01
7.958050073194559149e-01
7.958050073194559149e-01
7.958050073194559149e-01
7.958050073194559149e-01
7.958050073194559149e-01
7.958050073194559149e-01
7.958050073194559149e-01
7.958050073194559149e-01
7.958050073194559149e-01
7.958050073194559149e-01
7.958050073194559149e-01
7.958050073194559149e-01
8.133127174804839488e-01
8.133127174804839488e-01
8.133127174804839488e-01
8.133127174804839488e-01
8.133127174804839488e-01
8.133127174804839488e-01
8.133127174804839488e-01
8.133127174804839488e-01
8.133127174804839488e-01
8.133127174804839488e-01
8.133127174804839488e-01
8.133127174804839488e-01
8.308802721780623735e-01
8.308802721780623735e-01
8.308802721780623735e-01
8.308802721780623735e-01
8.308802721780623735e-01
8.308802721780623735e-01
8.308802721780623735e-01
8.308802721780623735e-01
8.308802721780623735e-01
8.308802721780623735e-01
8.308802721780623735e-01
8.308802721780623735e-01
8.485780219754550657e-01
8.485780219754550657e-01
8.485780219754550657e-01
8.485780219754550657e-01
8.485780219754550657e-01
8.485780219754550657e-01
8.485780219754550657e-01
8.485780219754550657e-01
8.485780219754550657e-01
8.485780219754550657e-01
8.485780219754550657e-01
8.485780219754550657e-01
8.663981604369396239e-01
8.663981604369396239e-01
8.663981604369396239e-01
8.663981604369396239e-01
8.663981604369396239e-01
8.663981604369396239e-01
8.663981604369396239e-01
8.663981604369396239e-01
8.663981604369396239e-01
8.663981604369396239e-01
8.663981604369396239e-01
8.663981604369396239e-01
8.842459625419405445e-01
8.842459625419405445e-01
8.842459625419405445e-01
8.842459625419405445e-01
8.842459625419405445e-01
8.842459625419405445e-01
8.842459625419405445e-01
8.842459625419405445e-01
8.842459625419405445e-01
8.842459625419405445e-01
8.842459625419405445e-01
8.842459625419405445e-01
9.021961555815419809e-01
9.021961555815419809e-01
9.021961555815419809e-01
9.021961555815419809e-01
9.021961555815419809e-01
9.021961555815419809e-01
9.021961555815419809e-01
9.021961555815419809e-01
9.021961555815419809e-01
9.021961555815419809e-01
9.021961555815419809e-01
9.021961555815419809e-01
9.201498590776147068e-01
9.201498590776147068e-01
9.201498590776147068e-01
9.201498590776147068e-01
9.201498590776147068e-01
9.201498590776147068e-01
9.201498590776147068e-01
9.201498590776147068e-01
9.201498590776147068e-01
9.201498590776147068e-01
9.201498590776147068e-01
9.201498590776147068e-01
9.381847963155359738e-01
9.381847963155359738e-01
9.381847963155359738e-01
9.381847963155359738e-01
9.381847963155359738e-01
9.381847963155359738e-01
9.381847963155359738e-01
9.381847963155359738e-01
9.381847963155359738e-01
9.381847963155359738e-01
9.381847963155359738e-01
9.381847963155359738e-01
9.561979444047942200e-01
9.561979444047942200e-01
9.561979444047942200e-01
9.561979444047942200e-01
9.561979444047942200e-01
9.561979444047942200e-01
9.561979444047942200e-01
9.561979444047942200e-01
9.561979444047942200e-01
9.561979444047942200e-01
9.561979444047942200e-01
9.561979444047942200e-01
9.742700855540448179e-01
9.742700855540448179e-01
9.742700855540448179e-01
9.742700855540448179e-01
9.742700855540448179e-01
9.742700855540448179e-01
9.742700855540448179e-01
9.742700855540448179e-01
9.742700855540448179e-01
9.742700855540448179e-01
9.742700855540448179e-01
9.742700855540448179e-01
9.923915091453500148e-01
9.923915091453500148e-01
9.923915091453500148e-01
9.923915091453500148e-01
9.923915091453500148e-01
9.923915091453500148e-01
9.923915091453500148e-01
9.923915091453500148e-01
9.923915091453500148e-01
9.923915091453500148e-01
9.923915091453500148e-01
9.923915091453500148e-01
1.010453034611795475e+00
1.010453034611795475e+00
1.010453034611795475e+00
1.010453034611795475e+00
1.010453034611795475e+00
1.010453034611795475e+00
1.010453034611795475e+00
1.010453034611795475e+00
1.010453034611795475e+00
1.010453034611795475e+00
1.010453034611795475e+00
1.010453034611795475e+00
1.028540143931346629e+00
1.028540143931346629e+00
1.028540143931346629e+00
1.028540143931346629e+00
1.028540143931346629e+00
1.028540143931346629e+00
1.028540143931346629e+00
1.028540143931346629e+00
1.028540143931346629e+00
1.028540143931346629e+00
1.028540143931346629e+00
1.028540143931346629e+00
1.046539596450145160e+00
1.046539596450145160e+00
1.046539596450145160e+00
1.046539596450145160e+00
1.046539596450145160e+00
1.046539596450145160e+00
1.046539596450145160e+00
1.046539596450145160e+00
1.046539596450145160e+00
1.046539596450145160e+00
1.046539596450145160e+00
1.046539596450145160e+00
1.064540077509087634e+00
1.064540077509087634e+00
1.064540077509087634e+00
1.064540077509087634e+00
1.064540077509087634e+00
1.064540077509087634e+00
1.064540077509087634e+00
1.064540077509087634e+00
1.064540077509087634e+00
1.064540077509087634e+00
1.064540077509087634e+00
1.064540077509087634e+00
1.082530804818991221e+00
1.082530804818991221e+00
1.082530804818991221e+00
1.082530804818991221e+00
1.082530804818991221e+00
1.082530804818991221e+00
1.082530804818991221e+00
1.082530804818991221e+00
1.082530804818991221e+00
1.082530804818991221e+00
1.082530804818991221e+00
1.082530804818991221e+00
1.100500816178986430e+00
1.100500816178986430e+00
1.100500816178986430e+00
1.100500816178986430e+00
1.100500816178986430e+00
1.100500816178986430e+00
1.100500816178986430e+00
1.100500816178986430e+00
1.100500816178986430e+00
1.100500816178986430e+00
1.100500816178986430e+00
1.100500816178986430e+00
1.118328929401086080e+00
1.118328929401086080e+00
1.118328929401086080e+00
1.118328929401086080e+00
1.118328929401086080e+00
1.118328929401086080e+00
1.118328929401086080e+00
1.118328929401086080e+00
1.118328929401086080e+00
1.118328929401086080e+00
1.118328929401086080e+00
1.118328929401086080e+00
1.136110359378563306e+00
1.136110359378563306e+00
1.136110359378563306e+00
1.136110359378563306e+00
1.136110359378563306e+00
1.136110359378563306e+00
1.136110359378563306e+00
1.136110359378563306e+00
1.136110359378563306e+00
1.136110359378563306e+00
1.136110359378563306e+00
1.136110359378563306e+00
1.153833680984868826e+00
1.153833680984868826e+00
1.153833680984868826e+00
1.153833680984868826e+00
1.153833680984868826e+00
1.153833680984868826e+00
1.153833680984868826e+00
1.153833680984868826e+00
1.153833680984868826e+00
1.153833680984868826e+00
1.153833680984868826e+00
1.153833680984868826e+00
1.171487336303937310e+00
1.171487336303937310e+00
1.171487336303937310e+00
1.171487336303937310e+00
1.171487336303937310e+00
1.171487336303937310e+00
1.171487336303937310e+00
1.171487336303937310e+00
1.171487336303937310e+00
1.171487336303937310e+00
1.171487336303937310e+00
1.171487336303937310e+00
1.189059646348496369e+00
1.189059646348496369e+00
1.189059646348496369e+00
1.189059646348496369e+00
1.189059646348496369e+00
1.189059646348496369e+00
1.189059646348496369e+00
1.189059646348496369e+00
1.189059646348496369e+00
1.189059646348496369e+00
1.189059646348496369e+00
1.189059646348496369e+00
1.206538823149819306e+00
1.206538823149819306e+00
1.206538823149819306e+00
1.206538823149819306e+00
1.206538823149819306e+00
1.206538823149819306e+00
1.206538823149819306e+00
1.206538823149819306e+00
1.206538823149819306e+00
1.206538823149819306e+00
1.206538823149819306e+00
1.206538823149819306e+00
1.223912982203176680e+00
1.223912982203176680e+00
1.223912982203176680e+00
1.223912982203176680e+00
1.223912982203176680e+00
1.223912982203176680e+00
1.223912982203176680e+00
1.223912982203176680e+00
1.223912982203176680e+00
1.223912982203176680e+00
1.223912982203176680e+00
1.223912982203176680e+00
1.241170155252241392e+00
1.241170155252241392e+00
1.241170155252241392e+00
1.241170155252241392e+00
1.241170155252241392e+00
1.241170155252241392e+00
1.241170155252241392e+00
1.241170155252241392e+00
1.241170155252241392e+00
1.241170155252241392e+00
1.241170155252241392e+00
1.241170155252241392e+00
1.258298303394722373e+00
1.258298303394722373e+00
1.258298303394722373e+00
1.258298303394722373e+00
1.258298303394722373e+00
1.258298303394722373e+00
1.258298303394722373e+00
1.258298303394722373e+00
1.258298303394722373e+00
1.258298303394722373e+00
1.258298303394722373e+00
1.258298303394722373e+00
1.275285330490551150e+00
1.275285330490551150e+00
1.275285330490551150e+00
1.275285330490551150e+00
1.275285330490551150e+00
1.275285330490551150e+00
1.275285330490551150e+00
1.275285330490551150e+00
1.275285330490551150e+00
1.275285330490551150e+00
1.275285330490551150e+00
1.275285330490551150e+00
1.292119096853026505e+00
1.292119096853026505e+00
1.292119096853026505e+00
1.292119096853026505e+00
1.292119096853026505e+00
1.292119096853026505e+00
1.292119096853026505e+00
1.292119096853026505e+00
1.292119096853026505e+00
1.292119096853026505e+00
1.292119096853026505e+00
1.292119096853026505e+00
1.308787433202430517e+00
1.308787433202430517e+00
1.308787433202430517e+00
1.308787433202430517e+00
1.308787433202430517e+00
1.308787433202430517e+00
1.308787433202430517e+00
1.308787433202430517e+00
1.308787433202430517e+00
1.308787433202430517e+00
1.308787433202430517e+00
1.308787433202430517e+00
1.325278154860781044e+00
1.325278154860781044e+00
1.325278154860781044e+00
1.325278154860781044e+00
1.325278154860781044e+00
1.325278154860781044e+00
1.325278154860781044e+00
1.325278154860781044e+00
1.325278154860781044e+00
1.325278154860781044e+00
1.325278154860781044e+00
1.325278154860781044e+00
1.341579076165568596e+00
1.341579076165568596e+00
1.341579076165568596e+00
1.341579076165568596e+00
1.341579076165568596e+00
1.341579076165568596e+00
1.341579076165568596e+00
1.341579076165568596e+00
1.341579076165568596e+00
1.341579076165568596e+00
1.341579076165568596e+00
1.341579076165568596e+00
1.357812182987171878e+00
1.357812182987171878e+00
1.357812182987171878e+00
1.357812182987171878e+00
1.357812182987171878e+00
1.357812182987171878e+00
1.357812182987171878e+00
1.357812182987171878e+00
1.357812182987171878e+00
1.357812182987171878e+00
1.357812182987171878e+00
1.357812182987171878e+00
1.373834366746420566e+00
1.373834366746420566e+00
1.373834366746420566e+00
1.373834366746420566e+00
1.373834366746420566e+00
1.373834366746420566e+00
1.373834366746420566e+00
1.373834366746420566e+00
1.373834366746420566e+00
1.373834366746420566e+00
1.373834366746420566e+00
1.373834366746420566e+00
1.389633461964004502e+00
1.389633461964004502e+00
1.389633461964004502e+00
1.389633461964004502e+00
1.389633461964004502e+00
1.389633461964004502e+00
1.389633461964004502e+00
1.389633461964004502e+00
1.389633461964004502e+00
1.389633461964004502e+00
1.389633461964004502e+00
1.389633461964004502e+00
1.405336320084197732e+00
1.405336320084197732e+00
1.405336320084197732e+00
1.405336320084197732e+00
1.405336320084197732e+00
1.405336320084197732e+00
1.405336320084197732e+00
1.405336320084197732e+00
1.405336320084197732e+00
1.405336320084197732e+00
1.405336320084197732e+00
1.405336320084197732e+00
1.420795019605123999e+00
1.420795019605123999e+00
1.420795019605123999e+00
1.420795019605123999e+00
1.420795019605123999e+00
1.420795019605123999e+00
1.420795019605123999e+00
1.420795019605123999e+00
1.420795019605123999e+00
1.420795019605123999e+00
1.420795019605123999e+00
1.420795019605123999e+00
1.435997526314898742e+00
1.435997526314898742e+00
1.435997526314898742e+00
1.435997526314898742e+00
1.435997526314898742e+00
1.435997526314898742e+00
1.435997526314898742e+00
1.435997526314898742e+00
1.435997526314898742e+00
1.435997526314898742e+00
1.435997526314898742e+00
1.435997526314898742e+00
1.451075500341205249e+00
1.451075500341205249e+00
1.451075500341205249e+00
1.451075500341205249e+00
1.451075500341205249e+00
1.451075500341205249e+00
1.451075500341205249e+00
1.451075500341205249e+00
1.451075500341205249e+00
1.451075500341205249e+00
1.451075500341205249e+00
1.451075500341205249e+00
1.465876470444685609e+00
1.465876470444685609e+00
1.465876470444685609e+00
1.465876470444685609e+00
1.465876470444685609e+00
1.465876470444685609e+00
1.465876470444685609e+00
1.465876470444685609e+00
1.465876470444685609e+00
1.465876470444685609e+00
1.465876470444685609e+00
1.465876470444685609e+00
1.480535235149132545e+00
1.480535235149132545e+00
1.480535235149132545e+00
1.480535235149132545e+00
1.480535235149132545e+00
1.480535235149132545e+00
1.480535235149132545e+00
1.480535235149132545e+00
1.480535235149132545e+00
1.480535235149132545e+00
1.480535235149132545e+00
1.480535235149132545e+00
1.495044480453594060e+00
1.495044480453594060e+00
1.495044480453594060e+00
1.495044480453594060e+00
1.495044480453594060e+00
1.495044480453594060e+00
1.495044480453594060e+00
1.495044480453594060e+00
1.495044480453594060e+00
1.495044480453594060e+00
1.495044480453594060e+00
1.495044480453594060e+00
1.509247403017903277e+00
1.509247403017903277e+00
1.509247403017903277e+00
1.509247403017903277e+00
1.509247403017903277e+00
1.509247403017903277e+00
1.509247403017903277e+00
1.509247403017903277e+00
1.509247403017903277e+00
1.509247403017903277e+00
1.509247403017903277e+00
1.509247403017903277e+00
1.523283403865969721e+00
1.523283403865969721e+00
1.523283403865969721e+00
1.523283403865969721e+00
1.523283403865969721e+00
1.523283403865969721e+00
1.523283403865969721e+00
1.523283403865969721e+00
1.523283403865969721e+00
1.523283403865969721e+00
1.523283403865969721e+00
1.523283403865969721e+00
1.537145282841150040e+00
1.537145282841150040e+00
1.537145282841150040e+00
1.537145282841150040e+00
1.537145282841150040e+00
1.537145282841150040e+00
1.537145282841150040e+00
1.537145282841150040e+00
1.537145282841150040e+00
1.537145282841150040e+00
1.537145282841150040e+00
1.537145282841150040e+00
1.550672161330152177e+00
1.550672161330152177e+00
1.550672161330152177e+00
1.550672161330152177e+00
1.550672161330152177e+00
1.550672161330152177e+00
1.550672161330152177e+00
1.550672161330152177e+00
1.550672161330152177e+00
1.550672161330152177e+00
1.550672161330152177e+00
1.550672161330152177e+00
1.564007941917591404e+00
1.564007941917591404e+00
1.564007941917591404e+00
1.564007941917591404e+00
1.564007941917591404e+00
1.564007941917591404e+00
1.564007941917591404e+00
1.564007941917591404e+00
1.564007941917591404e+00
1.564007941917591404e+00
1.564007941917591404e+00
1.564007941917591404e+00
1.577145608629699103e+00
1.577145608629699103e+00
1.577145608629699103e+00
1.577145608629699103e+00
1.577145608629699103e+00
1.577145608629699103e+00
1.577145608629699103e+00
1.577145608629699103e+00
1.577145608629699103e+00
1.577145608629699103e+00
1.577145608629699103e+00
1.577145608629699103e+00
1.590078202620462733e+00
1.590078202620462733e+00
1.590078202620462733e+00
1.590078202620462733e+00
1.590078202620462733e+00
1.590078202620462733e+00
1.590078202620462733e+00
1.590078202620462733e+00
1.590078202620462733e+00
1.590078202620462733e+00
1.590078202620462733e+00
1.590078202620462733e+00
1.602798828241426499e+00
1.602798828241426499e+00
1.602798828241426499e+00
1.602798828241426499e+00
1.602798828241426499e+00
1.602798828241426499e+00
1.602798828241426499e+00
1.602798828241426499e+00
1.602798828241426499e+00
1.602798828241426499e+00
1.602798828241426499e+00
1.602798828241426499e+00
1.615300659101709613e+00
1.615300659101709613e+00
1.615300659101709613e+00
1.615300659101709613e+00
1.615300659101709613e+00
1.615300659101709613e+00
1.615300659101709613e+00
1.615300659101709613e+00
1.615300659101709613e+00
1.615300659101709613e+00
1.615300659101709613e+00
1.615300659101709613e+00
1.627576944110882717e+00
1.627576944110882717e+00
1.627576944110882717e+00
1.627576944110882717e+00
1.627576944110882717e+00
1.627576944110882717e+00
1.627576944110882717e+00
1.627576944110882717e+00
1.627576944110882717e+00
1.627576944110882717e+00
1.627576944110882717e+00
1.627576944110882717e+00
1.639621013497303270e+00
1.639621013497303270e+00
1.639621013497303270e+00
1.639621013497303270e+00
1.639621013497303270e+00
1.639621013497303270e+00
1.639621013497303270e+00
1.639621013497303270e+00
1.639621013497303270e+00
1.639621013497303270e+00
1.639621013497303270e+00
1.639621013497303270e+00
1.651426284794483834e+00
1.651426284794483834e+00
1.651426284794483834e+00
1.651426284794483834e+00
1.651426284794483834e+00
1.651426284794483834e+00
1.651426284794483834e+00
1.651426284794483834e+00
1.651426284794483834e+00
1.651426284794483834e+00
1.651426284794483834e+00
1.651426284794483834e+00
1.662986268788045230e+00
1.662986268788045230e+00
1.662986268788045230e+00
1.662986268788045230e+00
1.662986268788045230e+00
1.662986268788045230e+00
1.662986268788045230e+00
1.662986268788045230e+00
1.662986268788045230e+00
1.662986268788045230e+00
1.662986268788045230e+00
1.662986268788045230e+00
1.674294575415803843e+00
1.674294575415803843e+00
1.674294575415803843e+00
1.674294575415803843e+00
1.674294575415803843e+00
1.674294575415803843e+00
1.674294575415803843e+00
1.674294575415803843e+00
1.674294575415803843e+00
1.674294575415803843e+00
1.674294575415803843e+00
1.674294575415803843e+00
1.685512349071089711e+00
1.685512349071089711e+00
1.685512349071089711e+00
1.685512349071089711e+00
1.685512349071089711e+00
1.685512349071089711e+00
1.685512349071089711e+00
1.685512349071089711e+00
1.685512349071089711e+00
1.685512349071089711e+00
1.685512349071089711e+00
1.685512349071089711e+00
1.696468179340051785e+00
1.696468179340051785e+00
1.696468179340051785e+00
1.696468179340051785e+00
1.696468179340051785e+00
1.696468179340051785e+00
1.696468179340051785e+00
1.696468179340051785e+00
1.696468179340051785e+00
1.696468179340051785e+00
1.696468179340051785e+00
1.696468179340051785e+00
1.707155928869894090e+00
1.707155928869894090e+00
1.707155928869894090e+00
1.707155928869894090e+00
1.707155928869894090e+00
1.707155928869894090e+00
1.707155928869894090e+00
1.707155928869894090e+00
1.707155928869894090e+00
1.707155928869894090e+00
1.707155928869894090e+00
1.707155928869894090e+00
1.717569580036000465e+00
1.717569580036000465e+00
1.717569580036000465e+00
1.717569580036000465e+00
1.717569580036000465e+00
1.717569580036000465e+00
1.717569580036000465e+00
1.717569580036000465e+00
1.717569580036000465e+00
1.717569580036000465e+00
1.717569580036000465e+00
1.717569580036000465e+00
1.727874997516216427e+00
1.727874997516216427e+00
1.727874997516216427e+00
1.727874997516216427e+00
1.727874997516216427e+00
1.727874997516216427e+00
1.727874997516216427e+00
1.727874997516216427e+00
1.727874997516216427e+00
1.727874997516216427e+00
1.727874997516216427e+00
1.727874997516216427e+00
1.737896672501810569e+00
1.737896672501810569e+00
1.737896672501810569e+00
1.737896672501810569e+00
1.737896672501810569e+00
1.737896672501810569e+00
1.737896672501810569e+00
1.737896672501810569e+00
1.737896672501810569e+00
1.737896672501810569e+00
1.737896672501810569e+00
1.737896672501810569e+00
1.747628893867820610e+00
1.747628893867820610e+00
1.747628893867820610e+00
1.747628893867820610e+00
1.747628893867820610e+00
1.747628893867820610e+00
1.747628893867820610e+00
1.747628893867820610e+00
1.747628893867820610e+00
1.747628893867820610e+00
1.747628893867820610e+00
1.747628893867820610e+00
1.757240852784093699e+00
1.757240852784093699e+00
1.757240852784093699e+00
1.757240852784093699e+00
1.757240852784093699e+00
1.757240852784093699e+00
1.757240852784093699e+00
1.757240852784093699e+00
1.757240852784093699e+00
1.757240852784093699e+00
1.757240852784093699e+00
1.757240852784093699e+00
1.766554229303849421e+00
1.766554229303849421e+00
1.766554229303849421e+00
1.766554229303849421e+00
1.766554229303849421e+00
1.766554229303849421e+00
1.766554229303849421e+00
1.766554229303849421e+00
1.766554229303849421e+00
1.766554229303849421e+00
1.766554229303849421e+00
1.766554229303849421e+00
1.775740311296229335e+00
1.775740311296229335e+00
1.775740311296229335e+00
1.775740311296229335e+00
1.775740311296229335e+00
1.775740311296229335e+00
1.775740311296229335e+00
1.775740311296229335e+00
1.775740311296229335e+00
1.775740311296229335e+00
1.775740311296229335e+00
1.775740311296229335e+00
1.784619012852710407e+00
1.784619012852710407e+00
1.784619012852710407e+00
1.784619012852710407e+00
1.784619012852710407e+00
1.784619012852710407e+00
1.784619012852710407e+00
1.784619012852710407e+00
1.784619012852710407e+00
1.784619012852710407e+00
1.784619012852710407e+00
1.784619012852710407e+00
