9.353639249610873563e+00
9.353639249610873563e+00
9.353639249610873563e+00
9.353639249610873563e+00
9.353639249610873563e+00
9.353639249610873563e+00
9.353639249610873563e+00
9.353639249610873563e+00
9.353639249610873563e+00
9.353639249610873563e+00
9.353639249610873563e+00
9.353639249610873563e+00
9.598704597950678874e+00
9.598704597950678874e+00
9.598704597950678874e+00
9.598704597950678874e+00
9.598704597950678874e+00
9.598704597950678874e+00
9.598704597950678874e+00
9.598704597950678874e+00
9.598704597950678874e+00
9.598704597950678874e+00
9.598704597950678874e+00
9.598704597950678874e+00
9.847311047037601739e+00
9.847311047037601739e+00
9.847311047037601739e+00
9.847311047037601739e+00
9.847311047037601739e+00
9.847311047037601739e+00
9.847311047037601739e+00
9.847311047037601739e+00
9.847311047037601739e+00
9.847311047037601739e+00
9.847311047037601739e+00
9.847311047037601739e+00
1.009940220984176484e+01
1.009940220984176484e+01
1.009940220984176484e+01
1.009940220984176484e+01
1.009940220984176484e+01
1.009940220984176484e+01
1.009940220984176484e+01
1.009940220984176484e+01
1.009940220984176484e+01
1.009940220984176484e+01
1.009940220984176484e+01
1.009940220984176484e+01
1.035491708575076153e+01
1.035491708575076153e+01
1.035491708575076153e+01
1.035491708575076153e+01
1.035491708575076153e+01
1.035491708575076153e+01
1.035491708575076153e+01
1.035491708575076153e+01
1.035491708575076153e+01
1.035491708575076153e+01
1.035491708575076153e+01
1.035491708575076153e+01
1.061379001289452972e+01
1.061379001289452972e+01
1.061379001289452972e+01
1.061379001289452972e+01
1.061379001289452972e+01
1.061379001289452972e+01
1.061379001289452972e+01
1.061379001289452972e+01
1.061379001289452972e+01
1.061379001289452972e+01
1.061379001289452972e+01
1.061379001289452972e+01
1.087595062621302411e+01
1.087595062621302411e+01
1.087595062621302411e+01
1.087595062621302411e+01
1.087595062621302411e+01
1.087595062621302411e+01
1.087595062621302411e+01
1.087595062621302411e+01
1.087595062621302411e+01
1.087595062621302411e+01
1.087595062621302411e+01
1.087595062621302411e+01
1.114023622642999989e+01
1.114023622642999989e+01
1.114023622642999989e+01
1.114023622642999989e+01
1.114023622642999989e+01
1.114023622642999989e+01
1.114023622642999989e+01
1.114023622642999989e+01
1.114023622642999989e+01
1.114023622642999989e+01
1.114023622642999989e+01
1.114023622642999989e+01
1.140760189586431927e+01
1.140760189586431927e+01
1.140760189586431927e+01
1.140760189586431927e+01
1.140760189586431927e+01
1.140760189586431927e+01
1.140760189586431927e+01
1.140760189586431927e+01
1.140760189586431927e+01
1.140760189586431927e+01
1.140760189586431927e+01
1.140760189586431927e+01
1.167796206079630394e+01
1.167796206079630394e+01
1.167796206079630394e+01
1.167796206079630394e+01
1.167796206079630394e+01
1.167796206079630394e+01
1.167796206079630394e+01
1.167796206079630394e+01
1.167796206079630394e+01
1.167796206079630394e+01
1.167796206079630394e+01
1.167796206079630394e+01
1.195122637301893675e+01
1.195122637301893675e+01
1.195122637301893675e+01
1.195122637301893675e+01
1.195122637301893675e+01
1.195122637301893675e+01
1.195122637301893675e+01
1.195122637301893675e+01
1.195122637301893675e+01
1.195122637301893675e+01
1.195122637301893675e+01
1.195122637301893675e+01
1.222610457959837227e+01
1.222610457959837227e+01
1.222610457959837227e+01
1.222610457959837227e+01
1.222610457959837227e+01
1.222610457959837227e+01
1.222610457959837227e+01
1.222610457959837227e+01
1.222610457959837227e+01
1.222610457959837227e+01
1.222610457959837227e+01
1.222610457959837227e+01
1.250363715355525507e+01
1.250363715355525507e+01
1.250363715355525507e+01
1.250363715355525507e+01
1.250363715355525507e+01
1.250363715355525507e+01
1.250363715355525507e+01
1.250363715355525507e+01
1.250363715355525507e+01
1.250363715355525507e+01
1.250363715355525507e+01
1.250363715355525507e+01
1.278246826207953646e+01
1.278246826207953646e+01
1.278246826207953646e+01
1.278246826207953646e+01
1.278246826207953646e+01
1.278246826207953646e+01
1.278246826207953646e+01
1.278246826207953646e+01
1.278246826207953646e+01
1.278246826207953646e+01
1.278246826207953646e+01
1.278246826207953646e+01
1.306368256384528692e+01
1.306368256384528692e+01
1.306368256384528692e+01
1.306368256384528692e+01
1.306368256384528692e+01
1.306368256384528692e+01
1.306368256384528692e+01
1.306368256384528692e+01
1.306368256384528692e+01
1.306368256384528692e+01
1.306368256384528692e+01
1.306368256384528692e+01
1.334585810722434474e+01
1.334585810722434474e+01
1.334585810722434474e+01
1.334585810722434474e+01
1.334585810722434474e+01
1.334585810722434474e+01
1.334585810722434474e+01
1.334585810722434474e+01
1.334585810722434474e+01
1.334585810722434474e+01
1.334585810722434474e+01
1.334585810722434474e+01
1.363012488490822349e+01
1.363012488490822349e+01
1.363012488490822349e+01
1.363012488490822349e+01
1.363012488490822349e+01
1.363012488490822349e+01
1.363012488490822349e+01
1.363012488490822349e+01
1.363012488490822349e+01
1.363012488490822349e+01
1.363012488490822349e+01
1.363012488490822349e+01
1.391635750749129663e+01
1.391635750749129663e+01
1.391635750749129663e+01
1.391635750749129663e+01
1.391635750749129663e+01
1.391635750749129663e+01
1.391635750749129663e+01
1.391635750749129663e+01
1.391635750749129663e+01
1.391635750749129663e+01
1.391635750749129663e+01
1.391635750749129663e+01
1.420303447214561743e+01
1.420303447214561743e+01
1.420303447214561743e+01
1.420303447214561743e+01
1.420303447214561743e+01
1.420303447214561743e+01
1.420303447214561743e+01
1.420303447214561743e+01
1.420303447214561743e+01
1.420303447214561743e+01
1.420303447214561743e+01
1.420303447214561743e+01
1.449135607193017350e+01
1.449135607193017350e+01
1.449135607193017350e+01
1.449135607193017350e+01
1.449135607193017350e+01
1.449135607193017350e+01
1.449135607193017350e+01
1.449135607193017350e+01
1.449135607193017350e+01
1.449135607193017350e+01
1.449135607193017350e+01
1.449135607193017350e+01
1.477973405776158344e+01
1.477973405776158344e+01
1.477973405776158344e+01
1.477973405776158344e+01
1.477973405776158344e+01
1.477973405776158344e+01
1.477973405776158344e+01
1.477973405776158344e+01
1.477973405776158344e+01
1.477973405776158344e+01
1.477973405776158344e+01
1.477973405776158344e+01
1.506941684529371095e+01
1.506941684529371095e+01
1.506941684529371095e+01
1.506941684529371095e+01
1.506941684529371095e+01
1.506941684529371095e+01
1.506941684529371095e+01
1.506941684529371095e+01
1.506941684529371095e+01
1.506941684529371095e+01
1.506941684529371095e+01
1.506941684529371095e+01
1.535874964872335013e+01
1.535874964872335013e+01
1.535874964872335013e+01
1.535874964872335013e+01
1.535874964872335013e+01
1.535874964872335013e+01
1.535874964872335013e+01
1.535874964872335013e+01
1.535874964872335013e+01
1.535874964872335013e+01
1.535874964872335013e+01
1.535874964872335013e+01
1.564903001708422181e+01
1.564903001708422181e+01
1.564903001708422181e+01
1.564903001708422181e+01
1.564903001708422181e+01
1.564903001708422181e+01
1.564903001708422181e+01
1.564903001708422181e+01
1.564903001708422181e+01
1.564903001708422181e+01
1.564903001708422181e+01
1.564903001708422181e+01
1.594010197540198881e+01
1.594010197540198881e+01
1.594010197540198881e+01
1.594010197540198881e+01
1.594010197540198881e+01
1.594010197540198881e+01
1.594010197540198881e+01
1.594010197540198881e+01
1.594010197540198881e+01
1.594010197540198881e+01
1.594010197540198881e+01
1.594010197540198881e+01
1.623021183135430334e+01
1.623021183135430334e+01
1.623021183135430334e+01
1.623021183135430334e+01
1.623021183135430334e+01
1.623021183135430334e+01
1.623021183135430334e+01
1.623021183135430334e+01
1.623021183135430334e+01
1.623021183135430334e+01
1.623021183135430334e+01
1.623021183135430334e+01
1.652073262313554380e+01
1.652073262313554380e+01
1.652073262313554380e+01
1.652073262313554380e+01
1.652073262313554380e+01
1.652073262313554380e+01
1.652073262313554380e+01
1.652073262313554380e+01
1.652073262313554380e+01
1.652073262313554380e+01
1.652073262313554380e+01
1.652073262313554380e+01
1.680984544404041614e+01
1.680984544404041614e+01
1.680984544404041614e+01
1.680984544404041614e+01
1.680984544404041614e+01
1.680984544404041614e+01
1.680984544404041614e+01
1.680984544404041614e+01
1.680984544404041614e+01
1.680984544404041614e+01
1.680984544404041614e+01
1.680984544404041614e+01
1.709897478567791040e+01
1.709897478567791040e+01
1.709897478567791040e+01
1.709897478567791040e+01
1.709897478567791040e+01
1.709897478567791040e+01
1.709897478567791040e+01
1.709897478567791040e+01
1.709897478567791040e+01
1.709897478567791040e+01
1.709897478567791040e+01
1.709897478567791040e+01
1.738794745955586762e+01
1.738794745955586762e+01
1.738794745955586762e+01
1.738794745955586762e+01
1.738794745955586762e+01
1.738794745955586762e+01
1.738794745955586762e+01
1.738794745955586762e+01
1.738794745955586762e+01
1.738794745955586762e+01
1.738794745955586762e+01
1.738794745955586762e+01
1.767658738738449387e+01
1.767658738738449387e+01
1.767658738738449387e+01
1.767658738738449387e+01
1.767658738738449387e+01
1.767658738738449387e+01
1.767658738738449387e+01
1.767658738738449387e+01
1.767658738738449387e+01
1.767658738738449387e+01
1.767658738738449387e+01
1.767658738738449387e+01
1.796294810306012124e+01
1.796294810306012124e+01
1.796294810306012124e+01
1.796294810306012124e+01
1.796294810306012124e+01
1.796294810306012124e+01
1.796294810306012124e+01
1.796294810306012124e+01
1.796294810306012124e+01
1.796294810306012124e+01
1.796294810306012124e+01
1.796294810306012124e+01
1.824855897789877801e+01
1.824855897789877801e+01
1.824855897789877801e+01
1.824855897789877801e+01
1.824855897789877801e+01
1.824855897789877801e+01
1.824855897789877801e+01
1.824855897789877801e+01
1.824855897789877801e+01
1.824855897789877801e+01
1.824855897789877801e+01
1.824855897789877801e+01
1.853323649795400030e+01
1.853323649795400030e+01
1.853323649795400030e+01
1.853323649795400030e+01
1.853323649795400030e+01
1.853323649795400030e+01
1.853323649795400030e+01
1.853323649795400030e+01
1.853323649795400030e+01
1.853323649795400030e+01
1.853323649795400030e+01
1.853323649795400030e+01
1.881679501637269780e+01
1.881679501637269780e+01
1.881679501637269780e+01
1.881679501637269780e+01
1.881679501637269780e+01
1.881679501637269780e+01
1.881679501637269780e+01
1.881679501637269780e+01
1.881679501637269780e+01
1.881679501637269780e+01
1.881679501637269780e+01
1.881679501637269780e+01
1.909904694161828687e+01
1.909904694161828687e+01
1.909904694161828687e+01
1.909904694161828687e+01
1.909904694161828687e+01
1.909904694161828687e+01
1.909904694161828687e+01
1.909904694161828687e+01
1.909904694161828687e+01
1.909904694161828687e+01
1.909904694161828687e+01
1.909904694161828687e+01
1.937980293166007684e+01
1.937980293166007684e+01
1.937980293166007684e+01
1.937980293166007684e+01
1.937980293166007684e+01
1.937980293166007684e+01
1.937980293166007684e+01
1.937980293166007684e+01
1.937980293166007684e+01
1.937980293166007684e+01
1.937980293166007684e+01
1.937980293166007684e+01
1.965887209387598134e+01
1.965887209387598134e+01
1.965887209387598134e+01
1.965887209387598134e+01
1.965887209387598134e+01
1.965887209387598134e+01
1.965887209387598134e+01
1.965887209387598134e+01
1.965887209387598134e+01
1.965887209387598134e+01
1.965887209387598134e+01
1.965887209387598134e+01
1.993606219039963179e+01
1.993606219039963179e+01
1.993606219039963179e+01
1.993606219039963179e+01
1.993606219039963179e+01
1.993606219039963179e+01
1.993606219039963179e+01
1.993606219039963179e+01
1.993606219039963179e+01
1.993606219039963179e+01
1.993606219039963179e+01
1.993606219039963179e+01
2.021117984862714678e+01
2.021117984862714678e+01
2.021117984862714678e+01
2.021117984862714678e+01
2.021117984862714678e+01
2.021117984862714678e+01
2.021117984862714678e+01
2.021117984862714678e+01
2.021117984862714678e+01
2.021117984862714678e+01
2.021117984862714678e+01
2.021117984862714678e+01
2.048403077658361227e+01
2.048403077658361227e+01
2.048403077658361227e+01
2.048403077658361227e+01
2.048403077658361227e+01
2.048403077658361227e+01
2.048403077658361227e+01
2.048403077658361227e+01
2.048403077658361227e+01
2.048403077658361227e+01
2.048403077658361227e+01
2.048403077658361227e+01
2.075441998283451639e+01
2.075441998283451639e+01
2.075441998283451639e+01
2.075441998283451639e+01
2.075441998283451639e+01
2.075441998283451639e+01
2.075441998283451639e+01
2.075441998283451639e+01
2.075441998283451639e+01
2.075441998283451639e+01
2.075441998283451639e+01
2.075441998283451639e+01
2.102215200061308309e+01
2.102215200061308309e+01
2.102215200061308309e+01
2.102215200061308309e+01
2.102215200061308309e+01
2.102215200061308309e+01
2.102215200061308309e+01
2.102215200061308309e+01
2.102215200061308309e+01
2.102215200061308309e+01
2.102215200061308309e+01
2.102215200061308309e+01
2.128703111582080965e+01
2.128703111582080965e+01
2.128703111582080965e+01
2.128703111582080965e+01
2.128703111582080965e+01
2.128703111582080965e+01
2.128703111582080965e+01
2.128703111582080965e+01
2.128703111582080965e+01
2.128703111582080965e+01
2.128703111582080965e+01
2.128703111582080965e+01
2.154886159854540395e+01
2.154886159854540395e+01
2.154886159854540395e+01
2.154886159854540395e+01
2.154886159854540395e+01
2.154886159854540395e+01
2.154886159854540395e+01
2.154886159854540395e+01
2.154886159854540395e+01
2.154886159854540395e+01
2.154886159854540395e+01
2.154886159854540395e+01
2.180960282388780413e+01
2.180960282388780413e+01
2.180960282388780413e+01
2.180960282388780413e+01
2.180960282388780413e+01
2.180960282388780413e+01
2.180960282388780413e+01
2.180960282388780413e+01
2.180960282388780413e+01
2.180960282388780413e+01
2.180960282388780413e+01
2.180960282388780413e+01
2.206695613720967941e+01
2.206695613720967941e+01
2.206695613720967941e+01
2.206695613720967941e+01
2.206695613720967941e+01
2.206695613720967941e+01
2.206695613720967941e+01
2.206695613720967941e+01
2.206695613720967941e+01
2.206695613720967941e+01
2.206695613720967941e+01
2.206695613720967941e+01
2.232072613278759121e+01
2.232072613278759121e+01
2.232072613278759121e+01
2.232072613278759121e+01
2.232072613278759121e+01
2.232072613278759121e+01
2.232072613278759121e+01
2.232072613278759121e+01
2.232072613278759121e+01
2.232072613278759121e+01
2.232072613278759121e+01
2.232072613278759121e+01
2.257295033808809137e+01
2.257295033808809137e+01
2.257295033808809137e+01
2.257295033808809137e+01
2.257295033808809137e+01
2.257295033808809137e+01
2.257295033808809137e+01
2.257295033808809137e+01
2.257295033808809137e+01
2.257295033808809137e+01
2.257295033808809137e+01
2.257295033808809137e+01
2.282125279180706201e+01
2.282125279180706201e+01
2.282125279180706201e+01
2.282125279180706201e+01
2.282125279180706201e+01
2.282125279180706201e+01
2.282125279180706201e+01
2.282125279180706201e+01
2.282125279180706201e+01
2.282125279180706201e+01
2.282125279180706201e+01
2.282125279180706201e+01
2.306544019667939693e+01
2.306544019667939693e+01
2.306544019667939693e+01
2.306544019667939693e+01
2.306544019667939693e+01
2.306544019667939693e+01
2.306544019667939693e+01
2.306544019667939693e+01
2.306544019667939693e+01
2.306544019667939693e+01
2.306544019667939693e+01
2.306544019667939693e+01
2.330762731874452953e+01
2.330762731874452953e+01
2.330762731874452953e+01
2.330762731874452953e+01
2.330762731874452953e+01
2.330762731874452953e+01
2.330762731874452953e+01
2.330762731874452953e+01
2.330762731874452953e+01
2.330762731874452953e+01
2.330762731874452953e+01
2.330762731874452953e+01
2.354536511739572546e+01
2.354536511739572546e+01
2.354536511739572546e+01
2.354536511739572546e+01
2.354536511739572546e+01
2.354536511739572546e+01
2.354536511739572546e+01
2.354536511739572546e+01
2.354536511739572546e+01
2.354536511739572546e+01
2.354536511739572546e+01
2.354536511739572546e+01
2.378081876856968435e+01
2.378081876856968435e+01
2.378081876856968435e+01
2.378081876856968435e+01
2.378081876856968435e+01
2.378081876856968435e+01
2.378081876856968435e+01
2.378081876856968435e+01
2.378081876856968435e+01
2.378081876856968435e+01
2.378081876856968435e+01
2.378081876856968435e+01
2.401387079250166678e+01
2.401387079250166678e+01
2.401387079250166678e+01
2.401387079250166678e+01
2.401387079250166678e+01
2.401387079250166678e+01
2.401387079250166678e+01
2.401387079250166678e+01
2.401387079250166678e+01
2.401387079250166678e+01
2.401387079250166678e+01
2.401387079250166678e+01
2.424200256503043249e+01
2.424200256503043249e+01
2.424200256503043249e+01
2.424200256503043249e+01
2.424200256503043249e+01
2.424200256503043249e+01
2.424200256503043249e+01
2.424200256503043249e+01
2.424200256503043249e+01
2.424200256503043249e+01
2.424200256503043249e+01
2.424200256503043249e+01
2.446745318888521581e+01
2.446745318888521581e+01
2.446745318888521581e+01
2.446745318888521581e+01
2.446745318888521581e+01
2.446745318888521581e+01
2.446745318888521581e+01
2.446745318888521581e+01
2.446745318888521581e+01
2.446745318888521581e+01
2.446745318888521581e+01
2.446745318888521581e+01
2.469010701290407184e+01
2.469010701290407184e+01
2.469010701290407184e+01
2.469010701290407184e+01
2.469010701290407184e+01
2.469010701290407184e+01
2.469010701290407184e+01
2.469010701290407184e+01
2.469010701290407184e+01
2.469010701290407184e+01
2.469010701290407184e+01
2.469010701290407184e+01
2.490737995461762821e+01
2.490737995461762821e+01
2.490737995461762821e+01
2.490737995461762821e+01
2.490737995461762821e+01
2.490737995461762821e+01
2.490737995461762821e+01
2.490737995461762821e+01
2.490737995461762821e+01
2.490737995461762821e+01
2.490737995461762821e+01
2.490737995461762821e+01
2.512158342222733864e+01
2.512158342222733864e+01
2.512158342222733864e+01
2.512158342222733864e+01
2.512158342222733864e+01
2.512158342222733864e+01
2.512158342222733864e+01
2.512158342222733864e+01
2.512158342222733864e+01
2.512158342222733864e+01
2.512158342222733864e+01
2.512158342222733864e+01
2.533260472297404675e+01
2.533260472297404675e+01
2.533260472297404675e+01
2.533260472297404675e+01
2.533260472297404675e+01
2.533260472297404675e+01
2.533260472297404675e+01
2.533260472297404675e+01
2.533260472297404675e+01
2.533260472297404675e+01
2.533260472297404675e+01
2.533260472297404675e+01
2.554033208170243441e+01
2.554033208170243441e+01
2.554033208170243441e+01
2.554033208170243441e+01
2.554033208170243441e+01
2.554033208170243441e+01
2.554033208170243441e+01
2.554033208170243441e+01
2.554033208170243441e+01
2.554033208170243441e+01
2.554033208170243441e+01
2.554033208170243441e+01
2.574465473835605422e+01
2.574465473835605422e+01
2.574465473835605422e+01
2.574465473835605422e+01
2.574465473835605422e+01
2.574465473835605422e+01
2.574465473835605422e+01
2.574465473835605422e+01
2.574465473835605422e+01
2.574465473835605422e+01
2.574465473835605422e+01
2.574465473835605422e+01
2.594546304531523262e+01
2.594546304531523262e+01
2.594546304531523262e+01
2.594546304531523262e+01
2.594546304531523262e+01
2.594546304531523262e+01
2.594546304531523262e+01
2.594546304531523262e+01
2.594546304531523262e+01
2.594546304531523262e+01
2.594546304531523262e+01
2.594546304531523262e+01
2.614264856445962693e+01
2.614264856445962693e+01
2.614264856445962693e+01
2.614264856445962693e+01
2.614264856445962693e+01
2.614264856445962693e+01
2.614264856445962693e+01
2.614264856445962693e+01
2.614264856445962693e+01
2.614264856445962693e+01
2.614264856445962693e+01
2.614264856445962693e+01
2.633610416383662667e+01
2.633610416383662667e+01
2.633610416383662667e+01
2.633610416383662667e+01
2.633610416383662667e+01
2.633610416383662667e+01
2.633610416383662667e+01
2.633610416383662667e+01
2.633610416383662667e+01
2.633610416383662667e+01
2.633610416383662667e+01
2.633610416383662667e+01
2.652572411381624917e+01
2.652572411381624917e+01
2.652572411381624917e+01
2.652572411381624917e+01
2.652572411381624917e+01
2.652572411381624917e+01
2.652572411381624917e+01
2.652572411381624917e+01
2.652572411381624917e+01
2.652572411381624917e+01
2.652572411381624917e+01
2.652572411381624917e+01
2.671140418261296290e+01
2.671140418261296290e+01
2.671140418261296290e+01
2.671140418261296290e+01
2.671140418261296290e+01
2.671140418261296290e+01
2.671140418261296290e+01
2.671140418261296290e+01
2.671140418261296290e+01
2.671140418261296290e+01
2.671140418261296290e+01
2.671140418261296290e+01
2.689304173105472984e+01
2.689304173105472984e+01
2.689304173105472984e+01
2.689304173105472984e+01
2.689304173105472984e+01
2.689304173105472984e+01
2.689304173105472984e+01
2.689304173105472984e+01
2.689304173105472984e+01
2.689304173105472984e+01
2.689304173105472984e+01
2.689304173105472984e+01
2.707322511065279613e+01
2.707322511065279613e+01
2.707322511065279613e+01
2.707322511065279613e+01
2.707322511065279613e+01
2.707322511065279613e+01
2.707322511065279613e+01
2.707322511065279613e+01
2.707322511065279613e+01
2.707322511065279613e+01
2.707322511065279613e+01
2.707322511065279613e+01
2.724920107387204027e+01
2.724920107387204027e+01
2.724920107387204027e+01
2.724920107387204027e+01
2.724920107387204027e+01
2.724920107387204027e+01
2.724920107387204027e+01
2.724920107387204027e+01
2.724920107387204027e+01
2.724920107387204027e+01
2.724920107387204027e+01
2.724920107387204027e+01
2.742087104063743297e+01
2.742087104063743297e+01
2.742087104063743297e+01
2.742087104063743297e+01
2.742087104063743297e+01
2.742087104063743297e+01
2.742087104063743297e+01
2.742087104063743297e+01
2.742087104063743297e+01
2.742087104063743297e+01
2.742087104063743297e+01
2.742087104063743297e+01
2.758813835398532177e+01
2.758813835398532177e+01
2.758813835398532177e+01
2.758813835398532177e+01
2.758813835398532177e+01
2.758813835398532177e+01
2.758813835398532177e+01
2.758813835398532177e+01
2.758813835398532177e+01
2.758813835398532177e+01
2.758813835398532177e+01
2.758813835398532177e+01
2.775366718410923283e+01
2.775366718410923283e+01
2.775366718410923283e+01
2.775366718410923283e+01
2.775366718410923283e+01
2.775366718410923283e+01
2.775366718410923283e+01
2.775366718410923283e+01
2.775366718410923283e+01
2.775366718410923283e+01
2.775366718410923283e+01
2.775366718410923283e+01
2.791463845377706576e+01
2.791463845377706576e+01
2.791463845377706576e+01
2.791463845377706576e+01
2.791463845377706576e+01
2.791463845377706576e+01
2.791463845377706576e+01
2.791463845377706576e+01
2.791463845377706576e+01
2.791463845377706576e+01
2.791463845377706576e+01
2.791463845377706576e+01
2.807096042911821598e+01
2.807096042911821598e+01
2.807096042911821598e+01
2.807096042911821598e+01
2.807096042911821598e+01
2.807096042911821598e+01
2.807096042911821598e+01
2.807096042911821598e+01
2.807096042911821598e+01
2.807096042911821598e+01
2.807096042911821598e+01
2.807096042911821598e+01
2.822535071147836661e+01
2.822535071147836661e+01
2.822535071147836661e+01
2.822535071147836661e+01
2.822535071147836661e+01
2.822535071147836661e+01
2.822535071147836661e+01
2.822535071147836661e+01
2.822535071147836661e+01
2.822535071147836661e+01
2.822535071147836661e+01
2.822535071147836661e+01
2.837494507024920054e+01
2.837494507024920054e+01
2.837494507024920054e+01
2.837494507024920054e+01
2.837494507024920054e+01
2.837494507024920054e+01
2.837494507024920054e+01
2.837494507024920054e+01
2.837494507024920054e+01
2.837494507024920054e+01
2.837494507024920054e+01
2.837494507024920054e+01
2.852249478461449783e+01
2.852249478461449783e+01
2.852249478461449783e+01
2.852249478461449783e+01
2.852249478461449783e+01
2.852249478461449783e+01
2.852249478461449783e+01
2.852249478461449783e+01
2.852249478461449783e+01
2.852249478461449783e+01
2.852249478461449783e+01
2.852249478461449783e+01
2.866510725853757080e+01
2.866510725853757080e+01
2.866510725853757080e+01
2.866510725853757080e+01
2.866510725853757080e+01
2.866510725853757080e+01
2.866510725853757080e+01
2.866510725853757080e+01
2.866510725853757080e+01
2.866510725853757080e+01
2.866510725853757080e+01
2.866510725853757080e+01
