3.490323832877605170e+00
3.490323832877605170e+00
3.490323832877605170e+00
3.490323832877605170e+00
3.490323832877605170e+00
3.490323832877605170e+00
3.490323832877605170e+00
3.490323832877605170e+00
3.490323832877605170e+00
3.490323832877605170e+00
3.490323832877605170e+00
3.490323832877605170e+00
3.581770317298998307e+00
3.581770317298998307e+00
3.581770317298998307e+00
3.581770317298998307e+00
3.581770317298998307e+00
3.581770317298998307e+00
3.581770317298998307e+00
3.581770317298998307e+00
3.581770317298998307e+00
3.581770317298998307e+00
3.581770317298998307e+00
3.581770317298998307e+00
3.674538168517042180e+00
3.674538168517042180e+00
3.674538168517042180e+00
3.674538168517042180e+00
3.674538168517042180e+00
3.674538168517042180e+00
3.674538168517042180e+00
3.674538168517042180e+00
3.674538168517042180e+00
3.674538168517042180e+00
3.674538168517042180e+00
3.674538168517042180e+00
3.768606345631078547e+00
3.768606345631078547e+00
3.768606345631078547e+00
3.768606345631078547e+00
3.768606345631078547e+00
3.768606345631078547e+00
3.768606345631078547e+00
3.768606345631078547e+00
3.768606345631078547e+00
3.768606345631078547e+00
3.768606345631078547e+00
3.768606345631078547e+00
3.863952086175544753e+00
3.863952086175544753e+00
3.863952086175544753e+00
3.863952086175544753e+00
3.863952086175544753e+00
3.863952086175544753e+00
3.863952086175544753e+00
3.863952086175544753e+00
3.863952086175544753e+00
3.863952086175544753e+00
3.863952086175544753e+00
3.863952086175544753e+00
3.960550888329933183e+00
3.960550888329933183e+00
3.960550888329933183e+00
3.960550888329933183e+00
3.960550888329933183e+00
3.960550888329933183e+00
3.960550888329933183e+00
3.960550888329933183e+00
3.960550888329933183e+00
3.960550888329933183e+00
3.960550888329933183e+00
3.960550888329933183e+00
4.058376495271682316e+00
4.058376495271682316e+00
4.058376495271682316e+00
4.058376495271682316e+00
4.058376495271682316e+00
4.058376495271682316e+00
4.058376495271682316e+00
4.058376495271682316e+00
4.058376495271682316e+00
4.058376495271682316e+00
4.058376495271682316e+00
4.058376495271682316e+00
4.156995044106784221e+00
4.156995044106784221e+00
4.156995044106784221e+00
4.156995044106784221e+00
4.156995044106784221e+00
4.156995044106784221e+00
4.156995044106784221e+00
4.156995044106784221e+00
4.156995044106784221e+00
4.156995044106784221e+00
4.156995044106784221e+00
4.156995044106784221e+00
4.256762925165347156e+00
4.256762925165347156e+00
4.256762925165347156e+00
4.256762925165347156e+00
4.256762925165347156e+00
4.256762925165347156e+00
4.256762925165347156e+00
4.256762925165347156e+00
4.256762925165347156e+00
4.256762925165347156e+00
4.256762925165347156e+00
4.256762925165347156e+00
4.357648206491766096e+00
4.357648206491766096e+00
4.357648206491766096e+00
4.357648206491766096e+00
4.357648206491766096e+00
4.357648206491766096e+00
4.357648206491766096e+00
4.357648206491766096e+00
4.357648206491766096e+00
4.357648206491766096e+00
4.357648206491766096e+00
4.357648206491766096e+00
4.459617174523673455e+00
4.459617174523673455e+00
4.459617174523673455e+00
4.459617174523673455e+00
4.459617174523673455e+00
4.459617174523673455e+00
4.459617174523673455e+00
4.459617174523673455e+00
4.459617174523673455e+00
4.459617174523673455e+00
4.459617174523673455e+00
4.459617174523673455e+00
4.562188369537717669e+00
4.562188369537717669e+00
4.562188369537717669e+00
4.562188369537717669e+00
4.562188369537717669e+00
4.562188369537717669e+00
4.562188369537717669e+00
4.562188369537717669e+00
4.562188369537717669e+00
4.562188369537717669e+00
4.562188369537717669e+00
4.562188369537717669e+00
4.665750045526223744e+00
4.665750045526223744e+00
4.665750045526223744e+00
4.665750045526223744e+00
4.665750045526223744e+00
4.665750045526223744e+00
4.665750045526223744e+00
4.665750045526223744e+00
4.665750045526223744e+00
4.665750045526223744e+00
4.665750045526223744e+00
4.665750045526223744e+00
4.769796271541458133e+00
4.769796271541458133e+00
4.769796271541458133e+00
4.769796271541458133e+00
4.769796271541458133e+00
4.769796271541458133e+00
4.769796271541458133e+00
4.769796271541458133e+00
4.769796271541458133e+00
4.769796271541458133e+00
4.769796271541458133e+00
4.769796271541458133e+00
4.874731789515370117e+00
4.874731789515370117e+00
4.874731789515370117e+00
4.874731789515370117e+00
4.874731789515370117e+00
4.874731789515370117e+00
4.874731789515370117e+00
4.874731789515370117e+00
4.874731789515370117e+00
4.874731789515370117e+00
4.874731789515370117e+00
4.874731789515370117e+00
4.980025996168902402e+00
4.980025996168902402e+00
4.980025996168902402e+00
4.980025996168902402e+00
4.980025996168902402e+00
4.980025996168902402e+00
4.980025996168902402e+00
4.980025996168902402e+00
4.980025996168902402e+00
4.980025996168902402e+00
4.980025996168902402e+00
4.980025996168902402e+00
5.086100549887300204e+00
5.086100549887300204e+00
5.086100549887300204e+00
5.086100549887300204e+00
5.086100549887300204e+00
5.086100549887300204e+00
5.086100549887300204e+00
5.086100549887300204e+00
5.086100549887300204e+00
5.086100549887300204e+00
5.086100549887300204e+00
5.086100549887300204e+00
5.192908661434933570e+00
5.192908661434933570e+00
5.192908661434933570e+00
5.192908661434933570e+00
5.192908661434933570e+00
5.192908661434933570e+00
5.192908661434933570e+00
5.192908661434933570e+00
5.192908661434933570e+00
5.192908661434933570e+00
5.192908661434933570e+00
5.192908661434933570e+00
5.299882579860493159e+00
5.299882579860493159e+00
5.299882579860493159e+00
5.299882579860493159e+00
5.299882579860493159e+00
5.299882579860493159e+00
5.299882579860493159e+00
5.299882579860493159e+00
5.299882579860493159e+00
5.299882579860493159e+00
5.299882579860493159e+00
5.299882579860493159e+00
5.407470196231661141e+00
5.407470196231661141e+00
5.407470196231661141e+00
5.407470196231661141e+00
5.407470196231661141e+00
5.407470196231661141e+00
5.407470196231661141e+00
5.407470196231661141e+00
5.407470196231661141e+00
5.407470196231661141e+00
5.407470196231661141e+00
5.407470196231661141e+00
5.515078853136671455e+00
5.515078853136671455e+00
5.515078853136671455e+00
5.515078853136671455e+00
5.515078853136671455e+00
5.515078853136671455e+00
5.515078853136671455e+00
5.515078853136671455e+00
5.515078853136671455e+00
5.515078853136671455e+00
5.515078853136671455e+00
5.515078853136671455e+00
5.623174398658150608e+00
5.623174398658150608e+00
5.623174398658150608e+00
5.623174398658150608e+00
5.623174398658150608e+00
5.623174398658150608e+00
5.623174398658150608e+00
5.623174398658150608e+00
5.623174398658150608e+00
5.623174398658150608e+00
5.623174398658150608e+00
5.623174398658150608e+00
5.731139347112387483e+00
5.731139347112387483e+00
5.731139347112387483e+00
5.731139347112387483e+00
5.731139347112387483e+00
5.731139347112387483e+00
5.731139347112387483e+00
5.731139347112387483e+00
5.731139347112387483e+00
5.731139347112387483e+00
5.731139347112387483e+00
5.731139347112387483e+00
5.839457880772811471e+00
5.839457880772811471e+00
5.839457880772811471e+00
5.839457880772811471e+00
5.839457880772811471e+00
5.839457880772811471e+00
5.839457880772811471e+00
5.839457880772811471e+00
5.839457880772811471e+00
5.839457880772811471e+00
5.839457880772811471e+00
5.839457880772811471e+00
5.948071797355185986e+00
5.948071797355185986e+00
5.948071797355185986e+00
5.948071797355185986e+00
5.948071797355185986e+00
5.948071797355185986e+00
5.948071797355185986e+00
5.948071797355185986e+00
5.948071797355185986e+00
5.948071797355185986e+00
5.948071797355185986e+00
5.948071797355185986e+00
6.056326704067050315e+00
6.056326704067050315e+00
6.056326704067050315e+00
6.056326704067050315e+00
6.056326704067050315e+00
6.056326704067050315e+00
6.056326704067050315e+00
6.056326704067050315e+00
6.056326704067050315e+00
6.056326704067050315e+00
6.056326704067050315e+00
6.056326704067050315e+00
6.164734952069850671e+00
6.164734952069850671e+00
6.164734952069850671e+00
6.164734952069850671e+00
6.164734952069850671e+00
6.164734952069850671e+00
6.164734952069850671e+00
6.164734952069850671e+00
6.164734952069850671e+00
6.164734952069850671e+00
6.164734952069850671e+00
6.164734952069850671e+00
6.272617813731073078e+00
6.272617813731073078e+00
6.272617813731073078e+00
6.272617813731073078e+00
6.272617813731073078e+00
6.272617813731073078e+00
6.272617813731073078e+00
6.272617813731073078e+00
6.272617813731073078e+00
6.272617813731073078e+00
6.272617813731073078e+00
6.272617813731073078e+00
6.380506840127247337e+00
6.380506840127247337e+00
6.380506840127247337e+00
6.380506840127247337e+00
6.380506840127247337e+00
6.380506840127247337e+00
6.380506840127247337e+00
6.380506840127247337e+00
6.380506840127247337e+00
6.380506840127247337e+00
6.380506840127247337e+00
6.380506840127247337e+00
6.488337405725397744e+00
6.488337405725397744e+00
6.488337405725397744e+00
6.488337405725397744e+00
6.488337405725397744e+00
6.488337405725397744e+00
6.488337405725397744e+00
6.488337405725397744e+00
6.488337405725397744e+00
6.488337405725397744e+00
6.488337405725397744e+00
6.488337405725397744e+00
6.596043806660439657e+00
6.596043806660439657e+00
6.596043806660439657e+00
6.596043806660439657e+00
6.596043806660439657e+00
6.596043806660439657e+00
6.596043806660439657e+00
6.596043806660439657e+00
6.596043806660439657e+00
6.596043806660439657e+00
6.596043806660439657e+00
6.596043806660439657e+00
6.702899716328338364e+00
6.702899716328338364e+00
6.702899716328338364e+00
6.702899716328338364e+00
6.702899716328338364e+00
6.702899716328338364e+00
6.702899716328338364e+00
6.702899716328338364e+00
6.702899716328338364e+00
6.702899716328338364e+00
6.702899716328338364e+00
6.702899716328338364e+00
6.809475821817958519e+00
6.809475821817958519e+00
6.809475821817958519e+00
6.809475821817958519e+00
6.809475821817958519e+00
6.809475821817958519e+00
6.809475821817958519e+00
6.809475821817958519e+00
6.809475821817958519e+00
6.809475821817958519e+00
6.809475821817958519e+00
6.809475821817958519e+00
6.915703644638318437e+00
6.915703644638318437e+00
6.915703644638318437e+00
6.915703644638318437e+00
6.915703644638318437e+00
6.915703644638318437e+00
6.915703644638318437e+00
6.915703644638318437e+00
6.915703644638318437e+00
6.915703644638318437e+00
6.915703644638318437e+00
6.915703644638318437e+00
7.021513910401284697e+00
7.021513910401284697e+00
7.021513910401284697e+00
7.021513910401284697e+00
7.021513910401284697e+00
7.021513910401284697e+00
7.021513910401284697e+00
7.021513910401284697e+00
7.021513910401284697e+00
7.021513910401284697e+00
7.021513910401284697e+00
7.021513910401284697e+00
7.126836619057304034e+00
7.126836619057304034e+00
7.126836619057304034e+00
7.126836619057304034e+00
7.126836619057304034e+00
7.126836619057304034e+00
7.126836619057304034e+00
7.126836619057304034e+00
7.126836619057304034e+00
7.126836619057304034e+00
7.126836619057304034e+00
7.126836619057304034e+00
7.231601117357446817e+00
7.231601117357446817e+00
7.231601117357446817e+00
7.231601117357446817e+00
7.231601117357446817e+00
7.231601117357446817e+00
7.231601117357446817e+00
7.231601117357446817e+00
7.231601117357446817e+00
7.231601117357446817e+00
7.231601117357446817e+00
7.231601117357446817e+00
7.335736173447394037e+00
7.335736173447394037e+00
7.335736173447394037e+00
7.335736173447394037e+00
7.335736173447394037e+00
7.335736173447394037e+00
7.335736173447394037e+00
7.335736173447394037e+00
7.335736173447394037e+00
7.335736173447394037e+00
7.335736173447394037e+00
7.335736173447394037e+00
7.439170053493001866e+00
7.439170053493001866e+00
7.439170053493001866e+00
7.439170053493001866e+00
7.439170053493001866e+00
7.439170053493001866e+00
7.439170053493001866e+00
7.439170053493001866e+00
7.439170053493001866e+00
7.439170053493001866e+00
7.439170053493001866e+00
7.439170053493001866e+00
7.541830600231205217e+00
7.541830600231205217e+00
7.541830600231205217e+00
7.541830600231205217e+00
7.541830600231205217e+00
7.541830600231205217e+00
7.541830600231205217e+00
7.541830600231205217e+00
7.541830600231205217e+00
7.541830600231205217e+00
7.541830600231205217e+00
7.541830600231205217e+00
7.643645313334326730e+00
7.643645313334326730e+00
7.643645313334326730e+00
7.643645313334326730e+00
7.643645313334326730e+00
7.643645313334326730e+00
7.643645313334326730e+00
7.643645313334326730e+00
7.643645313334326730e+00
7.643645313334326730e+00
7.643645313334326730e+00
7.643645313334326730e+00
7.744541431470340243e+00
7.744541431470340243e+00
7.744541431470340243e+00
7.744541431470340243e+00
7.744541431470340243e+00
7.744541431470340243e+00
7.744541431470340243e+00
7.744541431470340243e+00
7.744541431470340243e+00
7.744541431470340243e+00
7.744541431470340243e+00
7.744541431470340243e+00
7.844446015936307859e+00
7.844446015936307859e+00
7.844446015936307859e+00
7.844446015936307859e+00
7.844446015936307859e+00
7.844446015936307859e+00
7.844446015936307859e+00
7.844446015936307859e+00
7.844446015936307859e+00
7.844446015936307859e+00
7.844446015936307859e+00
7.844446015936307859e+00
7.943286035737105344e+00
7.943286035737105344e+00
7.943286035737105344e+00
7.943286035737105344e+00
7.943286035737105344e+00
7.943286035737105344e+00
7.943286035737105344e+00
7.943286035737105344e+00
7.943286035737105344e+00
7.943286035737105344e+00
7.943286035737105344e+00
7.943286035737105344e+00
8.040988453976671835e+00
8.040988453976671835e+00
8.040988453976671835e+00
8.040988453976671835e+00
8.040988453976671835e+00
8.040988453976671835e+00
8.040988453976671835e+00
8.040988453976671835e+00
8.040988453976671835e+00
8.040988453976671835e+00
8.040988453976671835e+00
8.040988453976671835e+00
8.138284414269788769e+00
8.138284414269788769e+00
8.138284414269788769e+00
8.138284414269788769e+00
8.138284414269788769e+00
8.138284414269788769e+00
8.138284414269788769e+00
8.138284414269788769e+00
8.138284414269788769e+00
8.138284414269788769e+00
8.138284414269788769e+00
8.138284414269788769e+00
8.234316170358171760e+00
8.234316170358171760e+00
8.234316170358171760e+00
8.234316170358171760e+00
8.234316170358171760e+00
8.234316170358171760e+00
8.234316170358171760e+00
8.234316170358171760e+00
8.234316170358171760e+00
8.234316170358171760e+00
8.234316170358171760e+00
8.234316170358171760e+00
8.329010806317290516e+00
8.329010806317290516e+00
8.329010806317290516e+00
8.329010806317290516e+00
8.329010806317290516e+00
8.329010806317290516e+00
8.329010806317290516e+00
8.329010806317290516e+00
8.329010806317290516e+00
8.329010806317290516e+00
8.329010806317290516e+00
8.329010806317290516e+00
8.423128628428676379e+00
8.423128628428676379e+00
8.423128628428676379e+00
8.423128628428676379e+00
8.423128628428676379e+00
8.423128628428676379e+00
8.423128628428676379e+00
8.423128628428676379e+00
8.423128628428676379e+00
8.423128628428676379e+00
8.423128628428676379e+00
8.423128628428676379e+00
8.515783043341391689e+00
8.515783043341391689e+00
8.515783043341391689e+00
8.515783043341391689e+00
8.515783043341391689e+00
8.515783043341391689e+00
8.515783043341391689e+00
8.515783043341391689e+00
8.515783043341391689e+00
8.515783043341391689e+00
8.515783043341391689e+00
8.515783043341391689e+00
8.606901921905144803e+00
8.606901921905144803e+00
8.606901921905144803e+00
8.606901921905144803e+00
8.606901921905144803e+00
8.606901921905144803e+00
8.606901921905144803e+00
8.606901921905144803e+00
8.606901921905144803e+00
8.606901921905144803e+00
8.606901921905144803e+00
8.606901921905144803e+00
8.697274392085148520e+00
8.697274392085148520e+00
8.697274392085148520e+00
8.697274392085148520e+00
8.697274392085148520e+00
8.697274392085148520e+00
8.697274392085148520e+00
8.697274392085148520e+00
8.697274392085148520e+00
8.697274392085148520e+00
8.697274392085148520e+00
8.697274392085148520e+00
8.785986590884416358e+00
8.785986590884416358e+00
8.785986590884416358e+00
8.785986590884416358e+00
8.785986590884416358e+00
8.785986590884416358e+00
8.785986590884416358e+00
8.785986590884416358e+00
8.785986590884416358e+00
8.785986590884416358e+00
8.785986590884416358e+00
8.785986590884416358e+00
8.873846456793261339e+00
8.873846456793261339e+00
8.873846456793261339e+00
8.873846456793261339e+00
8.873846456793261339e+00
8.873846456793261339e+00
8.873846456793261339e+00
8.873846456793261339e+00
8.873846456793261339e+00
8.873846456793261339e+00
8.873846456793261339e+00
8.873846456793261339e+00
8.960810152069834444e+00
8.960810152069834444e+00
8.960810152069834444e+00
8.960810152069834444e+00
8.960810152069834444e+00
8.960810152069834444e+00
8.960810152069834444e+00
8.960810152069834444e+00
8.960810152069834444e+00
8.960810152069834444e+00
8.960810152069834444e+00
8.960810152069834444e+00
9.045937848514498114e+00
9.045937848514498114e+00
9.045937848514498114e+00
9.045937848514498114e+00
9.045937848514498114e+00
9.045937848514498114e+00
9.045937848514498114e+00
9.045937848514498114e+00
9.045937848514498114e+00
9.045937848514498114e+00
9.045937848514498114e+00
9.045937848514498114e+00
9.130065070505683167e+00
9.130065070505683167e+00
9.130065070505683167e+00
9.130065070505683167e+00
9.130065070505683167e+00
9.130065070505683167e+00
9.130065070505683167e+00
9.130065070505683167e+00
9.130065070505683167e+00
9.130065070505683167e+00
9.130065070505683167e+00
9.130065070505683167e+00
9.213148662647284937e+00
9.213148662647284937e+00
9.213148662647284937e+00
9.213148662647284937e+00
9.213148662647284937e+00
9.213148662647284937e+00
9.213148662647284937e+00
9.213148662647284937e+00
9.213148662647284937e+00
9.213148662647284937e+00
9.213148662647284937e+00
9.213148662647284937e+00
9.294224370878580999e+00
9.294224370878580999e+00
9.294224370878580999e+00
9.294224370878580999e+00
9.294224370878580999e+00
9.294224370878580999e+00
9.294224370878580999e+00
9.294224370878580999e+00
9.294224370878580999e+00
9.294224370878580999e+00
9.294224370878580999e+00
9.294224370878580999e+00
9.374154700468137591e+00
9.374154700468137591e+00
9.374154700468137591e+00
9.374154700468137591e+00
9.374154700468137591e+00
9.374154700468137591e+00
9.374154700468137591e+00
9.374154700468137591e+00
9.374154700468137591e+00
9.374154700468137591e+00
9.374154700468137591e+00
9.374154700468137591e+00
9.452897599952070351e+00
9.452897599952070351e+00
9.452897599952070351e+00
9.452897599952070351e+00
9.452897599952070351e+00
9.452897599952070351e+00
9.452897599952070351e+00
9.452897599952070351e+00
9.452897599952070351e+00
9.452897599952070351e+00
9.452897599952070351e+00
9.452897599952070351e+00
9.530411360271676458e+00
9.530411360271676458e+00
9.530411360271676458e+00
9.530411360271676458e+00
9.530411360271676458e+00
9.530411360271676458e+00
9.530411360271676458e+00
9.530411360271676458e+00
9.530411360271676458e+00
9.530411360271676458e+00
9.530411360271676458e+00
9.530411360271676458e+00
9.606654651153849755e+00
9.606654651153849755e+00
9.606654651153849755e+00
9.606654651153849755e+00
9.606654651153849755e+00
9.606654651153849755e+00
9.606654651153849755e+00
9.606654651153849755e+00
9.606654651153849755e+00
9.606654651153849755e+00
9.606654651153849755e+00
9.606654651153849755e+00
9.681586557432849460e+00
9.681586557432849460e+00
9.681586557432849460e+00
9.681586557432849460e+00
9.681586557432849460e+00
9.681586557432849460e+00
9.681586557432849460e+00
9.681586557432849460e+00
9.681586557432849460e+00
9.681586557432849460e+00
9.681586557432849460e+00
9.681586557432849460e+00
9.755166615269338592e+00
9.755166615269338592e+00
9.755166615269338592e+00
9.755166615269338592e+00
9.755166615269338592e+00
9.755166615269338592e+00
9.755166615269338592e+00
9.755166615269338592e+00
9.755166615269338592e+00
9.755166615269338592e+00
9.755166615269338592e+00
9.755166615269338592e+00
9.827354848222331185e+00
9.827354848222331185e+00
9.827354848222331185e+00
9.827354848222331185e+00
9.827354848222331185e+00
9.827354848222331185e+00
9.827354848222331185e+00
9.827354848222331185e+00
9.827354848222331185e+00
9.827354848222331185e+00
9.827354848222331185e+00
9.827354848222331185e+00
9.898111803129532760e+00
9.898111803129532760e+00
9.898111803129532760e+00
9.898111803129532760e+00
9.898111803129532760e+00
9.898111803129532760e+00
9.898111803129532760e+00
9.898111803129532760e+00
9.898111803129532760e+00
9.898111803129532760e+00
9.898111803129532760e+00
9.898111803129532760e+00
9.967398585751439555e+00
9.967398585751439555e+00
9.967398585751439555e+00
9.967398585751439555e+00
9.967398585751439555e+00
9.967398585751439555e+00
9.967398585751439555e+00
9.967398585751439555e+00
9.967398585751439555e+00
9.967398585751439555e+00
9.967398585751439555e+00
9.967398585751439555e+00
1.003517689613454955e+01
1.003517689613454955e+01
1.003517689613454955e+01
1.003517689613454955e+01
1.003517689613454955e+01
1.003517689613454955e+01
1.003517689613454955e+01
1.003517689613454955e+01
1.003517689613454955e+01
1.003517689613454955e+01
1.003517689613454955e+01
1.003517689613454955e+01
1.010241258133865117e+01
1.010241258133865117e+01
1.010241258133865117e+01
1.010241258133865117e+01
1.010241258133865117e+01
1.010241258133865117e+01
1.010241258133865117e+01
1.010241258133865117e+01
1.010241258133865117e+01
1.010241258133865117e+01
1.010241258133865117e+01
1.010241258133865117e+01
1.016807826311735319e+01
1.016807826311735319e+01
1.016807826311735319e+01
1.016807826311735319e+01
1.016807826311735319e+01
1.016807826311735319e+01
1.016807826311735319e+01
1.016807826311735319e+01
1.016807826311735319e+01
1.016807826311735319e+01
1.016807826311735319e+01
1.016807826311735319e+01
1.023213715617499275e+01
1.023213715617499275e+01
1.023213715617499275e+01
1.023213715617499275e+01
1.023213715617499275e+01
1.023213715617499275e+01
1.023213715617499275e+01
1.023213715617499275e+01
1.023213715617499275e+01
1.023213715617499275e+01
1.023213715617499275e+01
1.023213715617499275e+01
1.029455319282766013e+01
1.029455319282766013e+01
1.029455319282766013e+01
1.029455319282766013e+01
1.029455319282766013e+01
1.029455319282766013e+01
1.029455319282766013e+01
1.029455319282766013e+01
1.029455319282766013e+01
1.029455319282766013e+01
1.029455319282766013e+01
1.029455319282766013e+01
1.035632051198462555e+01
1.035632051198462555e+01
1.035632051198462555e+01
1.035632051198462555e+01
1.035632051198462555e+01
1.035632051198462555e+01
1.035632051198462555e+01
1.035632051198462555e+01
1.035632051198462555e+01
1.035632051198462555e+01
1.035632051198462555e+01
1.035632051198462555e+01
1.041638717095413647e+01
1.041638717095413647e+01
1.041638717095413647e+01
1.041638717095413647e+01
1.041638717095413647e+01
1.041638717095413647e+01
1.041638717095413647e+01
1.041638717095413647e+01
1.041638717095413647e+01
1.041638717095413647e+01
1.041638717095413647e+01
1.041638717095413647e+01
1.047471893911147944e+01
1.047471893911147944e+01
1.047471893911147944e+01
1.047471893911147944e+01
1.047471893911147944e+01
1.047471893911147944e+01
1.047471893911147944e+01
1.047471893911147944e+01
1.047471893911147944e+01
1.047471893911147944e+01
1.047471893911147944e+01
1.047471893911147944e+01
1.053232989327659297e+01
1.053232989327659297e+01
1.053232989327659297e+01
1.053232989327659297e+01
1.053232989327659297e+01
1.053232989327659297e+01
1.053232989327659297e+01
1.053232989327659297e+01
1.053232989327659297e+01
1.053232989327659297e+01
1.053232989327659297e+01
1.053232989327659297e+01
1.058815124171095867e+01
1.058815124171095867e+01
1.058815124171095867e+01
1.058815124171095867e+01
1.058815124171095867e+01
1.058815124171095867e+01
1.058815124171095867e+01
1.058815124171095867e+01
1.058815124171095867e+01
1.058815124171095867e+01
1.058815124171095867e+01
1.058815124171095867e+01
1.064320962816785610e+01
1.064320962816785610e+01
1.064320962816785610e+01
1.064320962816785610e+01
1.064320962816785610e+01
1.064320962816785610e+01
1.064320962816785610e+01
1.064320962816785610e+01
1.064320962816785610e+01
1.064320962816785610e+01
1.064320962816785610e+01
1.064320962816785610e+01
1.069642567630869578e+01
1.069642567630869578e+01
1.069642567630869578e+01
1.069642567630869578e+01
1.069642567630869578e+01
1.069642567630869578e+01
1.069642567630869578e+01
1.069642567630869578e+01
1.069642567630869578e+01
1.069642567630869578e+01
1.069642567630869578e+01
1.069642567630869578e+01
