4.900615954726200485e+00
4.900615954726200485e+00
4.900615954726200485e+00
4.900615954726200485e+00
4.900615954726200485e+00
4.900615954726200485e+00
4.900615954726200485e+00
4.900615954726200485e+00
4.900615954726200485e+00
4.900615954726200485e+00
4.900615954726200485e+00
4.900615954726200485e+00
5.029012092740027029e+00
5.029012092740027029e+00
5.029012092740027029e+00
5.029012092740027029e+00
5.029012092740027029e+00
5.029012092740027029e+00
5.029012092740027029e+00
5.029012092740027029e+00
5.029012092740027029e+00
5.029012092740027029e+00
5.029012092740027029e+00
5.029012092740027029e+00
5.159263505941993344e+00
5.159263505941993344e+00
5.159263505941993344e+00
5.159263505941993344e+00
5.159263505941993344e+00
5.159263505941993344e+00
5.159263505941993344e+00
5.159263505941993344e+00
5.159263505941993344e+00
5.159263505941993344e+00
5.159263505941993344e+00
5.159263505941993344e+00
5.291340651694108388e+00
5.291340651694108388e+00
5.291340651694108388e+00
5.291340651694108388e+00
5.291340651694108388e+00
5.291340651694108388e+00
5.291340651694108388e+00
5.291340651694108388e+00
5.291340651694108388e+00
5.291340651694108388e+00
5.291340651694108388e+00
5.291340651694108388e+00
5.425211570181969201e+00
5.425211570181969201e+00
5.425211570181969201e+00
5.425211570181969201e+00
5.425211570181969201e+00
5.425211570181969201e+00
5.425211570181969201e+00
5.425211570181969201e+00
5.425211570181969201e+00
5.425211570181969201e+00
5.425211570181969201e+00
5.425211570181969201e+00
5.560841859436518320e+00
5.560841859436518320e+00
5.560841859436518320e+00
5.560841859436518320e+00
5.560841859436518320e+00
5.560841859436518320e+00
5.560841859436518320e+00
5.560841859436518320e+00
5.560841859436518320e+00
5.560841859436518320e+00
5.560841859436518320e+00
5.560841859436518320e+00
5.698194653364600626e+00
5.698194653364600626e+00
5.698194653364600626e+00
5.698194653364600626e+00
5.698194653364600626e+00
5.698194653364600626e+00
5.698194653364600626e+00
5.698194653364600626e+00
5.698194653364600626e+00
5.698194653364600626e+00
5.698194653364600626e+00
5.698194653364600626e+00
5.836660783441360856e+00
5.836660783441360856e+00
5.836660783441360856e+00
5.836660783441360856e+00
5.836660783441360856e+00
5.836660783441360856e+00
5.836660783441360856e+00
5.836660783441360856e+00
5.836660783441360856e+00
5.836660783441360856e+00
5.836660783441360856e+00
5.836660783441360856e+00
5.976740642243953516e+00
5.976740642243953516e+00
5.976740642243953516e+00
5.976740642243953516e+00
5.976740642243953516e+00
5.976740642243953516e+00
5.976740642243953516e+00
5.976740642243953516e+00
5.976740642243953516e+00
5.976740642243953516e+00
5.976740642243953516e+00
5.976740642243953516e+00
6.118389395465134939e+00
6.118389395465134939e+00
6.118389395465134939e+00
6.118389395465134939e+00
6.118389395465134939e+00
6.118389395465134939e+00
6.118389395465134939e+00
6.118389395465134939e+00
6.118389395465134939e+00
6.118389395465134939e+00
6.118389395465134939e+00
6.118389395465134939e+00
6.261559707319019452e+00
6.261559707319019452e+00
6.261559707319019452e+00
6.261559707319019452e+00
6.261559707319019452e+00
6.261559707319019452e+00
6.261559707319019452e+00
6.261559707319019452e+00
6.261559707319019452e+00
6.261559707319019452e+00
6.261559707319019452e+00
6.261559707319019452e+00
6.405575580587356654e+00
6.405575580587356654e+00
6.405575580587356654e+00
6.405575580587356654e+00
6.405575580587356654e+00
6.405575580587356654e+00
6.405575580587356654e+00
6.405575580587356654e+00
6.405575580587356654e+00
6.405575580587356654e+00
6.405575580587356654e+00
6.405575580587356654e+00
6.550982146266689732e+00
6.550982146266689732e+00
6.550982146266689732e+00
6.550982146266689732e+00
6.550982146266689732e+00
6.550982146266689732e+00
6.550982146266689732e+00
6.550982146266689732e+00
6.550982146266689732e+00
6.550982146266689732e+00
6.550982146266689732e+00
6.550982146266689732e+00
6.697069048128437174e+00
6.697069048128437174e+00
6.697069048128437174e+00
6.697069048128437174e+00
6.697069048128437174e+00
6.697069048128437174e+00
6.697069048128437174e+00
6.697069048128437174e+00
6.697069048128437174e+00
6.697069048128437174e+00
6.697069048128437174e+00
6.697069048128437174e+00
6.844404567187262423e+00
6.844404567187262423e+00
6.844404567187262423e+00
6.844404567187262423e+00
6.844404567187262423e+00
6.844404567187262423e+00
6.844404567187262423e+00
6.844404567187262423e+00
6.844404567187262423e+00
6.844404567187262423e+00
6.844404567187262423e+00
6.844404567187262423e+00
6.992243705838506962e+00
6.992243705838506962e+00
6.992243705838506962e+00
6.992243705838506962e+00
6.992243705838506962e+00
6.992243705838506962e+00
6.992243705838506962e+00
6.992243705838506962e+00
6.992243705838506962e+00
6.992243705838506962e+00
6.992243705838506962e+00
6.992243705838506962e+00
7.141178496772867312e+00
7.141178496772867312e+00
7.141178496772867312e+00
7.141178496772867312e+00
7.141178496772867312e+00
7.141178496772867312e+00
7.141178496772867312e+00
7.141178496772867312e+00
7.141178496772867312e+00
7.141178496772867312e+00
7.141178496772867312e+00
7.141178496772867312e+00
7.291143245205097934e+00
7.291143245205097934e+00
7.291143245205097934e+00
7.291143245205097934e+00
7.291143245205097934e+00
7.291143245205097934e+00
7.291143245205097934e+00
7.291143245205097934e+00
7.291143245205097934e+00
7.291143245205097934e+00
7.291143245205097934e+00
7.291143245205097934e+00
7.441340796056323370e+00
7.441340796056323370e+00
7.441340796056323370e+00
7.441340796056323370e+00
7.441340796056323370e+00
7.441340796056323370e+00
7.441340796056323370e+00
7.441340796056323370e+00
7.441340796056323370e+00
7.441340796056323370e+00
7.441340796056323370e+00
7.441340796056323370e+00
7.592400014216266868e+00
7.592400014216266868e+00
7.592400014216266868e+00
7.592400014216266868e+00
7.592400014216266868e+00
7.592400014216266868e+00
7.592400014216266868e+00
7.592400014216266868e+00
7.592400014216266868e+00
7.592400014216266868e+00
7.592400014216266868e+00
7.592400014216266868e+00
7.743488774499170724e+00
7.743488774499170724e+00
7.743488774499170724e+00
7.743488774499170724e+00
7.743488774499170724e+00
7.743488774499170724e+00
7.743488774499170724e+00
7.743488774499170724e+00
7.743488774499170724e+00
7.743488774499170724e+00
7.743488774499170724e+00
7.743488774499170724e+00
7.895261154479354282e+00
7.895261154479354282e+00
7.895261154479354282e+00
7.895261154479354282e+00
7.895261154479354282e+00
7.895261154479354282e+00
7.895261154479354282e+00
7.895261154479354282e+00
7.895261154479354282e+00
7.895261154479354282e+00
7.895261154479354282e+00
7.895261154479354282e+00
8.046850168645358181e+00
8.046850168645358181e+00
8.046850168645358181e+00
8.046850168645358181e+00
8.046850168645358181e+00
8.046850168645358181e+00
8.046850168645358181e+00
8.046850168645358181e+00
8.046850168645358181e+00
8.046850168645358181e+00
8.046850168645358181e+00
8.046850168645358181e+00
8.198935636832755947e+00
8.198935636832755947e+00
8.198935636832755947e+00
8.198935636832755947e+00
8.198935636832755947e+00
8.198935636832755947e+00
8.198935636832755947e+00
8.198935636832755947e+00
8.198935636832755947e+00
8.198935636832755947e+00
8.198935636832755947e+00
8.198935636832755947e+00
8.351435839677845863e+00
8.351435839677845863e+00
8.351435839677845863e+00
8.351435839677845863e+00
8.351435839677845863e+00
8.351435839677845863e+00
8.351435839677845863e+00
8.351435839677845863e+00
8.351435839677845863e+00
8.351435839677845863e+00
8.351435839677845863e+00
8.351435839677845863e+00
8.503431971959981794e+00
8.503431971959981794e+00
8.503431971959981794e+00
8.503431971959981794e+00
8.503431971959981794e+00
8.503431971959981794e+00
8.503431971959981794e+00
8.503431971959981794e+00
8.503431971959981794e+00
8.503431971959981794e+00
8.503431971959981794e+00
8.503431971959981794e+00
8.655643404258064777e+00
8.655643404258064777e+00
8.655643404258064777e+00
8.655643404258064777e+00
8.655643404258064777e+00
8.655643404258064777e+00
8.655643404258064777e+00
8.655643404258064777e+00
8.655643404258064777e+00
8.655643404258064777e+00
8.655643404258064777e+00
8.655643404258064777e+00
8.807117163832581141e+00
8.807117163832581141e+00
8.807117163832581141e+00
8.807117163832581141e+00
8.807117163832581141e+00
8.807117163832581141e+00
8.807117163832581141e+00
8.807117163832581141e+00
8.807117163832581141e+00
8.807117163832581141e+00
8.807117163832581141e+00
8.807117163832581141e+00
8.958599579050501305e+00
8.958599579050501305e+00
8.958599579050501305e+00
8.958599579050501305e+00
8.958599579050501305e+00
8.958599579050501305e+00
8.958599579050501305e+00
8.958599579050501305e+00
8.958599579050501305e+00
8.958599579050501305e+00
8.958599579050501305e+00
8.958599579050501305e+00
9.109999911936455419e+00
9.109999911936455419e+00
9.109999911936455419e+00
9.109999911936455419e+00
9.109999911936455419e+00
9.109999911936455419e+00
9.109999911936455419e+00
9.109999911936455419e+00
9.109999911936455419e+00
9.109999911936455419e+00
9.109999911936455419e+00
9.109999911936455419e+00
9.261225910474600198e+00
9.261225910474600198e+00
9.261225910474600198e+00
9.261225910474600198e+00
9.261225910474600198e+00
9.261225910474600198e+00
9.261225910474600198e+00
9.261225910474600198e+00
9.261225910474600198e+00
9.261225910474600198e+00
9.261225910474600198e+00
9.261225910474600198e+00
9.411257770224288777e+00
9.411257770224288777e+00
9.411257770224288777e+00
9.411257770224288777e+00
9.411257770224288777e+00
9.411257770224288777e+00
9.411257770224288777e+00
9.411257770224288777e+00
9.411257770224288777e+00
9.411257770224288777e+00
9.411257770224288777e+00
9.411257770224288777e+00
9.560896768770854592e+00
9.560896768770854592e+00
9.560896768770854592e+00
9.560896768770854592e+00
9.560896768770854592e+00
9.560896768770854592e+00
9.560896768770854592e+00
9.560896768770854592e+00
9.560896768770854592e+00
9.560896768770854592e+00
9.560896768770854592e+00
9.560896768770854592e+00
9.710046758363679587e+00
9.710046758363679587e+00
9.710046758363679587e+00
9.710046758363679587e+00
9.710046758363679587e+00
9.710046758363679587e+00
9.710046758363679587e+00
9.710046758363679587e+00
9.710046758363679587e+00
9.710046758363679587e+00
9.710046758363679587e+00
9.710046758363679587e+00
9.858610473766644233e+00
9.858610473766644233e+00
9.858610473766644233e+00
9.858610473766644233e+00
9.858610473766644233e+00
9.858610473766644233e+00
9.858610473766644233e+00
9.858610473766644233e+00
9.858610473766644233e+00
9.858610473766644233e+00
9.858610473766644233e+00
9.858610473766644233e+00
1.000648963087314414e+01
1.000648963087314414e+01
1.000648963087314414e+01
1.000648963087314414e+01
1.000648963087314414e+01
1.000648963087314414e+01
1.000648963087314414e+01
1.000648963087314414e+01
1.000648963087314414e+01
1.000648963087314414e+01
1.000648963087314414e+01
1.000648963087314414e+01
1.015358502844697952e+01
1.015358502844697952e+01
1.015358502844697952e+01
1.015358502844697952e+01
1.015358502844697952e+01
1.015358502844697952e+01
1.015358502844697952e+01
1.015358502844697952e+01
1.015358502844697952e+01
1.015358502844697952e+01
1.015358502844697952e+01
1.015358502844697952e+01
1.029979665285661561e+01
1.029979665285661561e+01
1.029979665285661561e+01
1.029979665285661561e+01
1.029979665285661561e+01
1.029979665285661561e+01
1.029979665285661561e+01
1.029979665285661561e+01
1.029979665285661561e+01
1.029979665285661561e+01
1.029979665285661561e+01
1.029979665285661561e+01
1.044502378566189371e+01
1.044502378566189371e+01
1.044502378566189371e+01
1.044502378566189371e+01
1.044502378566189371e+01
1.044502378566189371e+01
1.044502378566189371e+01
1.044502378566189371e+01
1.044502378566189371e+01
1.044502378566189371e+01
1.044502378566189371e+01
1.044502378566189371e+01
1.058916511390402704e+01
1.058916511390402704e+01
1.058916511390402704e+01
1.058916511390402704e+01
1.058916511390402704e+01
1.058916511390402704e+01
1.058916511390402704e+01
1.058916511390402704e+01
1.058916511390402704e+01
1.058916511390402704e+01
1.058916511390402704e+01
1.058916511390402704e+01
1.073211884294173224e+01
1.073211884294173224e+01
1.073211884294173224e+01
1.073211884294173224e+01
1.073211884294173224e+01
1.073211884294173224e+01
1.073211884294173224e+01
1.073211884294173224e+01
1.073211884294173224e+01
1.073211884294173224e+01
1.073211884294173224e+01
1.073211884294173224e+01
1.087378281166856375e+01
1.087378281166856375e+01
1.087378281166856375e+01
1.087378281166856375e+01
1.087378281166856375e+01
1.087378281166856375e+01
1.087378281166856375e+01
1.087378281166856375e+01
1.087378281166856375e+01
1.087378281166856375e+01
1.087378281166856375e+01
1.087378281166856375e+01
1.101405460993908747e+01
1.101405460993908747e+01
1.101405460993908747e+01
1.101405460993908747e+01
1.101405460993908747e+01
1.101405460993908747e+01
1.101405460993908747e+01
1.101405460993908747e+01
1.101405460993908747e+01
1.101405460993908747e+01
1.101405460993908747e+01
1.101405460993908747e+01
1.115283169802432006e+01
1.115283169802432006e+01
1.115283169802432006e+01
1.115283169802432006e+01
1.115283169802432006e+01
1.115283169802432006e+01
1.115283169802432006e+01
1.115283169802432006e+01
1.115283169802432006e+01
1.115283169802432006e+01
1.115283169802432006e+01
1.115283169802432006e+01
1.129001152791001950e+01
1.129001152791001950e+01
1.129001152791001950e+01
1.129001152791001950e+01
1.129001152791001950e+01
1.129001152791001950e+01
1.129001152791001950e+01
1.129001152791001950e+01
1.129001152791001950e+01
1.129001152791001950e+01
1.129001152791001950e+01
1.129001152791001950e+01
1.142662066739773152e+01
1.142662066739773152e+01
1.142662066739773152e+01
1.142662066739773152e+01
1.142662066739773152e+01
1.142662066739773152e+01
1.142662066739773152e+01
1.142662066739773152e+01
1.142662066739773152e+01
1.142662066739773152e+01
1.142662066739773152e+01
1.142662066739773152e+01
1.156145479127302522e+01
1.156145479127302522e+01
1.156145479127302522e+01
1.156145479127302522e+01
1.156145479127302522e+01
1.156145479127302522e+01
1.156145479127302522e+01
1.156145479127302522e+01
1.156145479127302522e+01
1.156145479127302522e+01
1.156145479127302522e+01
1.156145479127302522e+01
1.169441152137266471e+01
1.169441152137266471e+01
1.169441152137266471e+01
1.169441152137266471e+01
1.169441152137266471e+01
1.169441152137266471e+01
1.169441152137266471e+01
1.169441152137266471e+01
1.169441152137266471e+01
1.169441152137266471e+01
1.169441152137266471e+01
1.169441152137266471e+01
1.182655837156417533e+01
1.182655837156417533e+01
1.182655837156417533e+01
1.182655837156417533e+01
1.182655837156417533e+01
1.182655837156417533e+01
1.182655837156417533e+01
1.182655837156417533e+01
1.182655837156417533e+01
1.182655837156417533e+01
1.182655837156417533e+01
1.182655837156417533e+01
1.195665051365138076e+01
1.195665051365138076e+01
1.195665051365138076e+01
1.195665051365138076e+01
1.195665051365138076e+01
1.195665051365138076e+01
1.195665051365138076e+01
1.195665051365138076e+01
1.195665051365138076e+01
1.195665051365138076e+01
1.195665051365138076e+01
1.195665051365138076e+01
1.208458667414745058e+01
1.208458667414745058e+01
1.208458667414745058e+01
1.208458667414745058e+01
1.208458667414745058e+01
1.208458667414745058e+01
1.208458667414745058e+01
1.208458667414745058e+01
1.208458667414745058e+01
1.208458667414745058e+01
1.208458667414745058e+01
1.208458667414745058e+01
1.221147483422599933e+01
1.221147483422599933e+01
1.221147483422599933e+01
1.221147483422599933e+01
1.221147483422599933e+01
1.221147483422599933e+01
1.221147483422599933e+01
1.221147483422599933e+01
1.221147483422599933e+01
1.221147483422599933e+01
1.221147483422599933e+01
1.221147483422599933e+01
1.233603187753510433e+01
1.233603187753510433e+01
1.233603187753510433e+01
1.233603187753510433e+01
1.233603187753510433e+01
1.233603187753510433e+01
1.233603187753510433e+01
1.233603187753510433e+01
1.233603187753510433e+01
1.233603187753510433e+01
1.233603187753510433e+01
1.233603187753510433e+01
1.245939219631045525e+01
1.245939219631045525e+01
1.245939219631045525e+01
1.245939219631045525e+01
1.245939219631045525e+01
1.245939219631045525e+01
1.245939219631045525e+01
1.245939219631045525e+01
1.245939219631045525e+01
1.245939219631045525e+01
1.245939219631045525e+01
1.245939219631045525e+01
1.258149423983429749e+01
1.258149423983429749e+01
1.258149423983429749e+01
1.258149423983429749e+01
1.258149423983429749e+01
1.258149423983429749e+01
1.258149423983429749e+01
1.258149423983429749e+01
1.258149423983429749e+01
1.258149423983429749e+01
1.258149423983429749e+01
1.258149423983429749e+01
1.270101843511272399e+01
1.270101843511272399e+01
1.270101843511272399e+01
1.270101843511272399e+01
1.270101843511272399e+01
1.270101843511272399e+01
1.270101843511272399e+01
1.270101843511272399e+01
1.270101843511272399e+01
1.270101843511272399e+01
1.270101843511272399e+01
1.270101843511272399e+01
1.281913790655927166e+01
1.281913790655927166e+01
1.281913790655927166e+01
1.281913790655927166e+01
1.281913790655927166e+01
1.281913790655927166e+01
1.281913790655927166e+01
1.281913790655927166e+01
1.281913790655927166e+01
1.281913790655927166e+01
1.281913790655927166e+01
1.281913790655927166e+01
1.293579206150896077e+01
1.293579206150896077e+01
1.293579206150896077e+01
1.293579206150896077e+01
1.293579206150896077e+01
1.293579206150896077e+01
1.293579206150896077e+01
1.293579206150896077e+01
1.293579206150896077e+01
1.293579206150896077e+01
1.293579206150896077e+01
1.293579206150896077e+01
1.304962703165023896e+01
1.304962703165023896e+01
1.304962703165023896e+01
1.304962703165023896e+01
1.304962703165023896e+01
1.304962703165023896e+01
1.304962703165023896e+01
1.304962703165023896e+01
1.304962703165023896e+01
1.304962703165023896e+01
1.304962703165023896e+01
1.304962703165023896e+01
1.316185382412243143e+01
1.316185382412243143e+01
1.316185382412243143e+01
1.316185382412243143e+01
1.316185382412243143e+01
1.316185382412243143e+01
1.316185382412243143e+01
1.316185382412243143e+01
1.316185382412243143e+01
1.316185382412243143e+01
1.316185382412243143e+01
1.316185382412243143e+01
1.327241339624506011e+01
1.327241339624506011e+01
1.327241339624506011e+01
1.327241339624506011e+01
1.327241339624506011e+01
1.327241339624506011e+01
1.327241339624506011e+01
1.327241339624506011e+01
1.327241339624506011e+01
1.327241339624506011e+01
1.327241339624506011e+01
1.327241339624506011e+01
1.338124718609426900e+01
1.338124718609426900e+01
1.338124718609426900e+01
1.338124718609426900e+01
1.338124718609426900e+01
1.338124718609426900e+01
1.338124718609426900e+01
1.338124718609426900e+01
1.338124718609426900e+01
1.338124718609426900e+01
1.338124718609426900e+01
1.338124718609426900e+01
1.348829716358302377e+01
1.348829716358302377e+01
1.348829716358302377e+01
1.348829716358302377e+01
1.348829716358302377e+01
1.348829716358302377e+01
1.348829716358302377e+01
1.348829716358302377e+01
1.348829716358302377e+01
1.348829716358302377e+01
1.348829716358302377e+01
1.348829716358302377e+01
1.359350588145897198e+01
1.359350588145897198e+01
1.359350588145897198e+01
1.359350588145897198e+01
1.359350588145897198e+01
1.359350588145897198e+01
1.359350588145897198e+01
1.359350588145897198e+01
1.359350588145897198e+01
1.359350588145897198e+01
1.359350588145897198e+01
1.359350588145897198e+01
1.369681652615805945e+01
1.369681652615805945e+01
1.369681652615805945e+01
1.369681652615805945e+01
1.369681652615805945e+01
1.369681652615805945e+01
1.369681652615805945e+01
1.369681652615805945e+01
1.369681652615805945e+01
1.369681652615805945e+01
1.369681652615805945e+01
1.369681652615805945e+01
1.379817296845162922e+01
1.379817296845162922e+01
1.379817296845162922e+01
1.379817296845162922e+01
1.379817296845162922e+01
1.379817296845162922e+01
1.379817296845162922e+01
1.379817296845162922e+01
1.379817296845162922e+01
1.379817296845162922e+01
1.379817296845162922e+01
1.379817296845162922e+01
1.389751981382448065e+01
1.389751981382448065e+01
1.389751981382448065e+01
1.389751981382448065e+01
1.389751981382448065e+01
1.389751981382448065e+01
1.389751981382448065e+01
1.389751981382448065e+01
1.389751981382448065e+01
1.389751981382448065e+01
1.389751981382448065e+01
1.389751981382448065e+01
1.399480245252125243e+01
1.399480245252125243e+01
1.399480245252125243e+01
1.399480245252125243e+01
1.399480245252125243e+01
1.399480245252125243e+01
1.399480245252125243e+01
1.399480245252125243e+01
1.399480245252125243e+01
1.399480245252125243e+01
1.399480245252125243e+01
1.399480245252125243e+01
1.408996710919839757e+01
1.408996710919839757e+01
1.408996710919839757e+01
1.408996710919839757e+01
1.408996710919839757e+01
1.408996710919839757e+01
1.408996710919839757e+01
1.408996710919839757e+01
1.408996710919839757e+01
1.408996710919839757e+01
1.408996710919839757e+01
1.408996710919839757e+01
1.418436988883002670e+01
1.418436988883002670e+01
1.418436988883002670e+01
1.418436988883002670e+01
1.418436988883002670e+01
1.418436988883002670e+01
1.418436988883002670e+01
1.418436988883002670e+01
1.418436988883002670e+01
1.418436988883002670e+01
1.418436988883002670e+01
1.418436988883002670e+01
1.427656829310742204e+01
1.427656829310742204e+01
1.427656829310742204e+01
1.427656829310742204e+01
1.427656829310742204e+01
1.427656829310742204e+01
1.427656829310742204e+01
1.427656829310742204e+01
1.427656829310742204e+01
1.427656829310742204e+01
1.427656829310742204e+01
1.427656829310742204e+01
1.436651067335399823e+01
1.436651067335399823e+01
1.436651067335399823e+01
1.436651067335399823e+01
1.436651067335399823e+01
1.436651067335399823e+01
1.436651067335399823e+01
1.436651067335399823e+01
1.436651067335399823e+01
1.436651067335399823e+01
1.436651067335399823e+01
1.436651067335399823e+01
1.445414638846145827e+01
1.445414638846145827e+01
1.445414638846145827e+01
1.445414638846145827e+01
1.445414638846145827e+01
1.445414638846145827e+01
1.445414638846145827e+01
1.445414638846145827e+01
1.445414638846145827e+01
1.445414638846145827e+01
1.445414638846145827e+01
1.445414638846145827e+01
1.454087126679222663e+01
1.454087126679222663e+01
1.454087126679222663e+01
1.454087126679222663e+01
1.454087126679222663e+01
1.454087126679222663e+01
1.454087126679222663e+01
1.454087126679222663e+01
1.454087126679222663e+01
1.454087126679222663e+01
1.454087126679222663e+01
1.454087126679222663e+01
1.462520832013962213e+01
1.462520832013962213e+01
1.462520832013962213e+01
1.462520832013962213e+01
1.462520832013962213e+01
1.462520832013962213e+01
1.462520832013962213e+01
1.462520832013962213e+01
1.462520832013962213e+01
1.462520832013962213e+01
1.462520832013962213e+01
1.462520832013962213e+01
1.470710948673240459e+01
1.470710948673240459e+01
1.470710948673240459e+01
1.470710948673240459e+01
1.470710948673240459e+01
1.470710948673240459e+01
1.470710948673240459e+01
1.470710948673240459e+01
1.470710948673240459e+01
1.470710948673240459e+01
1.470710948673240459e+01
1.470710948673240459e+01
1.478799858890943320e+01
1.478799858890943320e+01
1.478799858890943320e+01
1.478799858890943320e+01
1.478799858890943320e+01
1.478799858890943320e+01
1.478799858890943320e+01
1.478799858890943320e+01
1.478799858890943320e+01
1.478799858890943320e+01
1.478799858890943320e+01
1.478799858890943320e+01
1.486637498143065272e+01
1.486637498143065272e+01
1.486637498143065272e+01
1.486637498143065272e+01
1.486637498143065272e+01
1.486637498143065272e+01
1.486637498143065272e+01
1.486637498143065272e+01
1.486637498143065272e+01
1.486637498143065272e+01
1.486637498143065272e+01
1.486637498143065272e+01
1.494368013133409256e+01
1.494368013133409256e+01
1.494368013133409256e+01
1.494368013133409256e+01
1.494368013133409256e+01
1.494368013133409256e+01
1.494368013133409256e+01
1.494368013133409256e+01
1.494368013133409256e+01
1.494368013133409256e+01
1.494368013133409256e+01
1.494368013133409256e+01
1.501839853199076380e+01
1.501839853199076380e+01
1.501839853199076380e+01
1.501839853199076380e+01
1.501839853199076380e+01
1.501839853199076380e+01
1.501839853199076380e+01
1.501839853199076380e+01
1.501839853199076380e+01
1.501839853199076380e+01
1.501839853199076380e+01
1.501839853199076380e+01
