9.321782860260006132e+00
9.321782860260006132e+00
9.321782860260006132e+00
9.321782860260006132e+00
9.321782860260006132e+00
9.321782860260006132e+00
9.321782860260006132e+00
9.321782860260006132e+00
9.321782860260006132e+00
9.321782860260006132e+00
9.321782860260006132e+00
9.321782860260006132e+00
9.566013571198817900e+00
9.566013571198817900e+00
9.566013571198817900e+00
9.566013571198817900e+00
9.566013571198817900e+00
9.566013571198817900e+00
9.566013571198817900e+00
9.566013571198817900e+00
9.566013571198817900e+00
9.566013571198817900e+00
9.566013571198817900e+00
9.566013571198817900e+00
9.813773322692867396e+00
9.813773322692867396e+00
9.813773322692867396e+00
9.813773322692867396e+00
9.813773322692867396e+00
9.813773322692867396e+00
9.813773322692867396e+00
9.813773322692867396e+00
9.813773322692867396e+00
9.813773322692867396e+00
9.813773322692867396e+00
9.813773322692867396e+00
1.006500591975380487e+01
1.006500591975380487e+01
1.006500591975380487e+01
1.006500591975380487e+01
1.006500591975380487e+01
1.006500591975380487e+01
1.006500591975380487e+01
1.006500591975380487e+01
1.006500591975380487e+01
1.006500591975380487e+01
1.006500591975380487e+01
1.006500591975380487e+01
1.031965056952357607e+01
1.031965056952357607e+01
1.031965056952357607e+01
1.031965056952357607e+01
1.031965056952357607e+01
1.031965056952357607e+01
1.031965056952357607e+01
1.031965056952357607e+01
1.031965056952357607e+01
1.031965056952357607e+01
1.031965056952357607e+01
1.031965056952357607e+01
1.057764183376166578e+01
1.057764183376166578e+01
1.057764183376166578e+01
1.057764183376166578e+01
1.057764183376166578e+01
1.057764183376166578e+01
1.057764183376166578e+01
1.057764183376166578e+01
1.057764183376166578e+01
1.057764183376166578e+01
1.057764183376166578e+01
1.057764183376166578e+01
1.083890958705557850e+01
1.083890958705557850e+01
1.083890958705557850e+01
1.083890958705557850e+01
1.083890958705557850e+01
1.083890958705557850e+01
1.083890958705557850e+01
1.083890958705557850e+01
1.083890958705557850e+01
1.083890958705557850e+01
1.083890958705557850e+01
1.083890958705557850e+01
1.110229509002102866e+01
1.110229509002102866e+01
1.110229509002102866e+01
1.110229509002102866e+01
1.110229509002102866e+01
1.110229509002102866e+01
1.110229509002102866e+01
1.110229509002102866e+01
1.110229509002102866e+01
1.110229509002102866e+01
1.110229509002102866e+01
1.110229509002102866e+01
1.136875017218153339e+01
1.136875017218153339e+01
1.136875017218153339e+01
1.136875017218153339e+01
1.136875017218153339e+01
1.136875017218153339e+01
1.136875017218153339e+01
1.136875017218153339e+01
1.136875017218153339e+01
1.136875017218153339e+01
1.136875017218153339e+01
1.136875017218153339e+01
1.163818955126223642e+01
1.163818955126223642e+01
1.163818955126223642e+01
1.163818955126223642e+01
1.163818955126223642e+01
1.163818955126223642e+01
1.163818955126223642e+01
1.163818955126223642e+01
1.163818955126223642e+01
1.163818955126223642e+01
1.163818955126223642e+01
1.163818955126223642e+01
1.191052318676177357e+01
1.191052318676177357e+01
1.191052318676177357e+01
1.191052318676177357e+01
1.191052318676177357e+01
1.191052318676177357e+01
1.191052318676177357e+01
1.191052318676177357e+01
1.191052318676177357e+01
1.191052318676177357e+01
1.191052318676177357e+01
1.191052318676177357e+01
1.218446522005729449e+01
1.218446522005729449e+01
1.218446522005729449e+01
1.218446522005729449e+01
1.218446522005729449e+01
1.218446522005729449e+01
1.218446522005729449e+01
1.218446522005729449e+01
1.218446522005729449e+01
1.218446522005729449e+01
1.218446522005729449e+01
1.218446522005729449e+01
1.246105258055259490e+01
1.246105258055259490e+01
1.246105258055259490e+01
1.246105258055259490e+01
1.246105258055259490e+01
1.246105258055259490e+01
1.246105258055259490e+01
1.246105258055259490e+01
1.246105258055259490e+01
1.246105258055259490e+01
1.246105258055259490e+01
1.246105258055259490e+01
1.273893405309891769e+01
1.273893405309891769e+01
1.273893405309891769e+01
1.273893405309891769e+01
1.273893405309891769e+01
1.273893405309891769e+01
1.273893405309891769e+01
1.273893405309891769e+01
1.273893405309891769e+01
1.273893405309891769e+01
1.273893405309891769e+01
1.273893405309891769e+01
1.301919060226709313e+01
1.301919060226709313e+01
1.301919060226709313e+01
1.301919060226709313e+01
1.301919060226709313e+01
1.301919060226709313e+01
1.301919060226709313e+01
1.301919060226709313e+01
1.301919060226709313e+01
1.301919060226709313e+01
1.301919060226709313e+01
1.301919060226709313e+01
1.330040511927606239e+01
1.330040511927606239e+01
1.330040511927606239e+01
1.330040511927606239e+01
1.330040511927606239e+01
1.330040511927606239e+01
1.330040511927606239e+01
1.330040511927606239e+01
1.330040511927606239e+01
1.330040511927606239e+01
1.330040511927606239e+01
1.330040511927606239e+01
1.358370374831664229e+01
1.358370374831664229e+01
1.358370374831664229e+01
1.358370374831664229e+01
1.358370374831664229e+01
1.358370374831664229e+01
1.358370374831664229e+01
1.358370374831664229e+01
1.358370374831664229e+01
1.358370374831664229e+01
1.358370374831664229e+01
1.358370374831664229e+01
1.386896152703129204e+01
1.386896152703129204e+01
1.386896152703129204e+01
1.386896152703129204e+01
1.386896152703129204e+01
1.386896152703129204e+01
1.386896152703129204e+01
1.386896152703129204e+01
1.386896152703129204e+01
1.386896152703129204e+01
1.386896152703129204e+01
1.386896152703129204e+01
1.415466213448813626e+01
1.415466213448813626e+01
1.415466213448813626e+01
1.415466213448813626e+01
1.415466213448813626e+01
1.415466213448813626e+01
1.415466213448813626e+01
1.415466213448813626e+01
1.415466213448813626e+01
1.415466213448813626e+01
1.415466213448813626e+01
1.415466213448813626e+01
1.444200177581824462e+01
1.444200177581824462e+01
1.444200177581824462e+01
1.444200177581824462e+01
1.444200177581824462e+01
1.444200177581824462e+01
1.444200177581824462e+01
1.444200177581824462e+01
1.444200177581824462e+01
1.444200177581824462e+01
1.444200177581824462e+01
1.444200177581824462e+01
1.472939761115702773e+01
1.472939761115702773e+01
1.472939761115702773e+01
1.472939761115702773e+01
1.472939761115702773e+01
1.472939761115702773e+01
1.472939761115702773e+01
1.472939761115702773e+01
1.472939761115702773e+01
1.472939761115702773e+01
1.472939761115702773e+01
1.472939761115702773e+01
1.501809380433570595e+01
1.501809380433570595e+01
1.501809380433570595e+01
1.501809380433570595e+01
1.501809380433570595e+01
1.501809380433570595e+01
1.501809380433570595e+01
1.501809380433570595e+01
1.501809380433570595e+01
1.501809380433570595e+01
1.501809380433570595e+01
1.501809380433570595e+01
1.530644120537895070e+01
1.530644120537895070e+01
1.530644120537895070e+01
1.530644120537895070e+01
1.530644120537895070e+01
1.530644120537895070e+01
1.530644120537895070e+01
1.530644120537895070e+01
1.530644120537895070e+01
1.530644120537895070e+01
1.530644120537895070e+01
1.530644120537895070e+01
1.559573294416061273e+01
1.559573294416061273e+01
1.559573294416061273e+01
1.559573294416061273e+01
1.559573294416061273e+01
1.559573294416061273e+01
1.559573294416061273e+01
1.559573294416061273e+01
1.559573294416061273e+01
1.559573294416061273e+01
1.559573294416061273e+01
1.559573294416061273e+01
1.588581357692200058e+01
1.588581357692200058e+01
1.588581357692200058e+01
1.588581357692200058e+01
1.588581357692200058e+01
1.588581357692200058e+01
1.588581357692200058e+01
1.588581357692200058e+01
1.588581357692200058e+01
1.588581357692200058e+01
1.588581357692200058e+01
1.588581357692200058e+01
1.617493538402198183e+01
1.617493538402198183e+01
1.617493538402198183e+01
1.617493538402198183e+01
1.617493538402198183e+01
1.617493538402198183e+01
1.617493538402198183e+01
1.617493538402198183e+01
1.617493538402198183e+01
1.617493538402198183e+01
1.617493538402198183e+01
1.617493538402198183e+01
1.646446672739597616e+01
1.646446672739597616e+01
1.646446672739597616e+01
1.646446672739597616e+01
1.646446672739597616e+01
1.646446672739597616e+01
1.646446672739597616e+01
1.646446672739597616e+01
1.646446672739597616e+01
1.646446672739597616e+01
1.646446672739597616e+01
1.646446672739597616e+01
1.675259489512540512e+01
1.675259489512540512e+01
1.675259489512540512e+01
1.675259489512540512e+01
1.675259489512540512e+01
1.675259489512540512e+01
1.675259489512540512e+01
1.675259489512540512e+01
1.675259489512540512e+01
1.675259489512540512e+01
1.675259489512540512e+01
1.675259489512540512e+01
1.704073952732156272e+01
1.704073952732156272e+01
1.704073952732156272e+01
1.704073952732156272e+01
1.704073952732156272e+01
1.704073952732156272e+01
1.704073952732156272e+01
1.704073952732156272e+01
1.704073952732156272e+01
1.704073952732156272e+01
1.704073952732156272e+01
1.704073952732156272e+01
1.732872802533329804e+01
1.732872802533329804e+01
1.732872802533329804e+01
1.732872802533329804e+01
1.732872802533329804e+01
1.732872802533329804e+01
1.732872802533329804e+01
1.732872802533329804e+01
1.732872802533329804e+01
1.732872802533329804e+01
1.732872802533329804e+01
1.732872802533329804e+01
1.761638491055382971e+01
1.761638491055382971e+01
1.761638491055382971e+01
1.761638491055382971e+01
1.761638491055382971e+01
1.761638491055382971e+01
1.761638491055382971e+01
1.761638491055382971e+01
1.761638491055382971e+01
1.761638491055382971e+01
1.761638491055382971e+01
1.761638491055382971e+01
1.790177034610480078e+01
1.790177034610480078e+01
1.790177034610480078e+01
1.790177034610480078e+01
1.790177034610480078e+01
1.790177034610480078e+01
1.790177034610480078e+01
1.790177034610480078e+01
1.790177034610480078e+01
1.790177034610480078e+01
1.790177034610480078e+01
1.790177034610480078e+01
1.818640849460786768e+01
1.818640849460786768e+01
1.818640849460786768e+01
1.818640849460786768e+01
1.818640849460786768e+01
1.818640849460786768e+01
1.818640849460786768e+01
1.818640849460786768e+01
1.818640849460786768e+01
1.818640849460786768e+01
1.818640849460786768e+01
1.818640849460786768e+01
1.847011646712375210e+01
1.847011646712375210e+01
1.847011646712375210e+01
1.847011646712375210e+01
1.847011646712375210e+01
1.847011646712375210e+01
1.847011646712375210e+01
1.847011646712375210e+01
1.847011646712375210e+01
1.847011646712375210e+01
1.847011646712375210e+01
1.847011646712375210e+01
1.875270924907074388e+01
1.875270924907074388e+01
1.875270924907074388e+01
1.875270924907074388e+01
1.875270924907074388e+01
1.875270924907074388e+01
1.875270924907074388e+01
1.875270924907074388e+01
1.875270924907074388e+01
1.875270924907074388e+01
1.875270924907074388e+01
1.875270924907074388e+01
1.903399988780680374e+01
1.903399988780680374e+01
1.903399988780680374e+01
1.903399988780680374e+01
1.903399988780680374e+01
1.903399988780680374e+01
1.903399988780680374e+01
1.903399988780680374e+01
1.903399988780680374e+01
1.903399988780680374e+01
1.903399988780680374e+01
1.903399988780680374e+01
1.931379968615756226e+01
1.931379968615756226e+01
1.931379968615756226e+01
1.931379968615756226e+01
1.931379968615756226e+01
1.931379968615756226e+01
1.931379968615756226e+01
1.931379968615756226e+01
1.931379968615756226e+01
1.931379968615756226e+01
1.931379968615756226e+01
1.931379968615756226e+01
1.959191840163823173e+01
1.959191840163823173e+01
1.959191840163823173e+01
1.959191840163823173e+01
1.959191840163823173e+01
1.959191840163823173e+01
1.959191840163823173e+01
1.959191840163823173e+01
1.959191840163823173e+01
1.959191840163823173e+01
1.959191840163823173e+01
1.959191840163823173e+01
1.986816445110133245e+01
1.986816445110133245e+01
1.986816445110133245e+01
1.986816445110133245e+01
1.986816445110133245e+01
1.986816445110133245e+01
1.986816445110133245e+01
1.986816445110133245e+01
1.986816445110133245e+01
1.986816445110133245e+01
1.986816445110133245e+01
1.986816445110133245e+01
2.014234512052653159e+01
2.014234512052653159e+01
2.014234512052653159e+01
2.014234512052653159e+01
2.014234512052653159e+01
2.014234512052653159e+01
2.014234512052653159e+01
2.014234512052653159e+01
2.014234512052653159e+01
2.014234512052653159e+01
2.014234512052653159e+01
2.014234512052653159e+01
2.041426677965364078e+01
2.041426677965364078e+01
2.041426677965364078e+01
2.041426677965364078e+01
2.041426677965364078e+01
2.041426677965364078e+01
2.041426677965364078e+01
2.041426677965364078e+01
2.041426677965364078e+01
2.041426677965364078e+01
2.041426677965364078e+01
2.041426677965364078e+01
2.068373510114506786e+01
2.068373510114506786e+01
2.068373510114506786e+01
2.068373510114506786e+01
2.068373510114506786e+01
2.068373510114506786e+01
2.068373510114506786e+01
2.068373510114506786e+01
2.068373510114506786e+01
2.068373510114506786e+01
2.068373510114506786e+01
2.068373510114506786e+01
2.095055528394983924e+01
2.095055528394983924e+01
2.095055528394983924e+01
2.095055528394983924e+01
2.095055528394983924e+01
2.095055528394983924e+01
2.095055528394983924e+01
2.095055528394983924e+01
2.095055528394983924e+01
2.095055528394983924e+01
2.095055528394983924e+01
2.095055528394983924e+01
2.121453228052760664e+01
2.121453228052760664e+01
2.121453228052760664e+01
2.121453228052760664e+01
2.121453228052760664e+01
2.121453228052760664e+01
2.121453228052760664e+01
2.121453228052760664e+01
2.121453228052760664e+01
2.121453228052760664e+01
2.121453228052760664e+01
2.121453228052760664e+01
2.147547102757809512e+01
2.147547102757809512e+01
2.147547102757809512e+01
2.147547102757809512e+01
2.147547102757809512e+01
2.147547102757809512e+01
2.147547102757809512e+01
2.147547102757809512e+01
2.147547102757809512e+01
2.147547102757809512e+01
2.147547102757809512e+01
2.147547102757809512e+01
2.173532422701179101e+01
2.173532422701179101e+01
2.173532422701179101e+01
2.173532422701179101e+01
2.173532422701179101e+01
2.173532422701179101e+01
2.173532422701179101e+01
2.173532422701179101e+01
2.173532422701179101e+01
2.173532422701179101e+01
2.173532422701179101e+01
2.173532422701179101e+01
2.199180105289052989e+01
2.199180105289052989e+01
2.199180105289052989e+01
2.199180105289052989e+01
2.199180105289052989e+01
2.199180105289052989e+01
2.199180105289052989e+01
2.199180105289052989e+01
2.199180105289052989e+01
2.199180105289052989e+01
2.199180105289052989e+01
2.199180105289052989e+01
2.224470676499877086e+01
2.224470676499877086e+01
2.224470676499877086e+01
2.224470676499877086e+01
2.224470676499877086e+01
2.224470676499877086e+01
2.224470676499877086e+01
2.224470676499877086e+01
2.224470676499877086e+01
2.224470676499877086e+01
2.224470676499877086e+01
2.224470676499877086e+01
2.249607195144325544e+01
2.249607195144325544e+01
2.249607195144325544e+01
2.249607195144325544e+01
2.249607195144325544e+01
2.249607195144325544e+01
2.249607195144325544e+01
2.249607195144325544e+01
2.249607195144325544e+01
2.249607195144325544e+01
2.249607195144325544e+01
2.249607195144325544e+01
2.274352874290913107e+01
2.274352874290913107e+01
2.274352874290913107e+01
2.274352874290913107e+01
2.274352874290913107e+01
2.274352874290913107e+01
2.274352874290913107e+01
2.274352874290913107e+01
2.274352874290913107e+01
2.274352874290913107e+01
2.274352874290913107e+01
2.274352874290913107e+01
2.298688450045825959e+01
2.298688450045825959e+01
2.298688450045825959e+01
2.298688450045825959e+01
2.298688450045825959e+01
2.298688450045825959e+01
2.298688450045825959e+01
2.298688450045825959e+01
2.298688450045825959e+01
2.298688450045825959e+01
2.298688450045825959e+01
2.298688450045825959e+01
2.322824678771307205e+01
2.322824678771307205e+01
2.322824678771307205e+01
2.322824678771307205e+01
2.322824678771307205e+01
2.322824678771307205e+01
2.322824678771307205e+01
2.322824678771307205e+01
2.322824678771307205e+01
2.322824678771307205e+01
2.322824678771307205e+01
2.322824678771307205e+01
2.346517490494774449e+01
2.346517490494774449e+01
2.346517490494774449e+01
2.346517490494774449e+01
2.346517490494774449e+01
2.346517490494774449e+01
2.346517490494774449e+01
2.346517490494774449e+01
2.346517490494774449e+01
2.346517490494774449e+01
2.346517490494774449e+01
2.346517490494774449e+01
2.369982665399722066e+01
2.369982665399722066e+01
2.369982665399722066e+01
2.369982665399722066e+01
2.369982665399722066e+01
2.369982665399722066e+01
2.369982665399722066e+01
2.369982665399722066e+01
2.369982665399722066e+01
2.369982665399722066e+01
2.369982665399722066e+01
2.369982665399722066e+01
2.393208495520639190e+01
2.393208495520639190e+01
2.393208495520639190e+01
2.393208495520639190e+01
2.393208495520639190e+01
2.393208495520639190e+01
2.393208495520639190e+01
2.393208495520639190e+01
2.393208495520639190e+01
2.393208495520639190e+01
2.393208495520639190e+01
2.393208495520639190e+01
2.415943976228085432e+01
2.415943976228085432e+01
2.415943976228085432e+01
2.415943976228085432e+01
2.415943976228085432e+01
2.415943976228085432e+01
2.415943976228085432e+01
2.415943976228085432e+01
2.415943976228085432e+01
2.415943976228085432e+01
2.415943976228085432e+01
2.415943976228085432e+01
2.438412255207006751e+01
2.438412255207006751e+01
2.438412255207006751e+01
2.438412255207006751e+01
2.438412255207006751e+01
2.438412255207006751e+01
2.438412255207006751e+01
2.438412255207006751e+01
2.438412255207006751e+01
2.438412255207006751e+01
2.438412255207006751e+01
2.438412255207006751e+01
2.460601806729390617e+01
2.460601806729390617e+01
2.460601806729390617e+01
2.460601806729390617e+01
2.460601806729390617e+01
2.460601806729390617e+01
2.460601806729390617e+01
2.460601806729390617e+01
2.460601806729390617e+01
2.460601806729390617e+01
2.460601806729390617e+01
2.460601806729390617e+01
2.482255102628609222e+01
2.482255102628609222e+01
2.482255102628609222e+01
2.482255102628609222e+01
2.482255102628609222e+01
2.482255102628609222e+01
2.482255102628609222e+01
2.482255102628609222e+01
2.482255102628609222e+01
2.482255102628609222e+01
2.482255102628609222e+01
2.482255102628609222e+01
2.503602496511215136e+01
2.503602496511215136e+01
2.503602496511215136e+01
2.503602496511215136e+01
2.503602496511215136e+01
2.503602496511215136e+01
2.503602496511215136e+01
2.503602496511215136e+01
2.503602496511215136e+01
2.503602496511215136e+01
2.503602496511215136e+01
2.503602496511215136e+01
2.524632757481909451e+01
2.524632757481909451e+01
2.524632757481909451e+01
2.524632757481909451e+01
2.524632757481909451e+01
2.524632757481909451e+01
2.524632757481909451e+01
2.524632757481909451e+01
2.524632757481909451e+01
2.524632757481909451e+01
2.524632757481909451e+01
2.524632757481909451e+01
2.545334746093261202e+01
2.545334746093261202e+01
2.545334746093261202e+01
2.545334746093261202e+01
2.545334746093261202e+01
2.545334746093261202e+01
2.545334746093261202e+01
2.545334746093261202e+01
2.545334746093261202e+01
2.545334746093261202e+01
2.545334746093261202e+01
2.545334746093261202e+01
2.565697424062007315e+01
2.565697424062007315e+01
2.565697424062007315e+01
2.565697424062007315e+01
2.565697424062007315e+01
2.565697424062007315e+01
2.565697424062007315e+01
2.565697424062007315e+01
2.565697424062007315e+01
2.565697424062007315e+01
2.565697424062007315e+01
2.565697424062007315e+01
2.585709863969691114e+01
2.585709863969691114e+01
2.585709863969691114e+01
2.585709863969691114e+01
2.585709863969691114e+01
2.585709863969691114e+01
2.585709863969691114e+01
2.585709863969691114e+01
2.585709863969691114e+01
2.585709863969691114e+01
2.585709863969691114e+01
2.585709863969691114e+01
2.605361258935860747e+01
2.605361258935860747e+01
2.605361258935860747e+01
2.605361258935860747e+01
2.605361258935860747e+01
2.605361258935860747e+01
2.605361258935860747e+01
2.605361258935860747e+01
2.605361258935860747e+01
2.605361258935860747e+01
2.605361258935860747e+01
2.605361258935860747e+01
2.624640932251985959e+01
2.624640932251985959e+01
2.624640932251985959e+01
2.624640932251985959e+01
2.624640932251985959e+01
2.624640932251985959e+01
2.624640932251985959e+01
2.624640932251985959e+01
2.624640932251985959e+01
2.624640932251985959e+01
2.624640932251985959e+01
2.624640932251985959e+01
2.643538346964200159e+01
2.643538346964200159e+01
2.643538346964200159e+01
2.643538346964200159e+01
2.643538346964200159e+01
2.643538346964200159e+01
2.643538346964200159e+01
2.643538346964200159e+01
2.643538346964200159e+01
2.643538346964200159e+01
2.643538346964200159e+01
2.643538346964200159e+01
2.662043115392949488e+01
2.662043115392949488e+01
2.662043115392949488e+01
2.662043115392949488e+01
2.662043115392949488e+01
2.662043115392949488e+01
2.662043115392949488e+01
2.662043115392949488e+01
2.662043115392949488e+01
2.662043115392949488e+01
2.662043115392949488e+01
2.662043115392949488e+01
2.680145008577621724e+01
2.680145008577621724e+01
2.680145008577621724e+01
2.680145008577621724e+01
2.680145008577621724e+01
2.680145008577621724e+01
2.680145008577621724e+01
2.680145008577621724e+01
2.680145008577621724e+01
2.680145008577621724e+01
2.680145008577621724e+01
2.680145008577621724e+01
2.698101980135091793e+01
2.698101980135091793e+01
2.698101980135091793e+01
2.698101980135091793e+01
2.698101980135091793e+01
2.698101980135091793e+01
2.698101980135091793e+01
2.698101980135091793e+01
2.698101980135091793e+01
2.698101980135091793e+01
2.698101980135091793e+01
2.698101980135091793e+01
2.715639643005969717e+01
2.715639643005969717e+01
2.715639643005969717e+01
2.715639643005969717e+01
2.715639643005969717e+01
2.715639643005969717e+01
2.715639643005969717e+01
2.715639643005969717e+01
2.715639643005969717e+01
2.715639643005969717e+01
2.715639643005969717e+01
2.715639643005969717e+01
2.732748172756907223e+01
2.732748172756907223e+01
2.732748172756907223e+01
2.732748172756907223e+01
2.732748172756907223e+01
2.732748172756907223e+01
2.732748172756907223e+01
2.732748172756907223e+01
2.732748172756907223e+01
2.732748172756907223e+01
2.732748172756907223e+01
2.732748172756907223e+01
2.749417936610724311e+01
2.749417936610724311e+01
2.749417936610724311e+01
2.749417936610724311e+01
2.749417936610724311e+01
2.749417936610724311e+01
2.749417936610724311e+01
2.749417936610724311e+01
2.749417936610724311e+01
2.749417936610724311e+01
2.749417936610724311e+01
2.749417936610724311e+01
2.765914444230388725e+01
2.765914444230388725e+01
2.765914444230388725e+01
2.765914444230388725e+01
2.765914444230388725e+01
2.765914444230388725e+01
2.765914444230388725e+01
2.765914444230388725e+01
2.765914444230388725e+01
2.765914444230388725e+01
2.765914444230388725e+01
2.765914444230388725e+01
2.781956748006924940e+01
2.781956748006924940e+01
2.781956748006924940e+01
2.781956748006924940e+01
2.781956748006924940e+01
2.781956748006924940e+01
2.781956748006924940e+01
2.781956748006924940e+01
2.781956748006924940e+01
2.781956748006924940e+01
2.781956748006924940e+01
2.781956748006924940e+01
2.797535705795763761e+01
2.797535705795763761e+01
2.797535705795763761e+01
2.797535705795763761e+01
2.797535705795763761e+01
2.797535705795763761e+01
2.797535705795763761e+01
2.797535705795763761e+01
2.797535705795763761e+01
2.797535705795763761e+01
2.797535705795763761e+01
2.797535705795763761e+01
2.812922152177640456e+01
2.812922152177640456e+01
2.812922152177640456e+01
2.812922152177640456e+01
2.812922152177640456e+01
2.812922152177640456e+01
2.812922152177640456e+01
2.812922152177640456e+01
2.812922152177640456e+01
2.812922152177640456e+01
2.812922152177640456e+01
2.812922152177640456e+01
2.827830639584182038e+01
2.827830639584182038e+01
2.827830639584182038e+01
2.827830639584182038e+01
2.827830639584182038e+01
2.827830639584182038e+01
2.827830639584182038e+01
2.827830639584182038e+01
2.827830639584182038e+01
2.827830639584182038e+01
2.827830639584182038e+01
2.827830639584182038e+01
2.842535358910019738e+01
2.842535358910019738e+01
2.842535358910019738e+01
2.842535358910019738e+01
2.842535358910019738e+01
2.842535358910019738e+01
2.842535358910019738e+01
2.842535358910019738e+01
2.842535358910019738e+01
2.842535358910019738e+01
2.842535358910019738e+01
2.842535358910019738e+01
2.856748035704569944e+01
2.856748035704569944e+01
2.856748035704569944e+01
2.856748035704569944e+01
2.856748035704569944e+01
2.856748035704569944e+01
2.856748035704569944e+01
2.856748035704569944e+01
2.856748035704569944e+01
2.856748035704569944e+01
2.856748035704569944e+01
2.856748035704569944e+01
