468.564516129032
661.650000000000
955.154838709678
1665.98666666667
2706.14193548387
1583.67000000000
731.322580645161
453.625806451613
342.393333333333
306.580645161290
427.203333333333
648.467741935484
826.241935483871
990.314285714286
1365.17096774194
2153.76333333333
1848.03548387097
1198.78000000000
614.829032258064
449.225806451613
343.420000000000
280.251612903226
262.386666666667
387.093548387097
507.596774193548
774.675000000000
1224.72580645161
1841.29000000000
2344.20645161290
1570.39666666667
756.090322580645
461.574193548387
349.360000000000
276.348387096774
290.913333333333
434.712903225806
637.396774193549
1032.23214285714
2829.05806451613
3417.81000000000
3818.24193548387
2575.32000000000
1293.10322580645
620.222580645161
418.550000000000
322.300000000000
291.243333333333
292.209677419355
513.451612903226
813.685714285714
942.593548387097
1089.84333333333
1115.36451612903
1096.40666666667
589.670967741936
401.677419354839
293.076666666667
248.670967741936
231.770000000000
313.145161290323
527.893548387097
872.457142857143
1982.51935483871
2232.30333333333
1885.18709677419
1159.03333333333
517.354838709677
366.867741935484
280.830000000000
219.467741935484
268.436666666667
445.074193548387
620.754838709677
767.289285714286
947.561290322581
1034.55000000000
985.883870967742
680.423333333333
428.716129032258
323.080645161290
245.996666666667
182.387096774194
208.450000000000
283.941935483871
442.874193548387
698.303571428571
1155.14193548387
2366.35666666667
3248.90322580645
1790.50666666667
763.896774193549
406.645161290323
280.903333333333
215.848387096774
206.873333333333
338.941935483871
513.380645161290
870.335714285714
1427.80000000000
1930.42666666667
1223.66129032258
523.563333333333
351.290322580645
285.148387096774
217.213333333333
163.722580645161
163.423333333333
226.351612903226
351.112903225806
487.260714285714
731.535483870968
1315.19666666667
1179.83870967742
491.846666666667
309.632258064516
241.858064516129
177.283333333333
127.032258064516
132.146666666667
235.116129032258
374.496774193548
512.600000000000
662.519354838710
862.106666666667
957.851612903226
526.093333333333
325.635483870968
250.729032258065
183.186666666667
129.800000000000
130.460000000000
218.722580645161
404.338709677419
733.267857142857
957.141935483871
1357.07000000000
1600.18064516129
1192.98666666667
510.364516129032
318.751612903226
229.826666666667
184.303225806452
175.523333333333
262.509677419355
571.467741935484
939.832142857143
2326.18064516129
3502.29000000000
3123.68064516129
1871.06333333333
804.029032258065
483.893548387097
334.583333333333
234.193548387097
199.613333333333
323.293548387097
592.367741935484
936.296428571429
2041.20967741935
2903.70666666667
3331.75806451613
2020.11333333333
818.151612903226
465.016129032258
311.190000000000
223.832258064516
216.993333333333
302.854838709677
506.177419354839
694.767857142857
1069.16451612903
2916.79666666667
2681.94193548387
1673.17333333333
708.258064516129
407.780645161290
288.016666666667
189.448387096774
159.610000000000
303.741935483871
623.629032258064
1008.62142857143
2540.07741935484
3361.38000000000
3620.38387096774
2325.73000000000
1113.98064516129
559.900000000000
387.346666666667
263.964516129032
269.390000000000
465.548387096774
615.822580645161
784.496428571429
1168.55483870968
1875.64666666667
2131.48064516129
1804.99000000000
899.090322580645
476.690322580645
327.213333333333
249.664516129032
222.750000000000
310.164516129032
549.041935483871
910.839285714286
1424.42903225806
2434.30000000000
3770.01935483871
2444.12666666667
1210.35483870968
575.335483870968
372.716666666667
254.135483870968
229.423333333333
326.735483870968
611.351612903226
986.700000000000
2294.81290322581
4455.55000000000
3887.15161290323
2461.61666666667
1196.23225806452
577.038709677419
379.463333333333
266.803225806452
237.893333333333
367.293548387097
550.319354838710
850.142857142857
1253.46774193548
1516.13000000000
1522.18709677419
1248.46333333333
617.774193548387
410.158064516129
303.930000000000
196.048387096774
181.536666666667
338.303225806452