143.03012911833977
927.81762252503245
1133.4522151630438
735.23081204988409
192.17335671077288
26.048640779123957
2.784260014793718
0.22379795259516805
0.38059453672673393
20.870335986642587
54.8401462847186
700.15002898307796
2958.4515259060422
3059.8879708967529
2232.5316922499187
763.1904574003222
181.23247784542988
24.2115552999425
2.7187485545763925
0.39111393079578943
0.49677748742151656
15.040438371543638
91.811397372337012
455.4309272052127
1577.6231118677749
2187.111412504998
1843.6467402968331
1011.7920859932229
317.06518313083996
45.159882089393442
5.1511952814324502
0.7443730372216566
0.57895563164498531
12.077298997007176
93.038130217836425
623.41795012404702
1071.0315443927818
1948.1353864343332
1910.4718134948769
843.48451406064987
153.56744037965896
22.375358302986186
4.9103776067379679
1.2171430891112456
0.56540649878652849
11.116965915707562
73.481743180276709
910.21629440852223
2087.1201474761942
2685.921436318732
1751.7029676114153
916.92004959272106
247.00691507817461
51.506853153402133
6.1893508247860369
0.70455416542707117
1.8811813837899996
7.3159795149632219
52.759613688349646
485.79085459536032
1487.9317014694402
2554.1810493952075
2371.2536290931325
792.20636292399661
257.02005405310274
33.952272136566108
4.1741580712681463
0.24607667858296758
5.5475820064317327
14.525863878876942
62.081505262040537
1867.3498856253466
3411.2158384200661
3672.5836147468281
2720.1708161525326
1029.2027526070801
233.44547719287948
32.677960978285469
3.5535865524409513
0.38526329355734845
5.2003880387142383
21.297594882369516
82.042878869314109
291.39416830626499
1099.3275358811034
1664.2659556804088
1152.3784072919307
473.49368777056469
119.58913313308248
14.648637080815329
1.4617747400451964
0.21878792011442044
1.5888569175231433
2.7391784802723445
124.02228856261466
738.20753299997716
2334.4923565945878
1526.826124716486
1588.7795705938454
910.65102178209975
239.19342155986368
37.124985997559186
4.0696638535137062
0.82058184501675935
1.6041067977554593
14.925347244002932
98.238410109084143
363.85430466427829
1936.0873822640233
1459.3029906946465
2146.2261398363971
796.24761267380052
175.31965244074345
30.988198638528317
3.4697544757944967
1.063514958169717
0.27499333882839294
5.5096296575637549
102.28222910809316
761.90437566915045
2030.2144192740293
2231.4643145876098
3022.8799117003614
795.21118949442712
251.12277135328546
33.756708057065573
4.0317151368663797
0.57360455821974188
3.444358040082558
9.7193517851685574
75.159760466167299
465.50159963008434
925.95797249837312
2069.7925158522021
1457.0379735266865
721.26347712080201
216.34802769180331
28.82517940017733
3.4473375355519549
0.3609479402811297
2.9184492171638259
14.572416824152805
56.71979107823396
681.8674077599353
1538.4792606708183
1998.6236940296167
1620.0082068200888
674.89044096670852
169.01920192210127
19.817610371747993
2.4340755306263664
0.16202277446352378
1.410003784552933
7.0215909705510366
125.41250632003856
390.78800813855196
1992.9875016776004
2009.4953952199317
1080.0626191795841
628.20527090917631
225.56286836530489
35.930444649601036
4.5834301023981823
0.67243326923492053
1.388775273370159
5.1567426046356921
71.953551960536089
438.99770282929774
1310.261295868826
2418.8408114424715
1317.6141285941624
1089.339197003342
251.98518909455345
40.419114210991637
5.3433824461712094
1.078218252895317
1.6193266894720517
16.111922897893059
153.00409357683844
889.08822487209557
3105.8571395790123
2826.2964851246193
2172.6329525543133
1006.6883620721043
262.94650245357474
44.549539015708433
5.9540794324886646
1.3202717692236108
3.6284533795060461
19.303909346714313
76.951152744484347
642.87067450940162
1364.2340323976916
1958.8257250914683
1281.4853771096191
652.83116604093937
164.05892806950891
22.098178736234122
2.7398545416761029
0.6095002327360669
0.77557347735452586
19.395632121564869
183.83855192792765
519.22961372659279
1106.3754702330209
1519.9573948771024
1343.3499104712816
763.6848287473839
284.61851462011504
42.09629798464011
4.6511262146816001
0.29288815339400698
0.79933887954249017
5.6980254546850837
75.338306555932505
408.40264576995406
966.83384074016089
879.02489136949305
1141.6317948906831
763.49153755718021
187.94788042118685
26.316652308712232
3.4094285430052396
0.70622835990914434
2.4132650071852533
3.7747690725645802
56.305674113844681
493.12796536588314
1357.6408146792971
1697.5024163805606
1511.840521653681
783.32416967178108
198.68731126013978
25.058976142785419
2.6694127250001563
1.2735975122110896
0.6201106421633209
22.542074571007813
136.821189898162
926.5153820033529
1703.5213342103752
2425.7707423343504
2155.2854320338256
775.19004618814381
177.80296960799134
21.854267361690251
2.4214790009748266
0.44304946065415729
4.7199037226062863
9.7927164745693176
47.608275006961556
278.1640710523377
966.40612724344521
1956.4809437632762
1449.1231054913492
748.23067527826231
180.09775630936926
22.090371803649266
2.7124044942809196
0.60726711379786946
0.44734281298056783
3.749669570168042
83.469079858106312
292.42196435927502
1089.1534824962782
2284.0903698251341
2506.1983648467913
1291.6680499111324
480.9578944614467
69.368437940263831
10.592058473253585
1.4103852265075103
1.6054648550853323
8.8317598347529298
101.16433742642282
1122.935042690817
2056.578038537567
2163.8701847841626
1571.6161571131752
1061.0764399966743
391.90286762430543
47.391179424121994
5.3096540827344096
0.57454094258328892
1.6607923819692751
11.395460772294669
112.45219817692383
568.75764550143481
1276.5128680027472
1390.9764968320487
1243.3099381937202
602.52580435334505
139.47459001359962
20.814110405971952
2.1788140688679372
0.25807826402242967
0.92105528606344944
2.9731737286096642
98.46015424048565
568.85383333458151
2730.8546332506257
3295.7880679189843
2183.2130359748207
1099.625753821105
397.6755080078434
60.754882994942797
6.8190521215146607
0.64504587258648494
3.0529596916650781
28.814776099605361
146.86413409128895
849.20777204817398
1812.9259018167234
2288.483785965992
1756.0538841686471
731.30213126525609
183.54871093533444
22.022391262179642
2.7147978279760037
0.67154450753406048
2.7685322245077146
11.716355757700398
143.85414512245546
414.45420484946396
1048.857285446132
1706.1194093398178
1170.9711945239594
606.49003637697513
215.19740495098429
34.039239429662018
4.0541329444473622
0.64526516465574191
1.2471520372075524
9.6149936239042848
33.997774137489657
329.25635927068271
1132.2641927886334
2799.5315235831672
2175.3663407409745
930.75790631185862
227.18026374398158
33.064478231212959
3.99860674694746
0.5630108922792435
5.7673033918339911
23.377083318900201
62.073849496908913
501.14825549763918
1828.0370769000131
2808.1726512671007
1676.7535352331643
865.03681039325727
280.13986223949655
39.870350065756661
5.2688196732701185
0.71997284089910407
0.54117731150604065
13.872657941677751
124.00487263800242
604.96272276881757
1363.7103334467995
2213.4635230134559
1657.3600211520738
936.14717539464061
240.92063354972899
35.563958577976727
4.3042458273953246
0.27389963016149943
1.8532518404802496
11.876698880677493
86.608343289447546
505.41277936385507
2599.182596726464
2829.6793797030914
2260.2933454358008
1082.5988613385239
309.63964431509237
37.441228907226659
4.9014821836833917
1.1928464529985916
2.0068550136617573
21.545869932982807
62.104256262502311
705.86239512719771
1665.1938219544245
2096.6152214829335
1499.7471639432545
755.94768414093755
183.87966415553186
39.912829315115353
4.7451706232494253
0.73550872270584544
3.1881049901816918
15.578184793654795
57.252270963506611
286.40363590658171
1185.8237292840361
1731.2824525375513
1401.2732001328479
672.08195283553914
150.7580849100481
21.843134147634409
2.3863867767502693
0.18914004809512122
1.4773076395568934
7.3317442584733543
41.685127291839386
285.03235070176856
824.71286236782532
1731.1063394670343
1294.3352274085983
659.45935099045198
193.84532502417991
39.476786497509025
4.3436300469856626
0.40684221139784948
1.0165036707856525
14.367801798178064
67.850196884945063
254.91646921999424
949.96711482899855
1999.0492205944049
1587.3027823410259
870.73152138154853
299.82947409995484
36.496257257061941
4.6907539829062728
0.42477409888030115
1.0061766632304028
13.791205841714387
55.315763307582294
390.34556145284614
1282.520921386038
1548.8005034542327
1436.9422044209086
1008.5323660016455
319.27431148774923
39.775813645002344
4.6990707177527709
0.5793215386043693
1.0006245156980087
27.821599629191937
63.300773542349148
819.77077949347597
1320.8899502420486
1900.0615755921031
1256.5366181341885
952.67061453296913
208.77763179183631
39.940179869154207
5.0421453974260544
1.4866887476604098
1.0364317236207341
6.6669436831675171
40.930869815175562
424.71984339144035
1097.4485917043069
1293.5836001756829
1297.3742078394307
828.83065184395093
181.93139072598927
33.168398386564348
4.2880246325747819
0.9028695966570941
2.2298292179327261
4.7096517841568462
66.939809121581519
822.17227195216651
2009.8781661297446
1702.0733539843575
1555.042938530569
758.51364709713425
134.86876847070914
19.076723745947785
2.333465196589767
0.090197988897910711
2.0923106202753146
7.7875976835801248
55.544210789410052
316.68384911171222
1641.0327797514367
1449.1688390083073
1224.7168040263148
917.91811328396136
276.79280319429347
38.844769118029141
4.8126943664732664
0.30942188691447375
3.0592745835615105
8.1104962207853966
88.904322966666058
647.54972254576785
3120.7325720739418
5022.6564265542193
2999.8017704526901
1041.2205053892824
543.73504711336341
82.252571429443861
11.402847026461279
2.211158507087708
4.3247396316037729
39.812941512548775
276.62033680006681
858.58190809981556
2489.167827615338
3419.377703792587
2361.1415614955822
945.23538658312305
296.31834353292811
35.162362222214099
3.8469897425611905
0.58792460499938659
2.6331682416562541
16.118176986280883
192.43753624275627
634.65669035692144
2131.1110328188397
3272.3652856114568
1583.8375339775466
780.32651309913274
144.53213876351859
22.90458241176605
2.89686257487848
0.56443003143699444
1.7991257781746226
7.8178036121388805
66.405814574277443
571.93921058977037
1662.7957468091938
2174.8828532522966
1360.8812489187756
713.88931365206429
146.74761603781863
17.788617511934781
2.3456174176690809
1.5632034368124992
0.82011044079162465
14.289684441054035
84.205923800157123
888.3873865001965
2460.4378199709599
2522.7368960870181
2060.1655237987147
957.14911464750651
230.93830821849434
36.33885847825465
4.0005303301427055
0.79678255233089268
1.9457426309924102
17.485952361534643
90.629016938116806
503.41990739165783
2830.1020894830367
2328.881858111351
1695.2004361393567
1220.1932697724837
327.26269512937574
43.486151267176773
4.9783952124703168
1.0495081362125274
1.8183337839824574
7.6262826211456458
101.90838363124554
561.51294096845436
2066.3636399457891
2430.3054458422148
1647.7282855833487
1044.3503886710253
245.67992195643362
31.47751633215357
3.4292206858339807
0.68862068989655478
1.2287919493624069
3.2092683407330109
95.952679943694861
591.37018790927175
1301.4601235915457
2478.8371762749262
2100.2732192942722
740.70839160534717
176.81456806698779
23.471087521512725
2.4851382888619109
0.42254681192578358
1.9636673087722536
11.596886247885152
72.864982958576903
527.33257277632254
1434.6391895688505
1682.1238594416234
1737.8111547315498
980.59895089309327
256.98131871831163
31.789671745585551
3.5552858419152606
1.0805098767025116
2.2523894964535063
10.294897336957192
104.71040263191634
407.27819352103904
1074.2539958152427
2453.1177540528838
1507.2887295134319
761.90750579721441
232.48409035319622
30.665882740739558
4.0815015776741825
0.2387423878188305
0.53910213704901422
10.069406457682518
96.088008274329852
1552.4047841047702
2432.62314349503
2587.2275051541387
1959.7614428434704
880.83452625609493
231.59058141993373
27.664040084385984
3.3425780278795822
0.22021199945846573
1.7006178239489245
10.365237906325749
53.988783138095279
456.9735233167068
1726.7477903315189
2893.396013116791
1372.7852377361721
1291.2739390330539
232.12376327111818
33.268129470711663
3.6220765106884643
0.65552019853970855
10.592691106057877
8.239324312382907
60.601057265030136
396.60479604875485
1453.2976054096082
2255.4121071791492
1434.9302683497704
762.33364266538536
237.16864309753697
28.608112497328872
3.7362538104473577
1.6179301795597198
2.6255146872739479
10.479717907200676
97.040507824665696
460.51369237475018
1257.9910290552216
2185.1456807916866
1327.4477227294728
655.58689493843019
146.6634784267506
18.177231989213475
2.0057165028204182
0.15883681809848224
1.8604948168895707
4.7254735407138595
73.713451218595793
367.64836681313255
1395.6251500252833
1598.3042167112528
1221.7739246947845
786.9487828004751
246.9880533582033
55.096430087934941
6.7877443840225666
0.55566851676438167
0.18464881485476572
6.3248697385878732
30.322498999468344
322.08435504585691
1097.0401331209898
1114.8276172611324
1003.1239749973597
664.91087955397359
157.90759615796134
19.803483683618207
2.0798622015763417
0.22275699207929506
0.70290465000026658
8.4638653982417296
61.570311905182699
980.396984391057
1632.0636329293472
2106.168923438127
1985.5802579207091
893.7053892743802
309.67417594957095
38.607835346326709
4.8463280743748358
0.46542636744537413
1.3611467564422839
13.635660661527199
77.735677769284635
517.70593137537651
1537.3337378800343
2760.720645678939
1584.7471985348441
1024.1925971570154
251.86313144682916
38.388204571771411
5.3759721098796334
0.62643909807652498
4.6490979032606878
13.35979499686867
96.620470234608064
601.89285352496051
1390.5046151577528
2838.5028942056019
2367.2764775815626
1141.6974485558565
182.08662696022364
31.865091159753895
3.8990371612179295
0.34140717855760694
7.4627520775820342
5.8629332064113573
136.52177019329014
627.28992817621679
1541.2386690107182
2042.1563355624119
1337.3164729829396
838.84785574504053
225.9015871556804
32.889768090261072
4.1615772693536766
0.52592010634231401
1.0761148769944018
10.442515448548294
65.149837697824921
342.43557266938365
1046.5495291439277
2135.6560514588814
1110.2568097581011
573.35466837769241
174.00280717876632
27.148011161524071
3.6124117006138414
0.60545785737370805
0.45467923119098241
3.4938245052837043
42.324720371475635
231.40606962217527
935.62417031450173
1434.6938938434014
1230.2250391771327
736.10579077920193
146.17102100651593
20.19816338152058
2.1138819907294404
0.18872178107048362
1.8257373384671025
6.7113278197594761
90.582695764946664
448.21541150191194
1571.1152402520099
2093.4700251344993
1854.0482676435447
575.36453825592173
125.49203618599982
16.463230276954977
1.7784799025535412
0.35574320246303515
0.33450040081936011
15.237170100602308
89.605457332263981
339.86066456272829
1188.4426866189999
1401.6581290633062
1310.5460141678425
771.49684008066947
210.12619272948584
25.175605716705032
2.6829462692811772
0.20543445842285055
0.5064232127397017
6.4415915202209
69.147423356136656
608.44478015129016
1871.7193054026609
2438.9947789576645
1365.3121340803002
856.28600735039504
234.02621810193187
28.99743501188853
3.7031728862457469
0.70762228842953334
1.8499843587868239
9.4408551939045715
134.29338447516082
1068.8875415883058
1721.7161865655089
2474.2880047358231
2242.2552500483016
946.48147244763504
204.29792704057564
30.399657735598613
3.763681133575377
0.82657659921061666
1.1118494862995862
10.170245190842008
93.988710598766062
873.69181108672444
2010.5966114720034
2198.2688253033543
1923.5207468774299
842.59979608434503
240.61028250864206
34.13833955400451
4.0174242326583629
0.39182821869578588
0.55141094991617468
11.353448076734727
141.16142855547099
657.71973991571247
2510.0243681793127
2693.6593363356592
2158.4064626812101
696.97050888604531
193.65113372941602
24.311101756646938
2.5826219256399749
0.2525170058128538
0.79354392601020962
9.2201205095294974
137.06733651951436
799.44694663567122
2911.729044876181
2403.5698044702631
1694.9220783222434
923.45400882138347
282.17182804637389
36.391270564540491
4.8730553397355525
1.2072517880583034
2.4217033476997778
9.42155980471248
106.94749392235249
1711.5328237480796
3401.6510613790147
1718.6240775249601
2388.2335715821732
961.34631184906652
406.0878524618621
73.887633767210886
8.7987761102793165
1.5209258340043506
2.3791109020011252
26.662943541906575
191.5408204701632
706.35198454831959
2663.9394146772429
2048.4258584443082
1416.6904300408116
657.65269079935808
224.33280898776999
27.988490849014276
3.2251345628407839
0.58441482169807213
5.7996879415655469
21.37562353968228
130.5507041879919
442.65855335807174
1756.6328036669724
1937.0755368200805
1520.9447419823723
815.49750321867771
186.79050978729418
23.470533041684256
3.37204116779716
1.0883592895968077
0.25194941384323377
9.0759609388845917
71.543940742252929
309.35793857159541
903.51559032821808
863.8380038355474
775.63659827580557
471.46708789751125
116.35484543202493
15.573812964604034
1.5725134476420424
0.030294314046574705
0.64326398107563187
3.3208263362215633
80.576478092958084
1403.0578877500941
2255.1728683908327
2046.0678894416237
1487.1373929248437
1135.2327993057527
442.68348066487636
53.251318991236296
5.941814457411974
0.73667180042668201
2.7465575203032828
7.239237987897436
72.749600964271337
366.88403348506966
1321.729707320972
2290.4105308163648
1521.193725937605
747.46611451478577
284.06961081411674
38.065657441554201
4.2026652885782205
0.40573576509497711
0.36810501553150204
9.7059993989766564
129.23395202034072
591.13705890074709
1859.7775584517838
1346.7676989012859
1445.3601287522333
987.23675558962998
240.68522054997547
31.73072181632223
4.4583589739932616
0.49676488718351147
5.3087709560350298
16.708000085265535
174.16977227654968
650.89008573820365
1316.6950389591359
1632.7641863186152
1414.7046297680395
783.89860599407427
154.87820270803405
26.123058186102277
3.0812909346787851
0.34918204139996561
1.8710002259396303
7.5961818718285476
68.418027249281735
745.9732939927319
1504.5706064833385
2159.8425665658556
3240.4318687535892
879.26399799195167
269.8436586908465
45.218398233790957
5.6999406536087305
1.5045734397889139
1.3257983148526351
6.1338522086485687
97.18725019426968
1038.7891340849969
1886.2616221135449
2498.6958295064765
1739.409254721035
879.59465438966072
260.73657614529947
36.447723542076275
4.2153795449675338
0.40011960008319342
2.9918333394500518
16.730638196810624
81.716590195254398
354.18503647006759