1.004592030201386646e-03
1.834838707678236869e-01
7.324238989947606804e-01
1.280938174132384866e+00
9.807573506421214393e-01
4.519000925935188206e-01
7.232422207833635874e-02
1.409553894641029642e-05
4.212655321275171659e-04
1.572149352704544289e-03
5.394636866341277065e-02
1.081335021487347836e+00
6.209862951154166311e+00
1.453063490153638071e+01
2.551368139556213421e+01
3.164409063310540660e+01
2.686059567293420969e+01
1.955532709223964005e+01
1.408612954472663858e+01
1.000765738464721899e+01
7.135017490655146233e+00
5.299021901507280141e+00
4.860623394416518472e+00
8.571499348882175795e+00
2.372077264444718736e+01
4.959469500446859058e+01
6.976919410224648743e+01
8.022769721605008897e+01
6.325137592992812330e+01
4.639305466896075814e+01
3.378159245072816930e+01
2.439544608638117396e+01
1.768528756732339247e+01
1.312655202151066547e+01
1.136317770537739413e+01
1.680281662477308302e+01
3.824126202447121869e+01
8.257738829103460887e+01
1.509034140926253258e+02
1.499256152833206670e+02
1.145276322504363264e+02
8.402154045853311004e+01
6.140118527765440604e+01
4.455582994223944127e+01
3.256276108657748836e+01
2.475319875645580581e+01
2.143267281119048207e+01
2.514417245671722867e+01
4.171449171867657668e+01
7.010780609010832620e+01
1.237389559592592434e+02
1.628572490598528475e+02
1.275070833607771874e+02
9.351518343807447309e+01
6.840351485788036712e+01
4.965619821850390281e+01
3.624793241931239862e+01
2.707499005675114745e+01
2.129482351460539746e+01
2.338106911699609114e+01
3.772321055601673834e+01
7.038087663745473321e+01
1.057865194136288238e+02
1.134292186963173208e+02
9.131482373324469393e+01
6.709194535592352793e+01
4.898287068590164495e+01
3.548945368965555502e+01
2.589349368574559662e+01
1.922773448897579840e+01
1.600082042591534659e+01
2.126876112691164877e+01
3.876727330041058650e+01
6.903410727677525927e+01
9.163855979117202821e+01
9.211035850387558810e+01
7.554704727549345478e+01
5.532324915677309463e+01
4.035121118383055716e+01
2.918114873664436004e+01
2.121382077566682867e+01
1.586192032308162680e+01
1.330110343476400914e+01
1.640374354124422140e+01
2.717013487983638242e+01
6.405686413920868461e+01
1.204511487042928479e+02
1.320119442496772137e+02
1.039982744875908196e+02
7.622422842898724582e+01
5.569820852992659610e+01
4.042646845184207649e+01
2.945389516908426231e+01
2.201049275660218640e+01
1.876386394657975742e+01
2.675840626070968398e+01
7.035387107353160729e+01
1.294192402483811861e+02
1.894288225012732596e+02
2.077798137060973431e+02
1.592305451583878266e+02
1.172970098530422121e+02
8.581242735474081940e+01
6.237159188765656381e+01
4.567473587982321703e+01
3.420967336975053996e+01
2.989686769420559997e+01
3.441887154657709402e+01
4.841875123344647847e+01
8.854274472207470126e+01
1.234779691852871650e+02
1.259842311509137573e+02
1.011914453792937252e+02
7.423161132496606740e+01
5.424718068847052166e+01
3.933937249974815131e+01
2.874776985323966372e+01
2.122743871951768568e+01
1.698783243323219594e+01
2.367212250846931454e+01
4.385526319870257339e+01
6.967700864181199449e+01
9.257527280726648655e+01
1.039218122153232571e+02
8.347369554232329847e+01
6.119304049919819022e+01
4.463734419318871005e+01
3.233204012468765143e+01
2.368003007473272703e+01
1.781087081120861981e+01
1.530240102256068724e+01
1.839075435133300473e+01
2.854427241662508052e+01
5.475983157111016908e+01
8.604404339618474751e+01
9.549479939027442299e+01
7.641052288454385177e+01
5.595335173113588212e+01
4.079011919569934719e+01
2.950152899397120976e+01
2.145096508153429227e+01
1.594507957432526091e+01
1.338291591263534386e+01
1.689737323563184290e+01
3.281435421098993288e+01
6.514960550443399256e+01
1.053333966052771302e+02
9.403333393886991587e+01
7.304880028301815287e+01
5.346169025640460859e+01
3.895820698912052649e+01
2.816937186469423438e+01
2.052459283638108545e+01
1.541851198919545141e+01
1.284196085584022207e+01
1.416214251590367645e+01
2.866757964474950526e+01
5.264651450508761599e+01
1.056020401078919662e+02
1.168229520066010849e+02
9.362468329807175849e+01
6.853822974764196374e+01
5.003993591140995534e+01
3.627903389154416658e+01
2.642249015535042744e+01
1.955117743775975114e+01
1.669962512489449580e+01
2.637398664040888008e+01
3.962746289675179412e+01
6.365974105754389001e+01
1.022935556977105875e+02
1.030549382682910959e+02
8.339188419435119215e+01
6.120152936536358368e+01
4.468427754704123345e+01
3.235094865534374975e+01
2.356648530855714796e+01
1.738516666836910574e+01
1.438044216365172900e+01
1.873591529188182747e+01
5.107795103653984370e+01
1.185734186107277850e+02
1.744541156399743613e+02
1.922776399928410740e+02
1.505096907494476284e+02
1.106477551602357181e+02
8.093214017846236175e+01
5.880089841843589937e+01
4.291224042673162131e+01
3.175560211245251807e+01
2.576286816701874827e+01
2.679118064839230584e+01
4.774464805828120717e+01
7.550148418552250007e+01
1.152829166886126018e+02
1.142712235621319081e+02
9.104484429099689180e+01
6.667672647819253484e+01
4.865792031866615019e+01
3.523798000223415983e+01
2.572715929820498104e+01
1.924975356564302587e+01
1.737223384221660183e+01
2.975123804471319389e+01
7.708362310801452111e+01
1.488347842073260097e+02
2.505736230179002746e+02
3.018946160353022492e+02
2.347214231511034086e+02
1.724440429227287268e+02
1.263321543626639709e+02
9.195268505950083693e+01
6.784470792556767549e+01
5.115853212368579506e+01
4.131212830223570620e+01
4.323762440939825780e+01
6.352217488141350543e+01
9.351038711095361577e+01
1.146174392968088682e+02
1.227007706846039383e+02
9.594881947151394286e+01
7.024412509490444734e+01
5.128211850337532951e+01
3.715377526018615129e+01
2.710527521004897977e+01
1.999627663255454024e+01
1.677691501508790139e+01
2.507239660751046983e+01
4.409266565330310073e+01
7.719639272061704105e+01
1.119639042765473533e+02
1.093827904773251589e+02
8.589669124860635918e+01
6.282702567217936007e+01
4.583631013499693552e+01
3.320880534217661051e+01
2.421152581488575706e+01
1.827599314898015948e+01
1.618663181633499804e+01
2.283281943101692590e+01
4.727510316214256392e+01
7.194194866072258776e+01
1.096585111367619305e+02
1.259413129270726586e+02
1.004338080922116774e+02
7.355915713797460853e+01
5.373506318471420684e+01
3.895102481813842132e+01
2.841846777896286369e+01
2.113120919320806479e+01
1.676779154436449915e+01
1.798157398720772804e+01
3.269691913543137218e+01
6.516675395598726084e+01
1.144640654511833020e+02
1.351386285445001363e+02
1.044111994705679649e+02
7.638823661995000691e+01
5.578778029140855210e+01
4.044717352221358908e+01
2.955663723494305017e+01
2.198076112097916024e+01
1.909614948644089694e+01
2.252245473305795187e+01
4.458804403285209617e+01
6.775120971691852390e+01
1.002852994595778284e+02
1.186741429519831001e+02
9.919118483956138732e+01
7.292939453033930874e+01
5.330475104711076995e+01
3.864041287165036920e+01
2.810699438403783645e+01
2.167038047150218461e+01
1.807232011273820760e+01
2.496972864974576822e+01
4.249630552523611726e+01
6.988971081168978117e+01
1.224319683314556215e+02
1.366720845259578994e+02
1.072272206411159061e+02
7.850371563888468529e+01
5.733798669606556331e+01
4.157733657898336332e+01
3.038073924684716332e+01
2.265033007715129543e+01
1.872609467335690780e+01
2.632953175366652232e+01
5.144082613783408675e+01
8.991499613428347004e+01
1.421763784704579336e+02
1.638822796493260512e+02
1.337085948946794360e+02
9.807036671375662706e+01
7.174835277759693497e+01
5.210981286359901077e+01
3.806624961234749804e+01
2.845894575287240613e+01
2.300078273440456655e+01
2.418196492697006050e+01
3.988898005869756247e+01
5.872677085971744759e+01
1.020907520856645760e+02
1.264569703385330826e+02
1.053634053985254724e+02
7.719645085345575808e+01
5.642759966649990133e+01
4.091172559321641700e+01
2.995316206347047938e+01
2.257006602642570670e+01
1.927452693775258297e+01
2.237899674981271403e+01
4.211295864452121407e+01
7.705936626124989175e+01
1.142699554164505003e+02
1.121054706756157060e+02
8.558852786013221703e+01
6.264629317862807056e+01
4.570719256643890560e+01
3.312381565424180963e+01
2.417292207787723513e+01
1.794590041112754619e+01
1.438097580839368028e+01
1.797752030769450826e+01
4.258129321923117061e+01
8.722435816798898145e+01
1.269767751446750026e+02
1.273254720050484678e+02
1.024017668079822982e+02
7.516684949029151142e+01
5.488902191846911194e+01
3.979141658669469450e+01
2.907190031244966377e+01
2.179858282171464978e+01
1.790588064457271500e+01
2.096889452174024271e+01
4.149691301307773728e+01
7.414639226274776718e+01
1.331164147281123462e+02
1.469283861975201546e+02
1.184765701085498080e+02
8.692409396173628977e+01
6.353562998685137586e+01
4.610997437790410913e+01
3.364302081623606000e+01
2.485861635713675000e+01
2.074885549388297434e+01
2.543940115802845980e+01
4.403969464988540494e+01
9.480387220603816445e+01
1.294938050496021447e+02
1.353000406259074850e+02
1.048546317317311605e+02
7.695519810119654380e+01
5.620108611687807354e+01
4.075046571587674293e+01
2.970837571764975138e+01
2.205683391034872898e+01
1.725984702331892962e+01
1.923509611453546597e+01
3.426386865217518363e+01
6.830583452676567902e+01
1.212564610908146534e+02
1.256070741238316941e+02
1.000499746901975584e+02
7.338785511540370976e+01
5.358289766657756559e+01
3.883769327058684695e+01
2.833148574642915207e+01
2.099838289671367164e+01
1.717496660328247060e+01
2.146991375684403991e+01
4.788531851375493886e+01
9.553950280736427203e+01
1.427435546325509108e+02
1.656281015132276480e+02
1.292941319229647377e+02
9.496982895088493137e+01
6.945242287586845009e+01
5.044116843168885822e+01
3.677584511619804886e+01
2.715510456199543299e+01
2.095045576328940484e+01
2.343688946031756259e+01
4.296159535394673412e+01
7.519540816711879927e+01
9.203120640688433696e+01
1.013157715106307677e+02
8.096252782026336092e+01
5.938450404589296028e+01
4.331501120506354141e+01
3.134634199073721206e+01
2.279398818548284567e+01
1.700281276965005617e+01
1.376221369989846544e+01
1.608994926691400806e+01
2.873945120306431278e+01
6.387644335541015295e+01
1.019725912160367614e+02
1.057431479008177178e+02
8.436502648969133134e+01
6.210758602304326814e+01
4.532266327945180961e+01
3.280369062120306012e+01
2.387085236867525140e+01
1.764431502989101119e+01
1.385242850695003192e+01
1.805150544214506780e+01
3.821904754170842722e+01
6.432896114547178001e+01
8.775833309686845496e+01
9.132746664055743224e+01
7.195558891770876642e+01
5.279361854959130795e+01
3.849006782050614106e+01
2.781676754705594234e+01
2.020189641863979801e+01
1.487050955174537137e+01
1.178255860001475952e+01
1.491118193478061293e+01
2.975067974158299222e+01
5.816418773784019436e+01
8.921325111477815994e+01
8.676412416341534595e+01
6.781157795196286031e+01
4.955721359917605895e+01
3.610227910840162480e+01
2.607950566650417912e+01
1.896533235010400276e+01
1.391854090261815458e+01
1.069208750610477843e+01
1.142402257747671968e+01
1.907455804338554728e+01
3.784869445422762624e+01
7.589895969603823289e+01
8.139203174762116078e+01
6.240916369437943700e+01
4.581707685802009422e+01
3.334736820333382212e+01
2.406196564489207645e+01
1.741936559307431054e+01
1.285827939168944845e+01
1.150973633139966523e+01
1.741899385624011387e+01
5.111565444328626739e+01
1.092708693098239792e+02
1.423306495889713403e+02
1.320355976922934076e+02
1.033224286090834170e+02
7.578060275566825510e+01
5.534172998735267868e+01
4.012569460408408872e+01
2.923596207392705537e+01
2.194568173894469609e+01
1.814604550330390609e+01
2.160260645937513146e+01
4.426328907171216542e+01
7.730247337747724146e+01
1.185318221790423081e+02
1.216905750068761591e+02
9.852672435703060216e+01
7.234667095536330805e+01
5.281873222075165586e+01
3.828229730454110324e+01
2.794194568884849161e+01
2.087352637740292494e+01
1.775268545594881431e+01
2.177059388943375140e+01
3.855693259610686141e+01
7.350069831387794750e+01
1.098977240886560907e+02
1.178286560027171248e+02
9.194789960409912055e+01
6.728396474482777023e+01
4.910288392555789017e+01
3.557409045025448080e+01
2.590558619922249051e+01
1.923750878163383859e+01
1.557902061650172065e+01
1.505138182047316242e+01
2.588872551115503740e+01
5.551370337418511980e+01
1.033929343186689351e+02
1.246591232633022059e+02
9.954217805388105944e+01
7.299038250084808510e+01
5.331548641872866767e+01
3.865075144925785366e+01
2.822115315072732855e+01
2.096964424308651331e+01
1.694869917229053513e+01
2.173207097344979388e+01
4.638497854832375822e+01
7.371231435628870088e+01
1.142269062572323719e+02
1.258934497326497279e+02
1.018919363531200162e+02
7.468191270857046504e+01
5.453412058223801040e+01
3.953211070393248860e+01
2.881653172958388609e+01
2.161387820078596178e+01
1.774918688926218735e+01
1.954301424842029533e+01
3.902149862468796471e+01
7.456619598180421349e+01
1.130352879834055670e+02
1.285383084564092258e+02
1.014742259147411971e+02
7.436512553067443321e+01
5.431741721618973884e+01
3.938583927169897692e+01
2.865072892638080759e+01
2.110773454052280229e+01
1.707380074679664261e+01
1.877042440714758342e+01
2.495136047676211888e+01
4.722987099495810526e+01
1.043888872847573452e+02
1.236581994054152176e+02
9.644818174268492328e+01
7.064260524721609613e+01
5.156791586966564012e+01
3.737067602626975571e+01
2.722191882445580546e+01
1.995885636525272844e+01
1.615396410442903630e+01
1.958200175236617113e+01
4.312944919004205246e+01
7.756786818254110472e+01
1.237109012269665129e+02
1.475051345997098338e+02
1.166811868782042296e+02
8.556639047637308693e+01
6.252257101164153141e+01
4.536438447479592639e+01
3.310322782752765391e+01
2.449450301925731921e+01
2.000178582162112662e+01
2.604376230253271984e+01
6.287460306857134640e+01
1.041707723517898359e+02
1.386661671756959038e+02
1.403364107472861519e+02
1.102233145105515746e+02
8.084981572332767996e+01
5.906066888916004132e+01
4.283597515571145209e+01
3.126862931885198194e+01
2.321742448771454193e+01
1.929322098695617171e+01
2.544317169809708190e+01
4.983565678394842990e+01
8.884535926107110981e+01
1.592763858332569100e+02
1.729625849003619749e+02
1.375630798268011574e+02
1.008564455557145578e+02
7.377479374625625042e+01
5.358997814663237591e+01
3.914731908093884982e+01
2.949739555686795356e+01
2.317212802546806216e+01
2.297505911707445847e+01
4.315905720140052892e+01
8.814354210367416442e+01
1.633599744427367000e+02
1.649618903515957982e+02
1.284939040828073189e+02
9.418289869492502930e+01
6.884618942193824864e+01
5.005653346589496522e+01
3.653639727820124250e+01
2.740428322476372713e+01
2.211454510673581453e+01
2.234929302934620310e+01
3.186611622313631287e+01
5.522447999213025582e+01
8.833825053396861904e+01
1.066439155003792933e+02
8.690835645993043101e+01
6.383026130381329466e+01
4.659804297432697240e+01
3.375111707557811513e+01
2.460869761039765535e+01
1.824028966380372907e+01
1.541758381024148861e+01
1.834232155478795079e+01
3.618121918313271834e+01
8.160562430654717048e+01
1.431203095484499954e+02
1.860796962817995279e+02
1.505206574180766381e+02
1.105433132607394384e+02
8.085363877047640813e+01
5.875081065189775842e+01
4.303410304550664023e+01
3.189793551367834823e+01
2.542959363304125020e+01
3.400526264226547113e+01
6.189646794809539188e+01
8.489872084276302644e+01
1.148930815279487234e+02
1.438628341015146930e+02
1.117528856327283648e+02
8.188084208963130095e+01
5.983593858545771127e+01
4.341130054956569495e+01
3.163217531440770003e+01
2.324859973571708949e+01
1.868158375690755335e+01
2.537890303205179521e+01
4.228102782610961441e+01
8.291076319614118972e+01
1.285904107667422807e+02
1.333648882008554608e+02
1.074039834000174380e+02
7.880834643076717327e+01
5.758552035853949036e+01
4.176649167343565949e+01
3.045266590436374088e+01
2.248210138038283290e+01
1.759771213831986003e+01
1.878678667674200753e+01
3.569855815131381860e+01
6.289366356592130813e+01
9.241424223299810592e+01
1.072570094363451148e+02
8.396572011521161016e+01
6.157542477226609634e+01
4.491369626687986738e+01
3.252694773532077477e+01
2.383004193854461050e+01
1.756674080388915371e+01
1.440459010332614653e+01
1.588460537562560049e+01
2.744716688698251872e+01
5.618731874623279055e+01
1.057346570407125483e+02
1.107278430796166617e+02
8.740895497374684453e+01
6.404657904191378748e+01
4.674039830889005032e+01
3.385036941454983861e+01
2.464380278071956454e+01
1.808863658818301801e+01
1.475932787003303126e+01
2.410945132005553049e+01
5.639542944256172774e+01
9.998876216409307460e+01
1.250309890389324465e+02
1.159509682566343685e+02
9.192241705408487462e+01
6.732492558448025477e+01
4.913863127740884806e+01
3.559349547190850416e+01
2.587876385462508466e+01
1.935083434736615615e+01
1.528074411181685655e+01
1.700104613903091533e+01
2.752780978626073605e+01
4.704547657408492256e+01
7.731838758032483838e+01
9.111040303606088742e+01
7.319730891565198760e+01
5.348228193806897224e+01
3.899581668069863838e+01
2.819135903832544443e+01
2.049560706715414327e+01
1.514767515285481103e+01
1.172583566663278987e+01
1.428045492495255431e+01
2.635592154626733929e+01
4.097422933773378162e+01
6.850226073615537814e+01
8.655730076883189383e+01
6.898916885964331414e+01
5.057392427564537485e+01
3.689811828716775466e+01
2.665983385519296078e+01
1.934227921593636523e+01
1.417302344512337164e+01
1.253020312510673584e+01
1.763954353206753467e+01
3.609129848219438230e+01
6.415314757310372329e+01
9.585233272697649909e+01
1.027792561583561621e+02
8.150280573511915350e+01
5.971740976748125718e+01
4.356962933547181649e+01
3.152663801087706119e+01
2.290505840596311771e+01
1.696030396810439811e+01
1.428013961661330100e+01
1.635238364114510645e+01
3.345150968257430435e+01
4.772635707925076076e+01
6.692818089086298983e+01
7.947167302622636953e+01
6.524003772213049501e+01
4.779882944959225455e+01
3.481683599960455666e+01
2.515645512558168662e+01
1.823763666050073695e+01
1.361060881115507293e+01
1.076131709424986838e+01
1.218594683502281661e+01
3.201234578263504460e+01
5.631254571106438789e+01
8.650258972065842045e+01
9.832635135754074440e+01
7.782675847128956548e+01
5.708518338315371921e+01
4.161748455586418061e+01
3.010903458146236389e+01
2.189599595066029281e+01
1.615573332716984822e+01
1.354159177698741523e+01
1.378368676939729021e+01
2.177304842926689332e+01
3.981320322695670910e+01
5.774551607807723030e+01
6.128198815753815154e+01
4.936873990040122351e+01
3.610328378817735739e+01
2.625542100101167264e+01
1.889017444675672763e+01
1.359348924324331875e+01
9.955469999551560534e+00
7.630462540902957613e+00
1.015485998674431301e+01
2.184814418815860293e+01
4.681653768160487061e+01
8.441589189273226168e+01
8.406227465370062646e+01
6.647930318024059204e+01
4.867350202731284270e+01
3.544451427555377165e+01
2.559899210779679279e+01
1.855009698913771032e+01
1.359374207480370877e+01
1.052943506124318951e+01
1.052805372624854741e+01
2.220183520296102486e+01
4.512743065663931219e+01
7.880944575621640524e+01
9.079827237212936097e+01
6.988738886885008128e+01
5.109188934004399130e+01
3.722750317640885953e+01
2.689799001901926800e+01
1.951374401045558571e+01
1.430924143313373342e+01
1.139737835816371536e+01
1.543289627055716551e+01
3.240275918582652537e+01
5.299827851954521662e+01
8.610509783135188400e+01
1.023871405952641567e+02
8.264880266744943071e+01
6.051449163596468139e+01
4.413437687894846562e+01
3.194942302592150440e+01
2.317462317520745785e+01
1.709605936209258914e+01
1.404870675176780814e+01
1.677800005063558686e+01
3.403194753794939942e+01
9.400466561909371421e+01
1.502085859076910310e+02
1.696232462664778495e+02
1.386612421445116183e+02
1.016303746598531887e+02
7.432779299672164086e+01
5.401845187178562924e+01
3.950720579826403878e+01
2.937762757180106021e+01
2.334905495207575399e+01
2.753758607285853444e+01
4.765844804891770536e+01
1.087842312227479482e+02
1.658633657997688999e+02
1.625009227213465692e+02
1.282486096146733701e+02
9.416223283870196781e+01
6.885332972018561293e+01
5.000585948107008960e+01
3.655047602152847475e+01
2.699372903615021357e+01
2.156263281929319930e+01
3.086348954070223982e+01
6.279633893941571898e+01
9.112404144153157404e+01
1.294194111575026227e+02
1.391817807204818109e+02
1.115051585580986142e+02
8.167541977004606224e+01
5.967684013880781890e+01
4.329717541399332958e+01
3.159835789684146334e+01
2.334637655927326705e+01
1.942104435568666787e+01
2.351570391684437666e+01
4.902852791831369927e+01
8.846704693580251444e+01
1.393191226258649920e+02
1.489155226258132814e+02
1.183893352444557081e+02
8.662692183381473399e+01
6.330097717516712663e+01
4.595675406563933052e+01
3.349284618047585127e+01
2.465251875662257675e+01
1.885406845160927602e+01
2.012121889127456598e+01
4.418200611777396603e+01
7.969199795655903529e+01
1.458988845304793074e+02
1.538554452168029911e+02
1.250395829192580663e+02
9.192706492764381210e+01
6.719130317430806087e+01
4.880044115022853646e+01
3.563501979893456451e+01
2.649605363800836955e+01
2.167423668451543151e+01
2.504508162686532557e+01
3.963452941922835748e+01
8.133114532561540955e+01
1.289766169570596901e+02
1.266879210687468458e+02
9.914321064915901616e+01
7.259972982488652349e+01
5.301386514657663440e+01
3.842082826266229745e+01
2.798903211080918396e+01
2.069896492798616805e+01
1.580123935282981762e+01
1.490046251468072924e+01
2.598162914596045425e+01
8.117676290253665172e+01
1.134429290260432595e+02
1.172502592770001684e+02
9.406452646768363479e+01
6.898047907081570429e+01
5.035283889467157792e+01
3.648923701400509145e+01
2.655238423051205388e+01
1.958582214092855622e+01
1.513576993678517013e+01
1.396376744404404491e+01
2.087537675349160082e+01
4.504666648309696342e+01
9.785590320669498965e+01
1.228235295792969168e+02
9.843498318909985301e+01
7.212045915529041906e+01
5.265488022173602900e+01
3.815910173704269681e+01
2.783181913358756887e+01
2.054636473098388194e+01
1.635678001243681479e+01
1.928328963831042842e+01
4.342748137064279490e+01
7.962910190439571068e+01
1.491184591671759563e+02
1.602123903360933355e+02
1.263943254040915036e+02
9.263773961642368704e+01
6.773519012011267648e+01
4.916905082224586465e+01
3.596394687960891190e+01
2.663781876640523194e+01
2.167425316775070243e+01
2.864699819864254238e+01
4.940675037386925084e+01
7.948655650464708344e+01
1.228518721035602823e+02
1.230683880392719942e+02
9.684956181450532142e+01
7.094294627711887813e+01
5.179361987974868242e+01
3.752719630882197066e+01
2.740216300216214051e+01
2.019638643199731121e+01
1.547518447590172741e+01
1.827002728124600139e+01
3.924107127003752282e+01
8.695452834243457119e+01
1.236571645506846266e+02
1.363499815046864398e+02
1.093357521093124518e+02
8.017740274442444104e+01
5.857638080250455204e+01
4.248525909901712794e+01
3.098008410419119585e+01
2.294977197315579076e+01
1.792536382866498101e+01
1.724265580650546426e+01
4.463036739800094210e+01
8.918501692790793811e+01
1.512181375428793615e+02
1.595010357138584141e+02
1.238106380932977402e+02
9.084566167353821697e+01
6.639882577796166174e+01
4.819933610933721724e+01
3.518968398995602342e+01
2.605944463867215433e+01
2.101700476529827810e+01
2.449084613375448782e+01
4.575606801760861231e+01
7.978407595788338824e+01
1.064806098408553225e+02
1.095364142300661854e+02
8.730812144055283852e+01
6.391343158819022818e+01
4.662903876775195045e+01
3.376038091965998689e+01
2.460239895411909572e+01
1.807148671238705262e+01
1.458625389967031794e+01
1.814886353835360211e+01
3.433345714947540017e+01
6.458427395024675377e+01
8.364878339183428579e+01
8.340636551411411403e+01
6.329215000389064016e+01
4.631217143347792131e+01
3.371102492901034964e+01
2.433113554760111796e+01
1.765372629258510173e+01
1.286256038033425142e+01
1.042062716480408469e+01
1.533653514422399589e+01
4.700837384168841027e+01
8.998689688957314559e+01
1.240284361322691211e+02
1.248738792148605512e+02
9.758592376444718752e+01
7.151248944508999728e+01
5.220746805683040748e+01
3.783203779367143227e+01
2.754971680351398078e+01
2.023817542129294722e+01
1.577597261356126879e+01
1.760588184119583488e+01
3.382172048821146149e+01
6.072275304565393128e+01
8.809253733848707668e+01
9.307631729894045236e+01
7.654090660484362729e+01
5.606481960966711142e+01
4.089118402590447943e+01
2.958122078398833565e+01
2.162239484917856203e+01
1.584382731378357079e+01
1.224777525113651500e+01
1.235881343565145940e+01