0.010045920302013867
1.8348387076782369
7.3242389899476068
12.809381741323847
9.8075735064212139
4.5190009259351882
0.72324222078336353
0.00014095538946410296
0.0042126553212751714
0.015721493527045442
0.53946368663412769
10.813350214873479
62.09862951154166
145.30634901536379
255.13681395562134
316.44090633105407
268.6059567293421
195.55327092239639
140.86129544726637
100.07657384647219
71.350174906551459
52.990219015072796
48.606233944165183
85.714993488821762
237.20772644447186
495.94695004468588
697.69194102246479
802.2769721605008
632.51375929928122
463.93054668960758
337.81592450728169
243.95446086381173
176.85287567323391
131.26552021510665
113.63177705377393
168.02816624773081
382.41262024471217
825.77388291034606
1509.0341409262533
1499.2561528332067
1145.2763225043632
840.21540458533104
614.01185277654406
445.55829942239438
325.62761086577484
247.53198756455805
214.3267281119048
251.44172456717229
417.14491718676572
701.07806090108329
1237.3895595925924
1628.5724905985285
1275.0708336077719
935.15183438074462
684.03514857880361
496.56198218503903
362.47932419312394
270.74990056751147
212.94823514605397
233.8106911699609
377.23210556016738
703.8087663745473
1057.8651941362882
1134.2921869631732
913.14823733244691
670.91945355923531
489.82870685901645
354.89453689655551
258.93493685745597
192.27734488975796
160.00820425915347
212.68761126911647
387.67273300410585
690.34107276775251
916.3855979117202
921.1035850387558
755.47047275493458
553.2324915677309
403.51211183830554
291.8114873664436
212.13820775666827
158.61920323081625
133.01103434764008
164.03743541244222
271.70134879836382
640.56864139208676
1204.5114870429284
1320.1194424967721
1039.9827448759081
762.24228428987237
556.98208529926592
404.26468451842072
294.53895169084262
220.10492756602184
187.63863946579755
267.58406260709683
703.53871073531604
1294.1924024838117
1894.2882250127325
2077.7981370609732
1592.305451583878
1172.9700985304221
858.12427354740817
623.71591887656564
456.74735879823214
342.09673369750539
298.96867694205599
344.18871546577094
484.18751233446477
885.4274472207469
1234.7796918528716
1259.8423115091375
1011.9144537929371
742.31611324966059
542.47180688470519
393.39372499748146
287.47769853239663
212.27438719517684
169.87832433232194
236.72122508469312
438.55263198702568
696.77008641811994
925.75272807266481
1039.2181221532326
834.73695542323298
611.93040499198185
446.37344193188704
323.32040124687649
236.80030074732724
178.10870811208619
153.02401022560687
183.90754351333004
285.4427241662508
547.59831571110169
860.44043396184748
954.9479939027442
764.10522884543855
559.53351731135876
407.90119195699344
295.01528993971209
214.50965081534292
159.4507957432526
133.82915912635343
168.97373235631844
328.14354210989933
651.49605504433987
1053.3339660527713
940.33333938869907
730.48800283018147
534.61690256404609
389.58206989120521
281.69371864694233
205.24592836381083
154.18511989195451
128.41960855840222
141.62142515903676
286.67579644749503
526.46514505087612
1056.0204010789196
1168.2295200660108
936.2468329807175
685.38229747641958
500.39935911409952
362.79033891544162
264.22490155350425
195.5117743775975
166.99625124894496
263.73986640408879
396.27462896751791
636.59741057543886
1022.9355569771058
1030.5493826829108
833.91884194351189
612.01529365363581
446.84277547041228
323.50948655343751
235.66485308557145
173.85166668369106
143.80442163651728
187.35915291881827
510.77951036539844
1185.7341861072778
1744.5411563997436
1922.7763999284107
1505.0969074944762
1106.4775516023572
809.32140178462362
588.00898418435895
429.1224042673162
317.55602112452516
257.62868167018746
267.91180648392304
477.44648058281206
755.01484185522497
1152.8291668861259
1142.712235621319
910.44844290996889
666.76726478192529
486.57920318666146
352.37980002234161
257.27159298204981
192.49753565643024
173.72233842216602
297.51238044713193
770.83623108014513
1488.3478420732602
2505.7362301790026
3018.9461603530222
2347.2142315110341
1724.4404292272873
1263.3215436266396
919.52685059500834
678.44707925567673
511.58532123685791
413.12128302235703
432.37624409398256
635.22174881413503
935.10387110953616
1146.1743929680886
1227.0077068460394
959.48819471513934
702.4412509490445
512.8211850337533
371.53775260186148
271.05275210048978
199.96276632554537
167.769150150879
250.7239660751047
440.92665653303101
771.9639272061703
1119.6390427654735
1093.8279047732515
858.96691248606351
628.27025672179354
458.36310134996933
332.08805342176612
242.11525814885755
182.7599314898016
161.86631816334997
228.32819431016924
472.75103162142562
719.41948660722585
1096.5851113676192
1259.4131292707266
1004.3380809221167
735.59157137974603
537.35063184714204
389.51024818138416
284.18467778962861
211.31209193208065
167.67791544364499
179.81573987207727
326.96919135431369
651.66753955987258
1144.640654511833
1351.3862854450012
1044.1119947056795
763.8823661995001
557.87780291408546
404.47173522213586
295.56637234943048
219.80761120979159
190.96149486440896
225.2245473305795
445.88044032852093
677.51209716918515
1002.8529945957782
1186.7414295198309
991.91184839561379
729.293945303393
533.04751047110767
386.40412871650364
281.06994384037836
216.70380471502185
180.72320112738205
249.69728649745767
424.96305525236113
698.89710811689781
1224.3196833145562
1366.7208452595789
1072.272206411159
785.03715638884682
573.37986696065559
415.77336578983363
303.80739246847162
226.50330077151293
187.26094673356909
263.29531753666521
514.40826137834085
899.14996134283467
1421.7637847045792
1638.8227964932605
1337.0859489467944
980.70366713756619
717.48352777596938
521.09812863599007
380.66249612347497
284.58945752872404
230.00782734404564
241.81964926970059
398.88980058697558
587.26770859717442
1020.9075208566458
1264.5697033853307
1053.6340539852547
771.96450853455758
564.27599666499896
409.11725593216414
299.53162063470478
225.70066026425704
192.74526937752583
223.78996749812714
421.12958644521211
770.59366261249886
1142.6995541645049
1121.054706756157
855.88527860132206
626.46293178628071
457.07192566438903
331.2381565424181
241.72922077877234
179.45900411127545
143.8097580839368
179.77520307694508
425.81293219231168
872.24358167988976
1269.76775144675
1273.2547200504846
1024.0176680798229
751.66849490291509
548.89021918469109
397.91416586694692
290.71900312449662
217.98582821714649
179.05880644572713
209.68894521740242
414.96913013077733
741.46392262747759
1331.1641472811234
1469.2838619752015
1184.765701085498
869.24093961736287
635.3562998685137
461.09974377904109
336.4302081623606
248.58616357136748
207.48855493882974
254.3940115802846
440.39694649885399
948.03872206038159
1294.9380504960213
1353.0004062590747
1048.5463173173116
769.55198101196538
562.01086116878071
407.50465715876737
297.0837571764975
220.56833910348729
172.59847023318929
192.35096114535463
342.63868652175182
683.0583452676567
1212.5646109081465
1256.0707412383169
1000.4997469019755
733.87855115403704
535.8289766657756
388.37693270586846
283.31485746429149
209.9838289671367
171.74966603282471
214.69913756844039
478.85318513754936
955.39502807364261
1427.435546325509
1656.2810151322765
1292.9413192296474
949.69828950884926
694.52422875868444
504.41168431688857
367.75845116198047
271.55104561995432
209.50455763289403
234.36889460317562
429.61595353946734
751.95408167118796
920.31206406884326
1013.1577151063076
809.62527820263358
593.84504045892959
433.15011205063536
313.4634199073721
227.93988185482846
170.02812769650055
137.62213699898464
160.89949266914007
287.39451203064311
638.76443355410152
1019.7259121603676
1057.4314790081771
843.65026489691331
621.07586023043268
453.22663279451808
328.0369062120306
238.7085236867525
176.4431502989101
138.52428506950031
180.51505442145069
382.19047541708426
643.28961145471783
877.58333096868444
913.27466640557429
719.55588917708758
527.93618549591304
384.90067820506141
278.1676754705594
202.01896418639797
148.70509551745371
117.82558600014758
149.11181934780612
297.50679741582991
581.64187737840189
892.13251114778154
867.6412416341534
678.11577951962852
495.57213599176055
361.02279108401621
260.79505666504178
189.65332350104003
139.18540902618153
106.92087506104778
114.2402257747672
190.74558043385545
378.48694454227626
758.9895969603823
813.92031747621161
624.09163694379436
458.1707685802009
333.47368203333821
240.61965644892075
174.19365593074309
128.58279391689447
115.09736331399664
174.18993856240112
511.15654443286263
1092.7086930982398
1423.3064958897132
1320.3559769229339
1033.2242860908341
757.80602755668258
553.41729987352676
401.25694604084083
292.35962073927055
219.45681738944694
181.46045503303907
216.0260645937513
442.63289071712165
773.02473377477236
1185.318221790423
1216.9057500687616
985.26724357030594
723.46670955363311
528.18732220751656
382.822973045411
279.41945688848489
208.73526377402925
177.52685455948813
217.70593889433749
385.56932596106856
735.00698313877945
1098.9772408865608
1178.2865600271712
919.47899604099121
672.83964744827767
491.02883925557887
355.74090450254477
259.05586199222489
192.37508781633838
155.7902061650172
150.51381820473162
258.88725511155036
555.13703374185116
1033.9293431866893
1246.5912326330219
995.42178053881048
729.90382500848079
533.15486418728665
386.50751449257854
282.21153150727326
209.69644243086512
169.48699172290534
217.32070973449791
463.84978548323755
737.12314356288698
1142.2690625723237
1258.9344973264972
1018.9193635312001
746.81912708570462
545.34120582238006
395.32110703932483
288.16531729583886
216.13878200785962
177.49186889262185
195.43014248420295
390.21498624687962
745.66195981804208
1130.3528798340556
1285.3830845640923
1014.7422591474119
743.65125530674425
543.17417216189733
393.85839271698973
286.50728926380805
211.07734540522802
170.73800746796641
187.70424407147581
249.51360476762116
472.298709949581
1043.8888728475733
1236.5819940541521
964.48181742684915
706.4260524721609
515.67915869665637
373.70676026269751
272.21918824455804
199.58856365252728
161.53964104429036
195.8200175236617
431.2944919004205
775.67868182541099
1237.1090122696651
1475.0513459970982
1166.8118687820422
855.66390476373078
625.22571011641526
453.64384474795924
331.03227827527655
244.94503019257317
200.01785821621124
260.43762302532718
628.74603068571344
1041.7077235178983
1386.6616717569591
1403.3641074728614
1102.2331451055156
808.49815723327674
590.60668889160036
428.35975155711452
312.68629318851981
232.17424487714541
192.93220986956169
254.4317169809708
498.35656783948428
888.45359261071098
1592.763858332569
1729.6258490036196
1375.6307982680116
1008.5644555571455
737.7479374625625
535.8997814663237
391.47319080938848
294.97395556867951
231.72128025468061
229.75059117074457
431.59057201400526
881.43542103674156
1633.5997444273669
1649.618903515958
1284.9390408280731
941.82898694925029
688.46189421938243
500.56533465894961
365.36397278201241
274.04283224763725
221.14545106735812
223.49293029346202
318.66116223136311
552.2447999213025
883.38250533968608
1066.4391550037928
869.08356459930428
638.3026130381329
465.98042974326967
337.51117075578117
246.08697610397655
182.40289663803728
154.17583810241487
183.42321554787949
361.81219183132714
816.05624306547168
1431.2030954845
1860.7969628179951
1505.2065741807662
1105.4331326073943
808.53638770476402
587.50810651897757
430.3410304550664
318.97935513678345
254.2959363304125
340.05262642265473
618.96467948095392
848.98720842763021
1148.9308152794872
1438.6283410151468
1117.5288563272836
818.80842089631301
598.35938585457711
434.11300549565692
316.32175314407698
232.48599735717087
186.81583756907551
253.78903032051792
422.81027826109613
829.10763196141181
1285.9041076674227
1333.6488820085544
1074.0398340001743
788.08346430767165
575.85520358539486
417.66491673435655
304.52665904363738
224.82101380382832
175.97712138319858
187.86786676742008
356.98558151313819
628.93663565921304
924.14242232998106
1072.5700943634511
839.65720115211604
615.75424772266092
449.13696266879862
325.26947735320772
238.30041938544608
175.66740803889152
144.04590103326146
158.846053756256
274.47166886982518
561.87318746232791
1057.3465704071255
1107.2784307961665
874.08954973746836
640.46579041913787
467.40398308890047
338.5036941454984
246.43802780719562
180.88636588183016
147.5932787003303
241.0945132005553
563.95429442561726
999.88762164093066
1250.3098903893244
1159.5096825663436
919.22417054084872
673.24925584480252
491.38631277408842
355.93495471908506
258.78763854625083
193.50834347366154
152.80744111816855
170.01046139030913
275.27809786260735
470.45476574084921
773.18387580324838
911.10403036060882
731.9730891565199
534.82281938068968
389.95816680698636
281.91359038325442
204.95607067154143
151.47675152854811
117.2583566663279
142.80454924952554
263.55921546267336
409.74229337733777
685.02260736155381
865.57300768831885
689.89168859643314
505.73924275645373
368.9811828716775
266.5983385519296
193.42279215936364
141.73023445123371
125.30203125106735
176.39543532067535
360.91298482194384
641.53147573103718
958.52332726976488
1027.7925615835616
815.02805735119148
597.17409767481251
435.69629335471814
315.26638010877059
229.05058405963118
169.60303968104398
142.801396166133
163.52383641145107
334.515096825743
477.26357079250755
669.28180890862984
794.7167302622637
652.40037722130489
477.9882944959225
348.16835999604558
251.56455125581684
182.37636660500735
136.10608811155072
107.61317094249867
121.85946835022816
320.12345782635043
563.12545711064388
865.0258972065842
983.26351357540739
778.26758471289565
570.85183383153719
416.17484555864178
301.09034581462362
218.95995950660293
161.55733327169847
135.41591776987414
137.83686769397289
217.7304842926689
398.13203226956705
577.4551607807723
612.81988157538149
493.68739900401221
361.03283788177356
262.55421001011672
188.90174446756726
135.93489243243317
99.554699995515591
76.304625409029569
101.54859986744313
218.48144188158602
468.16537681604865
844.15891892732259
840.62274653700626
664.79303180240584
486.73502027312838
354.44514275553769
255.98992107796792
185.50096989137708
135.93742074803708
105.29435061243188
105.28053726248547
222.01835202961024
451.27430656639308
788.09445756216405
907.98272372129361
698.87388868850076
510.91889340043991
372.27503176408857
268.97990019019267
195.13744010455585
143.09241433133732
113.97378358163715
154.32896270557166
324.02759185826523
529.98278519545215
861.05097831351873
1023.8714059526416
826.48802667449422
605.1449163596468
441.34376878948461
319.49423025921504
231.74623175207455
170.96059362092589
140.48706751767807
167.78000050635586
340.31947537949395
940.04665619093714
1502.0858590769103
1696.2324626647783
1386.6124214451161
1016.3037465985318
743.27792996721644
540.18451871785624
395.07205798264039
293.7762757180106
233.49054952075753
275.37586072858534
476.584480489177
1087.8423122274794
1658.6336579976889
1625.0092272134655
1282.4860961467336
941.62232838701959
688.53329720185604
500.05859481070087
365.50476021528476
269.93729036150211
215.62632819293196
308.63489540702238
627.96338939415716
911.24041441531574
1294.1941115750262
1391.8178072048181
1115.0515855809861
816.75419770046051
596.76840138807813
432.9717541399333
315.98357896841463
233.46376559273264
194.21044355686666
235.15703916844376
490.28527918313699
884.67046935802512
1393.19122625865
1489.1552262581329
1183.893352444557
866.26921833814731
633.00977175167122
459.56754065639331
334.92846180475851
246.52518756622575
188.54068451609274
201.21218891274563
441.8200611777396
796.91997956559032
1458.9888453047931
1538.5544521680297
1250.3958291925805
919.27064927643812
671.91303174308064
488.00441150228534
356.35019798934565
264.96053638008368
216.74236684515429
250.45081626865323
396.34529419228352
813.3114532561541
1289.7661695705967
1266.8792106874685
991.43210649159005
725.99729824886515
530.13865146576632
384.20828262662297
279.89032110809183
206.98964927986168
158.01239352829816
149.00462514680729
259.81629145960454
811.76762902536643
1134.4292902604325
1172.5025927700017
940.64526467683629
689.80479070815704
503.52838894671578
364.8923701400509
265.52384230512052
195.85822140928556
151.35769936785169
139.63767444044043
208.75376753491599
450.46666483096959
978.55903206694984
1228.2352957929691
984.34983189099842
721.20459155290416
526.54880221736028
381.59101737042698
278.31819133587567
205.46364730983879
163.56780012436815
192.83289638310427
434.27481370642795
796.29101904395702
1491.1845916717596
1602.1239033609334
1263.943254040915
926.37739616423687
677.35190120112679
491.69050822245862
359.63946879608909
266.37818766405229
216.742531677507
286.46998198642541
494.06750373869249
794.86556504647081
1228.5187210356028
1230.6838803927199
968.49561814505319
709.4294627711887
517.93619879748678
375.27196308821971
274.02163002162138
201.96386431997308
154.75184475901727
182.70027281246001
392.4107127003752
869.54528342434571
1236.5716455068462
1363.4998150468643
1093.3575210931244
801.77402744424433
585.76380802504548
424.85259099017128
309.80084104191195
229.49771973155791
179.25363828664979
172.42655806505465
446.30367398000936
891.8501692790793
1512.1813754287934
1595.0103571385839
1238.1063809329773
908.45661673538211
663.98825777961656
481.99336109337213
351.89683989956023
260.59444638672153
210.17004765298276
244.90846133754488
457.56068017608607
797.84075957883385
1064.8060984085532
1095.3641423006618
873.08121440552839
639.13431588190224
466.2903876775195
337.60380919659985
246.02398954119096
180.71486712387053
145.86253899670317
181.48863538353601
343.33457149475402
645.84273950246757
836.48783391834274
834.06365514114111
632.9215000389064
463.1217143347792
337.11024929010347
243.31135547601116
176.53726292585102
128.6256038033425
104.20627164804084
153.36535144223996
470.08373841688405
899.86896889573143
1240.2843613226912
1248.7387921486054
975.85923764447182
715.12489445089989
522.07468056830407
378.32037793671429
275.49716803513979
202.38175421292945
157.75972613561268
176.05881841195836
338.21720488211463
607.22753045653928
880.92537338487068
930.76317298940444
765.40906604843622
560.64819609667109
408.91184025904477
295.81220783988334
216.22394849178559
158.43827313783569
122.47775251136514
123.58813435651459