0.019499749102785145
1.2764656370054124
10.043948608405213
14.711051427848
9.7040325889168244
5.397153443029798
2.9909795501286811
1.6592267844768565
0.94399320648792762
0.85900774345090214
2.0341167868530032
22.253751897810957
124.18686638724166
217.57311254363046
272.90117101056228
226.10121341984546
137.35020689492958
76.254659898950848
42.434254103084484
23.334798848677291
13.050755106751247
9.1714212272659434
20.484385603869232
67.779077382001049
245.96552665243962
443.69961713062804
491.3180200625419
412.25389161056387
247.11314970035787
137.31518199890283
76.17919502301072
41.904037038987724
23.382948863117765
15.076237633630317
32.667515145601342
121.31066982379022
282.78899575929745
401.35945558171767
469.63077344335409
377.09958361024201
220.64288469561166
123.63925241054494
68.58471437529424
37.849364486437914
21.670300153127496
15.485798055597042
23.948001731717611
127.71909604868779
294.93727671807596
538.63042737741512
729.09300305053489
661.80695719511209
401.35902031244615
223.18552184167285
124.13870713981666
68.405302712666909
38.736859889707596
30.070803979104419
45.48337658838787
107.22665302848071
196.11597827944291
310.38595791197292
410.54890529290037
372.03787189469705
226.95041655851497
126.14277592570025
70.093579790419881
38.625932351166526
21.7743935596094
13.309653767291994
21.01611377514978
119.72624535628198
314.46215835510452
478.99093576291841
545.33090582988177
409.42265475762383
241.14657349100349
133.61680539596961
74.138823619144816
40.680223402543533
22.848586681382844
14.894739316494144
30.932972320895331
69.830753652152822
181.76097708071592
340.78561099148175
415.42813137749437
307.63681240401968
176.16013785544899
97.76669807939895
54.355669551830331
30.000939831593737
16.742880228193155
10.866228610333096
24.078216950367239
114.77394204555326
398.99338194238254
574.23683611652996
715.13779008292443
634.44106929856082
383.10175359057786
214.72585268136515
119.26656090777753
65.623323216781387
36.891640540533878
23.694911098575485
63.200722379394769
126.39553294033388
227.21388900570074
405.73616593006801
546.71227111472729
549.32230781695603
337.53228446860425
187.4727364581363
104.20991936056107
57.570369488133693
32.078286014717335
19.093963475195459
26.946644412811814
106.07463507991554
231.31037959188501
377.13885606606874
527.17638376011212
486.109835048994
286.02427047837722
159.5365024844946
88.606718366590272
48.845431757378662
27.165306970048707
17.520300974481479
28.413477589061348
81.815156521514751
148.85694684826669
322.20016047169605
467.74432697155714
355.382774205582
217.75384689724481
120.97814240785998
67.150307440792531
36.859843372800199
20.620317640340769
13.45259514093758
22.95471799221513
71.548938213467764
136.14610014071394
242.57174664955417
396.92438090001673
315.97985542772068
184.94151866736945
102.62142893286894
56.938061467244715
31.369729791478825
17.529339573932379
11.300208060524483
19.503437673397119
52.411313800921164
152.33835816273668
257.01236795203067
333.35262315757245
325.34066757353088
204.96970875831548
114.1289252523006
63.423660670224599
34.97608554610499
19.562191142753012
12.265926539986243
29.539470499447521
111.19353467071298
261.64398385689975
417.29620289103417
463.2681760605804
400.15457870865725
250.10378726073876
139.19794229394708
77.224331942397939
42.719006733066436
23.920562532692649
15.022955926375644
37.266111189369106
122.13661199671094
398.3964510251044
686.0380924254672
752.26351017208742
721.91143501370959
433.28863828717903
240.82469072141041
133.53482744961983
73.526854016627752
41.137240257151163
24.936862009874286
31.859917312602136
114.85531418500997
235.193551302972
348.23103565558296
383.79267629059899
303.64732841560334
185.65677951467049
102.82595591386267
57.07909345968487
31.433274884361889
17.563835112178086
12.232431118627247
28.660309785197104
78.604467393700943
223.99142966917955
331.72290641624255
431.48491935697126
458.97792452270994
279.00513403005556
154.50894665647044
85.725465820797922
47.186231194577935
26.489066192743397
18.052279692030833
39.20785240526596
121.80103363336519
265.93156029137936
346.89846537509897
413.8922059312427
389.81862551488331
248.87945657715966
138.86490903356977
77.083510462005577
42.531418339319544
24.00096816332643
15.596686200070701
28.447759414491284
110.07290517643199
229.53639087193571
351.35867092175368
406.28699655547638
349.82261551025294
217.6321192289067
120.55870047650595
66.9552329431706
36.951995945020236
20.606804121043485
15.30100910276642
33.913258597634872
98.774210217415941
185.22788891624498
212.83686581981857
284.85696270739345
269.44969056988174
176.92400113343359
98.138867499164292
54.433075201123351
30.000607444149853
16.786508173012813
10.882508947334552
15.347639700337025
47.854414900243462
108.28360447490108
177.86480796537495
247.29112471058889
262.88698979056676
152.54476337900121
84.734742449465031
47.000127464747052
25.898396100736921
14.537449836186529
9.7912178154477019
26.58018036196745
70.198126721102966
228.26150036494801
450.72159601919395
593.85304647975715
601.67317019035136
394.93504204836853
219.83183348017701
122.2596175101111
67.331997804007386
37.463322322722917
29.44592666418319
46.736344296854533
172.74206481500806
331.35080131080957
451.24378856451665
677.01812074073212
625.92591113215849
373.01202193565211
206.73955740799158
114.8207828227842
63.136551782584903
35.470996046592973
25.374228488118852
65.602014842605627
170.25975845214109
293.97161732971517
408.29299171125695
515.42633989104547
445.70578621825092
278.19067399672417
154.35301262696282
85.663265050465682
47.149121983065164
26.252115924556911
17.160753783237887
32.207853225579157
91.434441761141912
251.56307893520594
365.74548239025904
606.34198763657866
611.13610653169826
394.34328160243956
218.60359539753534
121.20991210996738
66.904931643329448
38.316914206716397
25.814483043931396
48.505787187636123
158.09568539658437
226.94118357396275
397.76384649351155
539.7018875357611
415.04337813842267
248.00365259446241
137.45080567831161
76.302078661014804
41.956340049879849
23.514248674307446
15.182609002060968
32.42155077614963
93.988990688340252
236.55024605309353
375.99547887204682
445.36331389310607
390.12171608325082
261.45969348523494
145.42947598372254
80.64056946550987
44.375950754442563
24.768742902886764
16.68187580644598
24.821308622966018
72.650846908270424
154.59262457993606
264.20448568493833
386.70712326245382
372.54101292382802
241.01542817842198
133.81681769373012
74.293645997312382
40.84765065122194
22.917696063182987
13.931787039204268
21.023689131208823
53.396299672546753
126.33389722865626
247.89752998901557
344.87860095752291
303.84734071336391
174.00988654902255
96.584828045179137
53.622655521832051
29.597403008748973
16.522752211648122
10.626588712193282
18.352945641722965
72.725829822416912
191.89103841216644
363.39498215786807
580.91061805366235
477.86361156343821
290.99146843978582
161.232580818662
89.400766117673385
49.150452635049923
27.333529486463203
17.264451279342186
30.41512327047905
103.3637495650831
345.62215166949221
567.49891263571237
605.21072543728724
506.20483132296698
297.2216648240788
165.19164889383381
91.716996940800385
50.517089462937413
28.38247396557334
20.77228370240719
26.145259516671103
92.744772156035381
217.36831439427704
402.62394579110617
449.06212136865184
371.02811700317926
218.13705268810529
120.99330075257858
67.253716867778792
37.064974437196554
20.563836396172558
15.065146972586044
25.421143252332687
50.912881658339685
114.71423418105013
216.31066678082149
304.78861271186014
269.10435355739651
154.21944950349328
85.655253158896997
47.56451765126895
26.170488462300703
14.522957054236988
9.7517671190524435
10.549633189363139
88.450684620849458
277.93824419906309
443.49276002571952
494.21451811242696
394.76768004611438
247.4891168313294
137.67970355290387
76.541674610148135
42.080209770634092
23.647170413116825
14.545481363235691
23.267605003405606
70.839405509782992
205.94855284861688
408.15315156522274
522.12306051879921
469.29620824617984
283.20507097516435
157.13578246632599
87.266942137362435
48.086990087923205
27.030251919381893
17.778458915758854
28.116565610849801
100.03409897110303
186.57051259790873
282.47725854486328
377.9775948917794
290.52975027255064
175.2343649603545
97.403481700094247
54.086775496115493
29.781804176228384
16.706812374231415
14.882381889969286
38.596851281275235
136.31234556736962
299.76269296869873
460.14134274506807
589.57994736505543
492.68867877850039
316.34605652316486
175.5635516362608
97.768147288654291
53.710956092896851
29.951484765563396
20.779659010467597
31.994094614204169
82.828531974041923
234.49867688556253
387.28323643756215
465.84735489737068
373.1020090652284
234.87959289625397
130.44315863286042
72.511875717982349
39.951700296231515
22.776557829867237
14.701910280715341
38.099690394685695
153.99318598405344
299.64325508052963
417.68632418732437
459.43109540837884
435.29369783385835
263.82802788678777
147.52408292370055
81.853388463949116
45.199651158713984
25.326590596554883
16.209989045557109
26.391078866712117
63.960060140777628
133.93728955306267
196.29124143021116
229.38862618715996
194.28452715683366
120.99893841294626
67.360588910185101
37.397321255948938
20.555903169632252
11.536012860026108
7.5694079241855263
14.535969111677252
48.629915431957848
150.81791089178859
332.36200041697793
394.39679598090504
340.62613325456965
224.56335766429009
124.64068395114865
69.352281926681229
38.314215713097887
21.40744865492956
14.400785722525164
31.721133736560169
108.42500209352953
266.72556003094275
671.94936126824541
886.24925812127469
789.66011494843531
453.1829131701781
251.54002232618183
139.49296840428715
76.61700837770762
42.803730815235049
27.0665569994934
60.620464514476573
150.3391695631681
277.89518155911077
427.0623197563981
535.3338733398615
454.2344922506536
273.76478745365046
153.51726957938652
85.138137207454193
46.769147736797962
26.266251500800088
16.680513017926053
26.677614324457899
62.918479767039983
170.55193070850936
322.14864041789406
453.21493316060548
394.24641159064566
228.95345715923901
127.30248852048489
70.648426764108478
38.955088250457614
21.78090035158959
13.769737080729154
25.426314339214304
128.06444660288369
398.87050938395993
532.49406185813427
603.65090502701423
551.76806017844785
337.79638475873958
188.21187749668351
104.36156928523641
57.284697252890318
32.134431424460765
23.872904574775578
40.10457229874222
107.66047404065718
333.79768994493372
486.54598365260955
710.66392895211652
580.63631100687053
344.97610127439555
191.41955420940405
106.14886458252261
58.517448418381143
32.773894515951937
25.314952727292809
33.084152096248367
114.01179979588922
384.33550191840044
814.33840063093226
1392.4384770828965
823.96441838702845
461.79880196698218
256.36409302318918
142.26857344763772
78.139545996358393
43.845454854212335
30.664355624036446
70.040902535887213
146.85967501629113
254.57990123977726
425.01783228801878
695.63872387070398
632.32989198275993
377.81635004955729
211.13085965306146
117.20677069080114
64.433217360340919
36.176587989364336
24.949806654216676
44.413812638856058
103.00816517080936
208.02475561893351
377.23380016521838
660.24119689811027
552.15732280717452
321.414226403638
179.28001750252903
99.405720508439586
54.891843737560272
31.588334119359804
21.379518630445794
30.981111132647886
98.136377178570854
208.30669403522396
310.91129890502782
467.77808276308053
407.35692957817719
263.25709705400897
145.97560381922574
81.093458437383845
44.504263387363402
25.217654305015586
15.365200504568136
23.007978278945636
139.82785244719452
275.74677684959494
438.38667291568561
507.18158014130728
433.27647783099138
272.70369593695671
151.62190404451212
84.154691397651888
46.317965020469266
26.296411721925853
16.295530800837671
22.725552976603186
69.490699137896158
262.33003154107718
586.18785304134974
700.10058212159367
764.78661460281774
457.97933784930649
254.44529540458552
141.20872284406789
77.724002600401732
43.630352905138196
27.048626543492745
37.559287009604937
117.88232970452709
227.74312368024113
403.30327450052516
713.27328118242372
568.90840044837273
354.63509573398551
196.78282997320377
109.15150871601533
60.140573863938975
33.809730003594659
20.547309107610936
38.685599344324672
118.24938146561479
322.47073835999379
516.51401317026523
571.12069987312032
441.29250208355899
291.74598793740347
161.92210995354799
89.909485100538419
49.480723878874926
27.599968306925891
16.594587170488115
23.040080996914753
96.608757725222503
259.14103254057375
420.71787046426118
528.30897550917916
544.96130699612229
351.48406276596137
194.97905564508858
108.43190097958704
59.685047951676843
33.339145832166423
22.856814624790037
35.269163373598097
62.946186107084664
108.08583394578989
151.79202162660934
244.64550531696008
232.52217680670049
136.0675385217549
75.930518618229854
42.164746977195364
23.231489137924193
12.990617083653172
7.7361013352517034
21.498039991015027
89.29709447392581
182.83998058744118
278.50399928450139
334.78990339686686
273.95899281965984
164.92810135170706
91.669246283718422
50.937090543835936
28.072269074842094
15.799708327688842
11.099845278670346
24.375858986822667
74.980229194593804
182.30631408031564
259.36151884967927
351.03271754910446
348.24094985852901
245.97176814999699
136.78414763101352
75.992156915143127
41.926011542222312
23.335462638713363
15.852532202016175
23.708139626416234
144.51960462704994
449.07283163073265
743.30745712041028
993.76448254214836
776.00627028980705
472.9361080492169
262.3984651915145
146.06522470708151
81.17248909195807
45.870383783648286
28.657056770837034
42.367100267412532
89.897009491811332
207.12760497595133
497.62426722159461
584.68509907059911
510.03948800895756
327.28116024370348
181.66993739090063
100.73303590171557
55.357788149591251
30.76059766977442
19.18789986003102
21.725075511069818
61.019387799600231
108.57867958161258
221.95199000535484
394.14842869644696
313.61645882630643
193.66561804312707
107.59743036038857
59.726991553901236
32.859922418645795
18.572315359402037
12.008095815681399
13.376908722610773
45.707092296517033
200.03720096646697
334.20711345492953
467.38911558985944
458.60640769029271
267.99151300888394
148.70398756327535
82.451874215825924
45.266907911387086
25.111767237401317
15.78273083880045
34.55337046017393
97.989528405862728
281.82581081079684
458.36132488620603
612.28784502859764
635.58107451869103
396.98409984410148
220.21842469870666
122.10539712253637
67.295287457427264
37.437386746008926
28.228173558799163
32.79094956191058
70.6657884682607
132.22080016771159
295.97064685815002
448.30102798603292
437.47589649790064
283.63034224364537
157.20272037326589
87.263577637791556
47.994800583764977
26.851664331402468
19.90655844564732
25.626857102713984
102.45218807981156
239.85879373758073
408.55733865397951
456.79862378475269
371.192714034326
238.0810010279958
133.17694244180851
73.84247066737133
40.52791608936807
22.836664559303014
14.319635174697696
26.113637652537477
151.61309983976236
432.70304547493117
718.1560619660703
1024.2747691995567
924.44909315960865
534.64631144621751
296.72742192992717
164.5614410691644
90.513566041053977
50.218836609155936
32.936618974725214
68.995648419149433
259.21443107457105
619.49363549262966
782.17283637395951
866.9399851395126
685.72886306550379
400.24574396706271
222.53625467475823
123.59651674135239
67.953440448675138
37.731001440777142
23.714987300186095
34.770857596924067
170.39595605386967
527.16733543525072
650.59462607873445
716.06105160622042
559.488855441228
352.51069678430559
197.40465794109352
109.46726940131786
60.338410870538965
33.53592190728812
20.490123694487533
41.952688219829696
133.54951897463954
335.83430167748986
565.43888737332929
731.81359427872883
615.4008220964264
390.66700260920169
216.60618199312995
120.38450545015067
66.473466888810719
36.967756649651093
24.896864720793523
43.1104087058673
203.65378686797712
530.86688154956073
757.60627560813657
905.72129015472592
824.97466939758294
491.55246400629505
272.94549795386581
151.47695394274731
83.483213363098088
46.724937375312741
29.539368161046728
47.027142562014916
89.225645946265956
209.27807787400707
344.16499940944567
473.13350925894622
476.51535083693921
294.68189236535801
163.81228532003936
90.832975601851615
50.170819303480108
28.197516972423852
18.926384805570407
31.655165169891813
89.986912908994412
224.55578661695714
502.9988310564417
779.20506364032349
637.46701379186982
400.45928443378932
222.31510007343741
123.38863794075326
67.780399545388903
37.926350219593509
23.353490102605054
35.172301856149907
87.721829127093528
178.30015901499149
243.37488704382446
292.1389437599513
222.57472298159709
138.63686761062468
77.047335997848876
42.79685187242417
23.58328062214381
13.336440292794276
8.4270823877351297
12.760901375910587
68.871579512141764
158.62828826388949
280.18392103883355
323.46664500574786
311.85420584525548
188.87942351088267
104.7906292781519
58.21673749789894
32.2223848353064
18.138630995396944
11.811235289527655
11.862657252101855
46.887252381997719
209.14008538008147
460.58625520968747
597.84339467552763
527.22650163132687
303.91705590205697
168.78332174089255
93.822804352785667
51.817307893149149
28.822928446278056
20.703095409365741
43.693421083592511
113.87362264227266
218.41093994186608
413.1325647651941
633.96744673657622
644.70871071729346
403.10457143997405
223.70774437221192
124.0899311290235
68.4410528288536
38.55984080114392
30.013456065452889
54.849684206603804
134.9468979478925
331.77706974162226
456.34096188746418
602.73942479200673
546.3565463790884
326.18383849562645
182.27253120537091
101.19657973776289
55.704375923717151
31.129675886311688
20.061934802887997
40.410265583901811
154.99966624371692
374.00165015191067
499.64610222187372
716.04738678908313
660.47583165687752
403.67454204235952
224.31190286979773
124.5769008934771
68.721757718407787
38.369285295481276
24.81092040738648
26.671828813230938
116.06111242199562
246.84251245715959
377.12008804646945
501.49535427490036
425.61010301022719
281.94487937958388
156.80559616595886
87.049065861090043
47.803049960581866
26.676511413676497
15.708087698485475
21.360802016587119
66.09478526038086