425.9677419
601.5
868.3225806
1514.533333
2460.129032
1439.7
664.8387097
412.3870968
311.2666667
278.7096774
388.3666667
589.516129
751.1290323
900.2857143
1241.064516
1957.966667
1680.032258
1089.8
558.9354839
408.3870968
312.2
254.7741935
238.5333333
351.9032258
461.4516129
704.25
1113.387097
1673.9
2131.096774
1427.633333
687.3548387
419.6129032
317.6
251.2258065
264.4666667
395.1935484
579.4516129
938.3928571
2571.870968
3107.1
3471.129032
2341.2
1175.548387
563.8387097
380.5
293
264.7666667
265.6451613
466.7741935
739.7142857
856.9032258
990.7666667
1013.967742
996.7333333
536.0645161
365.1612903
266.4333333
226.0645161
210.7
284.6774194
479.9032258
793.1428571
1802.290323
2029.366667
1713.806452
1053.666667
470.3225806
333.516129
255.3
199.516129
244.0333333
404.6129032
564.3225806
697.5357143
861.4193548
940.5
896.2580645
618.5666667
389.7419355
293.7096774
223.6333333
165.8064516
189.5
258.1290323
402.6129032
634.8214286
1050.129032
2151.233333
2953.548387
1627.733333
694.4516129
369.6774194
255.3666667
196.2258065
188.0666667
308.1290323
466.7096774
791.2142857
1298
1754.933333
1112.419355
475.9666667
319.3548387
259.2258065
197.4666667
148.8387097
148.5666667
205.7741935
319.1935484
442.9642857
665.0322581
1195.633333
1072.580645
447.1333333
281.483871
219.8709677
161.1666667
115.483871
120.1333333
213.7419355
340.4516129
466
602.2903226
783.7333333
870.7741935
478.2666667
296.0322581
227.9354839
166.5333333
118
118.6
198.8387097
367.5806452
666.6071429
870.1290323
1233.7
1454.709677
1084.533333
463.9677419
289.7741935
208.9333333
167.5483871
159.5666667
238.6451613
519.516129
854.3928571
2114.709677
3183.9
2839.709677
1700.966667
730.9354839
439.9032258
304.1666667
212.9032258
181.4666667
293.9032258
538.516129
851.1785714
1855.645161
2639.733333
3028.870968
1836.466667
743.7741935
422.7419355
282.9
203.483871
197.2666667
275.3225806
460.1612903
631.6071429
971.9677419
2651.633333
2438.129032
1521.066667
643.8709677
370.7096774
261.8333333
172.2258065
145.1
276.1290323
566.9354839
916.9285714
2309.16129
3055.8
3291.258065
2114.3
1012.709677
509
352.1333333
239.9677419
244.9
423.2258065
559.8387097
713.1785714
1062.322581
1705.133333
1937.709677
1640.9
817.3548387
433.3548387
297.4666667
226.9677419
202.5
281.9677419
499.1290323
828.0357143
1294.935484
2213
3427.290323
2221.933333
1100.322581
523.0322581
338.8333333
231.0322581
208.5666667
297.0322581
555.7741935
897
2086.193548
4050.5
3533.774194
2237.833333
1087.483871
524.5806452
344.9666667
242.5483871
216.2666667
333.9032258
500.2903226
772.8571429
1139.516129
1378.3
1383.806452
1134.966667
561.6129032
372.8709677
276.3
178.2258065
165.0333333
307.5483871
