1003.945161
1428.114286
2811.954839
2518.816667
2617.325806
1899.333333
901.183871
518.2419355
390.39
287.6677419
300.0066667
505.0774194
864.8129032
2047.728571
3652.780645
5489.696667
3747.877419
2100.303333
1128.529032
676.3225806
446.6733333
339.8290323
290.18
411.5064516
637.8935484
923.2142857
2462.687097
5326.126667
4646.045161
2916.246667
1570.941935
808.4290323
536.47
458.3096774
456.83
514.8
738.5258065
1047.946429
1920.670968
2689.536667
2949.241935
2275.716667
1209.609677
688.9548387
502.1866667
392.5225806
339.68
506.9935484
1004.867742
1437.385714
2626.054839
5975.676667
5826.983871
3374.36
1790.019355
986.8064516
670.56
526.9
571.9266667
787.9193548
1003.696774
1410.317857
2423.796774
4455.22
4200.864516
2192.336667
1171.003226
725.7870968
544.1333333
412.9258065
466.2166667
748.7451613
1139.6
2369.910714
2604.445161
3170.493333
2785.448387
1862.52
979.1774194
637.0774194
482.8266667
372.2258065
406.3766667
563.6258065
794.5193548
1097.328571
1785.690323
3195.61
3345.632258
2014.246667
995.3580645
621.6419355
462.5866667
338.2677419
310.2366667
406.6806452
531.6903226
723.4071429
899.516129
1321.063333
1470.23871
1086.873333
629.4483871
463.5967742
362.34
307.3967742
350.8266667
568.5580645
794.2709677
969.8857143
1145.206452
1289.64
1242.325806
855.0666667
525.8709677
406.2903226
321.4933333
254.1
287.1733333
405.1548387
601.8064516
813.9607143
1184.770968
1936.586667
1640.277419
977.7533333
495.3903226
365.7677419
285.5966667
236.2870968
270.38
389.6129032
589.2806452
903.8857143
1094.570968
1637.533333
2060.832258
1552.98
721.5290323
450.2548387
329.67
249.983871
241.5966667
303.9903226
468.5645161
661.65
955.1548387
1665.986667
2706.141935
1583.67
731.3225806
453.6258065
342.3933333
306.5806452
427.2033333
648.4677419
826.2419355
990.3142857
1365.170968
2153.763333
1848.035484
1198.78
614.8290323
449.2258065
343.42
280.2516129
262.3866667
387.0935484
507.5967742
774.675
1224.725806
1841.29
2344.206452
1570.396667
756.0903226
461.5741935
349.36
276.3483871
290.9133333
434.7129032
637.3967742
1032.232143
2829.058065
3417.81
3818.241935
2575.32
1293.103226
620.2225806
418.55
322.3
291.2433333
292.2096774
513.4516129
813.6857143
942.5935484
1089.843333
1115.364516
1096.406667
589.6709677
401.6774194
293.0766667
248.6709677
231.77
313.1451613
527.8935484
872.4571429
1982.519355
2232.303333
1885.187097
1159.033333
517.3548387
366.8677419
280.83
219.4677419
268.4366667
445.0741935
620.7548387
767.2892857
947.5612903
1034.55
985.883871
680.4233333
428.716129
323.0806452
245.9966667
182.3870968
208.45
283.9419355
442.8741935
698.3035714
1155.141935
2366.356667
3248.903226
1790.506667
763.8967742
406.6451613
280.9033333
215.8483871
206.8733333
338.9419355
513.3806452
870.3357143
1427.8
1930.426667
1223.66129
523.5633333
351.2903226
285.1483871
217.2133333
163.7225806
163.4233333
226.3516129
351.1129032
487.2607143
731.5354839
1315.196667
1179.83871
491.8466667
309.6322581
241.8580645
177.2833333
127.0322581
132.1466667
235.116129
374.4967742
512.6
662.5193548
862.1066667
957.8516129
526.0933333
325.6354839
250.7290323
183.1866667
129.8
130.46
218.7225806
404.3387097
733.2678571
957.1419355
1357.07
1600.180645
1192.986667
510.3645161
318.7516129
229.8266667
184.3032258
175.5233333
262.5096774
571.4677419
939.8321429
2326.180645
3502.29
3123.680645
1871.063333
804.0290323
483.8935484
334.5833333
234.1935484
199.6133333
323.2935484
592.3677419
936.2964286
2041.209677
2903.706667
3331.758065
2020.113333
818.1516129
465.016129
311.19
223.8322581
216.9933333
302.8548387
506.1774194
694.7678571
1069.164516
2916.796667
2681.941935
1673.173333
708.2580645
407.7806452
288.0166667
189.4483871
159.61
303.7419355
623.6290323
1008.621429
2540.077419
3361.38
3620.383871
2325.73
1113.980645
559.9
387.3466667
263.9645161
269.39
465.5483871
615.8225806
784.4964286
1168.554839
1875.646667
2131.480645
1804.99
899.0903226
476.6903226
327.2133333
249.6645161
222.75
310.1645161
549.0419355
910.8392857
1424.429032
2434.3
3770.019355
2444.126667
1210.354839
575.3354839
372.7166667
254.1354839
229.4233333
326.7354839
611.3516129
986.7
2294.812903
4455.55
3887.151613
2461.616667
1196.232258
577.0387097
379.4633333
266.8032258
237.8933333
367.2935484
550.3193548
850.1428571
1253.467742
1516.13
1522.187097
1248.463333
617.7741935
410.1580645
303.93
196.0483871
181.5366667
338.3032258
