347.131483870968
1054.12803571429
810.552000000000
613.048900000000
324.255290322581
176.148766666667
117.809483870968
87.3015161290322
60.1070333333333
33.7404193548387
24.8545000000000
213.854064516129
838.520225806452
727.011035714286
1049.68800000000
763.214466666667
460.413322580645
199.198866666667
130.258032258064
98.6235806451613
72.8590333333333
46.6654193548387
32.5804666666667
94.5048064516129
376.677129032258
851.746642857143
1065.71393548387
1281.79876666667
902.531258064516
542.894900000000
264.712935483871
181.270096774194
130.919633333333
98.7659032258065
81.2820333333333
116.134064516129
240.933645161290
406.198928571429
775.787387096774
781.681200000000
506.974129032258
230.235033333333
157.409419354839
124.645193548387
89.5021333333333
55.6018064516129
39.8506000000000
206.168580645161
794.522548387097
1255.05957692308
1974.05467741936
2187.12070000000
1466.10587096774
910.668766666667
501.726290322581
333.284387096774
231.683666666667
174.014483870968
229.146633333333
378.157193548387
666.343774193549
816.864464285715
1287.18122580645
1638.74720000000
1016.44535483871
601.055200000000
364.800419354839
275.896516129032
198.265233333333
147.106161290323
177.137166666667
452.909333333333
626.635935483871
803.571535714286
1051.22112903226
895.456466666667
728.088354838710
428.561148148148
270.243096774194
213.871129032258
157.174066666667
115.131451612903
128.824466666667
177.550258064516
430.816741935484
902.018964285714
1512.02158064516
1127.17356666667
708.210677419355
367.985300000000
251.073580645161
198.273838709677
150.548800000000
108.794580645161
86.4007000000000
125.764806451613
214.657645161290
609.179964285714
645.741096774194
392.419733333333
264.894354838710
172.938033333333
130.073806451613
106.164870967742
84.4441333333333
67.9637096774193
86.2670666666667
230.221935483871
262.178290322581
458.101214285714
526.047709677420
386.632900000000
205.181903225806
128.225466666667
99.3219677419355
81.9215483870968
64.8727666666667
49.0098387096774
50.8955333333333
120.587870967742
297.736580645161
363.035678571429
444.981161290323
427.231400000000
207.160580645161
108.638633333333
83.4771290322581
67.6811612903226
52.1060666666667
37.3953870967742
48.0357000000000
149.086064516129
443.334000000000
911.113000000000
734.284193548387
733.352933333333
453.251096774194
228.988700000000
153.063903225806
115.032741935484
86.0823000000000
56.1832903225806
55.6926333333333
101.730741935484
322.045903225806
643.509857142857
785.285774193548
810.813200000000
709.144935483871
400.573266666667
209.112838709677
155.613161290323
113.363733333333
89.1516451612903
132.687900000000
183.475935483871
219.466193548387
529.413142857143
573.648451612903
434.021400000000
242.016225806452
141.204200000000
112.736064516129
95.8503870967742
70.4100666666667
51.7662903225806
33.0551333333333
89.5234193548387
197.699193548387
483.033035714286
883.652032258065
711.757666666667
355.195741935484
161.613233333333
116.846161290323
91.6212580645161
67.8172333333333
48.4465161290323
51.3012333333333
84.7457096774193
209.807322580645
689.364428571429
568.289064516129
576.527233333333
381.711483870968
185.795700000000
126.033225806452
97.3777741935484
66.5694000000000
46.5674838709677
36.6345333333333
71.4001612903226
217.974064516129
492.893857142857
366.693354838710
391.213866666667
225.662064516129
133.237333333333
85.2490967741936
63.7061290322581
44.3738666666667
29.2655161290322
19.9402333333333
45.8698387096774
275.221193548387
551.286071428571
549.275483870968
453.027900000000
251.113419354839
131.736766666667
91.9488709677419
70.1550967741935
52.8980000000000
38.8994516129032
44.6923333333333
68.3542258064516
118.701903225806
163.442892857143
127.196838709677
175.352066666667
101.320064516129
58.3389666666667
41.7728709677419
32.6314516129032
21.9208000000000
10.8536774193548
17.3578000000000
37.3014516129032
201.538193548387
659.617321428572
1080.25241935484
895.072966666667
543.825258064516
224.001266666667
134.021806451613
96.0624516129032
65.9179666666667
43.6194838709677
40.2008000000000
70.7292258064516
406.292612903226
701.235500000000
673.144322580645
359.758866666667
152.153709677419
92.4419333333333
72.9201935483871
58.5487096774193
40.2354333333333
26.0940000000000
21.0259000000000
37.6040645161290
87.1814838709678
229.777357142857
322.139225806452
279.030200000000
121.557580645161
60.7111000000000
41.6522903225807
34.2437741935484
21.3034000000000
9.73222580645161
7.27173333333333
42.6832903225806
163.609451612903
305.377071428571
515.583290322581
448.111200000000
271.508322580645
125.965266666667
80.5058064516129
56.4302903225807
35.7994333333333
17.4331290322581
11.4152333333333
42.3448387096774
282.833354838710
526.084607142857
441.858967741935
449.691966666667
165.603064516129
75.6662000000000
51.8997096774194
37.5056129032258
24.2406666666667
13.5417096774194
8.49590000000000
67.8139677419355
315.535870967742
519.093035714286
637.365612903226
611.278466666667
372.049967741935
150.201533333333
104.528032258065
77.6274193548387
50.0950666666667
29.3370645161290
19.3250666666667
87.2251290322581
407.438000000000
586.189178571429
795.484806451613
813.061033333333
480.128290322581
215.483233333333
136.859709677419
104.647935483871
75.7020333333333
48.0892258064516
36.4143333333333
69.0377096774194
126.959258064516
263.442714285714
781.209645161290
445.711633333333
237.183193548387
119.766933333333
82.0065806451613
62.4445161290323
43.3131000000000
21.0539354838710
18.0287666666667
118.982064516129
505.424516129032
1142.19889285714
1384.05454838710
1029.19910000000
628.869709677419
285.549833333333
175.252548387097
131.746967741936
92.7500666666667
57.6650000000000
69.6110666666667
104.426483870968
223.112225806452
463.748178571429
440.777451612903
328.401900000000
189.986838709677
115.086433333333
88.1460000000000
67.9768064516129
48.0371333333333
31.1604516129032
37.0707333333333
54.1066451612903
213.558516129032
303.007357142857
518.175774193549
636.139866666666
413.187354838710
183.440366666667
115.014935483871
85.7002580645161
59.9293000000000
36.3610645161290
32.9351666666667
61.8636129032258
224.013225806452
331.442714285714
585.414741935484
530.715533333333
342.166096774194
164.600666666667
106.053258064516
79.5767096774194
53.0012666666667
36.3235483870968
27.9102000000000
66.3880645161290
216.662483870968
338.498142857143
316.205645161290
245.134933333333
123.089064516129
69.7290000000000
52.2432580645161
40.3089354838710
26.5055666666667
20.3899032258065
16.3810333333333
66.2608064516129