4056.35058620690
2058.04658279376
2059.94790322581
1597.38776666667
533.705387096774
277.350600000000
207.879774193548
158.877419354839
102.291600000000
81.5421935483871
95.5737333333334
644.397806451613
1302.92690322581
1269.37339285714
913.982322580645
499.684200000000
215.297387096774
151.450433333333
122.791322580645
105.087483870968
82.5391666666667
68.7558387096774
59.3316666666667
172.254580645161
818.443419354839
2895.78750000000
2150.81764516129
725.649900000000
230.851645161290
143.313200000000
102.800129032258
75.6985483870968
58.4643333333333
44.6111290322581
42.7326333333333
112.383741935484
1164.11755172414
3941.71571428571
2757.88996428571
1557.62047619048
427.769451612903
225.601500000000
151.256478260870
101.976064516129
48.5768000000000
1.16832142857143
22.1370333333333
1462.74335714286
6260.12554838710
4549.66850000000
6020.02117857143
2401.52048000000
1083.49041935484
156.788500000000
120.664967741935
88.3821935483871
231.264718536963
44.2465600000000
43.3719000000000
63.8345161290323
954.735826086957
1172.02268181818
518.032107142857
537.457111111111
240.779290322581
461.444777333333
357.169949624709
279.894395781638
231.264718536963
121.040500000000
120.306266666667
269.963612903226
758.158903225806
467.040035714286
372.923709677419
1247.90618014720
245.887774193548
192.046033333333
151.256548387097
95.9763225806452
145.487000000000
26.7269032258065
44.5567000000000
1460.80240740741
3831.98657142857
2250.47646428571
4011.77209677419
7355.36823333333
291.148034482759
292.319733333333
316.467129032258
221.284870967742
152.618933333333
134.457931034483
3995.05796666667
328.528935483871
992.794096774194
2058.04658279376
3027.98459259259
88.3282758620690
2132.87619354839
7481.11313333333
6392.39661290323
5254.61980645161
4361.52450000000
41.2230000000000
34.5546000000000
56.7157741935484
210.019387096774
774.178750000000
1318.74080645161
397.980066666667
202.678161290323
142.488866666667
97.2867096774193
78.2710967741935
56.8452333333333
48.7720322580645
53.8405000000000
144.372838709677
462.455967741935
1740.36314285714
3027.42103225807
1031.16830000000
372.685677419355
138.618733333333
96.1134516129032
72.9318064516129
55.4813666666667
42.2452580645161
34.3838000000000
173.383419354839
963.815129032258
2807.73821428571
1306.84567741936
623.699600000000
205.785064516129
112.086266666667
78.2508387096774
53.4564838709677
36.4586666666667
27.3371612903226
36.3328666666667
949.699709677419
2899.32645161290
2187.95703571428
2463.13629032258
842.044133333334
340.265387096774
187.377033333333
129.638419354839
85.1997741935484
57.5974000000000
41.8281935483871
35.2110000000000
117.539580645161
1299.16093548387
2196.43664285714
3230.35041935484
1476.74320000000
506.588129032258
281.225966666667
196.219000000000
146.761709677419
102.419133333333
74.6439677419355
68.6925333333333
96.6642258064516
215.710548387097
885.801285714286
1084.41306451613
655.928866666667
226.896387096774
147.859800000000
98.6112903225807
60.8777419354839
42.3033448275862
30.9361612903226
39.1461666666667
527.280419354839
1395.52600097129
2058.04658279376
2269.97716853113
1247.90618014720
408.465766543634
461.444777333333
357.169949624709
279.894395781638
231.264718536963
86.8800555555556
50.3664000000000
85.2859677419355
806.947419354839
2899.05632142857
552.374812500000
1247.90618014720
226.296354838710
461.444777333333
357.169949624709
279.894395781638
231.264718536963
46.1842092455988
180.144799704439
295.944727272727
915.572523809524
1310.02069230769
1558.49630769231
1247.90618014720
408.465766543634
461.444777333333
357.169949624709
279.894395781638
231.264718536963
46.1842092455988
180.144799704439
405.582660936184
983.947354838710
176.553000000000
2269.97716853113
1247.90618014720
408.465766543634
461.444777333333
83.5338571428571
71.2212903225806
231.264718536963
46.1842092455988
31.8096000000000
583.785862068966
1362.68583870968
2058.04658279376
2269.97716853113
242.032700000000
141.217483870968
84.5129333333334
57.9784838709677
37.6634516129032
24.7837666666667
14.9957777777778
180.144799704439
405.582660936184