5.849924730835543395e-03
3.829396911016236804e-01
3.013184582521563737e+00
4.413315428354399828e+00
2.911209776675047323e+00
1.619146032908939326e+00
8.972938650386043102e-01
4.977680353430569138e-01
2.831979619463782516e-01
2.577023230352706307e-01
6.102350360559009035e-01
6.676125569343287047e+00
3.725605991617249657e+01
6.527193376308913741e+01
8.187035130316867537e+01
6.783036402595364223e+01
4.120506206847887398e+01
2.287639796968525374e+01
1.273027623092534455e+01
7.000439654603186845e+00
3.915226532025373629e+00
2.751426368179783033e+00
6.145315681160769650e+00
2.033372321460031529e+01
7.378965799573188633e+01
1.331098851391884068e+02
1.473954060187625714e+02
1.236761674831691522e+02
7.413394491010735976e+01
4.119455459967084465e+01
2.285375850690321542e+01
1.257121111169631611e+01
7.014884658935328865e+00
4.522871290089095275e+00
9.800254543680402719e+00
3.639320094713706766e+01
8.483669872778922638e+01
1.204078366745152948e+02
1.408892320330062091e+02
1.131298750830726050e+02
6.619286540868348823e+01
3.709177572316347948e+01
2.057541431258827203e+01
1.135480934593137370e+01
6.501090045938248352e+00
4.645739416679112388e+00
7.184400519515283356e+00
3.831572881460633795e+01
8.848118301542278630e+01
1.615891282132245408e+02
2.187279009151604612e+02
1.985420871585336329e+02
1.204077060937338359e+02
6.695565655250184989e+01
3.724161214194499792e+01
2.052159081380007066e+01
1.162105796691227866e+01
9.021241193731325936e+00
1.364501297651636058e+01
3.216799590854421353e+01
5.883479348383286833e+01
9.311578737359187130e+01
1.231646715878701031e+02
1.116113615684091087e+02
6.808512496755449206e+01
3.784283277771007192e+01
2.102807393712596351e+01
1.158777970534995738e+01
6.532318067882820323e+00
3.992896130187598036e+00
6.304834132544933745e+00
3.591787360688459074e+01
9.433864750653135900e+01
1.436972807288755121e+02
1.635992717489645258e+02
1.228267964272871495e+02
7.234397204730105102e+01
4.008504161879088201e+01
2.224164708574344473e+01
1.220406702076305905e+01
6.854576004414853152e+00
4.468421794948243431e+00
9.279891696268599333e+00
2.094922609564584448e+01
5.452829312421477681e+01
1.022356832974445240e+02
1.246284394132483015e+02
9.229104372120589517e+01
5.284804135663469538e+01
2.933000942381968201e+01
1.630670086554910014e+01
9.000281949478120325e+00
5.022864068457946196e+00
3.259868583099928774e+00
7.223465085110171380e+00
3.443218261366597233e+01
1.196980145827147624e+02
1.722710508349589702e+02
2.145413370248773219e+02
1.903323207895682287e+02
1.149305260771733543e+02
6.441775580440953775e+01
3.577996827233325661e+01
1.968699696503441388e+01
1.106749216216016229e+01
7.108473329572645660e+00
1.896021671381842921e+01
3.791865988210016525e+01
6.816416670171021508e+01
1.217208497790203978e+02
1.640136813344181803e+02
1.647966923450867966e+02
1.012596853405812709e+02
5.624182093744088462e+01
3.126297580816832067e+01
1.727111084644010575e+01
9.623485804415199851e+00
5.728189042558637034e+00
8.083993323843543521e+00
3.182239052397466139e+01
6.939311387756549721e+01
1.131416568198206249e+02
1.581529151280336407e+02
1.458329505146981830e+02
8.580728114351316549e+01
4.786095074534838290e+01
2.658201550997707940e+01
1.465362952721359768e+01
8.149592091014611128e+00
5.256090292344443249e+00
8.524043276718403561e+00
2.454454695645442541e+01
4.465708405448000207e+01
9.666004814150880975e+01
1.403232980914671373e+02
1.066148322616745929e+02
6.532615406917344103e+01
3.629344272235799451e+01
2.014509223223775791e+01
1.105795301184005908e+01
6.186095292102230303e+00
4.035778542281273751e+00
6.886415397664539029e+00
2.146468146404032851e+01
4.084383004221417934e+01
7.277152399486624290e+01
1.190773142700050187e+02
9.479395662831619518e+01
5.548245560021083378e+01
3.078642867986068055e+01
1.708141844017341526e+01
9.410918937443646826e+00
5.258801872179713399e+00
3.390062418157344659e+00
5.851031302019135794e+00
1.572339414027634774e+01
4.570150744882100469e+01
7.710371038560920454e+01
1.000057869472717300e+02
9.760220027205926385e+01
6.149091262749463738e+01
3.423867757569018266e+01
1.902709820106737837e+01
1.049282566383149629e+01
5.868657342825903456e+00
3.679777961995872815e+00
8.861841149834255305e+00
3.335806040121389060e+01
7.849319515706991979e+01
1.251888608673102397e+02
1.389804528181741148e+02
1.200463736125971650e+02
7.503113617822162951e+01
4.175938268818412524e+01
2.316729958271938017e+01
1.281570201991993052e+01
7.176168759807795006e+00
4.506886777912693098e+00
1.117983335681073065e+01
3.664098359901328195e+01
1.195189353075313079e+02
2.058114277276401651e+02
2.256790530516262265e+02
2.165734305041128778e+02
1.299865914861537135e+02
7.224740721642311314e+01
4.006044823488594631e+01
2.205805620498832553e+01
1.234117207714534814e+01
7.481058602962285420e+00
9.557975193780640311e+00
3.445659425550299204e+01
7.055806539089159912e+01
1.044693106966748815e+02
1.151378028871796886e+02
9.109419852468100487e+01
5.569703385440114829e+01
3.084778677415879855e+01
1.712372803790546172e+01
9.429982465308565764e+00
5.269150533653426116e+00
3.669729335588173935e+00
8.598092935559130012e+00
2.358134021811028092e+01
6.719742890075386299e+01
9.951687192487275979e+01
1.294454758070913840e+02
1.376933773568129880e+02
8.370154020901667025e+01
4.635268399694113128e+01
2.571763974623937443e+01
1.415586935837337990e+01
7.946719857823018707e+00
5.415683907609249559e+00
1.176235572157978737e+01
3.654031009000955521e+01
7.977946808741380380e+01
1.040695396125296810e+02
1.241676617793728070e+02
1.169455876544649868e+02
7.466383697314789458e+01
4.165947271007092922e+01
2.312505313860167178e+01
1.275942550179586199e+01
7.200290448997928472e+00
4.679005860021209884e+00
8.534327824347384350e+00
3.302187155292959631e+01
6.886091726158070969e+01
1.054076012765261083e+02
1.218860989666429049e+02
1.049467846530758806e+02
6.528963576867201368e+01
3.616761014295178001e+01
2.008656988295117785e+01
1.108559878350606986e+01
6.182041236313045474e+00
4.590302730829925792e+00
1.017397757929046165e+01
2.963226306522478026e+01
5.556836667487349501e+01
6.385105974594556955e+01
8.545708881221803210e+01
8.083490717096451306e+01
5.307720034003007470e+01
2.944166024974928675e+01
1.632992256033700329e+01
9.000182233244956365e+00
5.035952451903843219e+00
3.264752684200365351e+00
4.604291910101107277e+00
1.435632447007303902e+01
3.248508134247032331e+01
5.335944238961248232e+01
7.418733741317666386e+01
7.886609693717002756e+01
4.576342901370036031e+01
2.542042273483950865e+01
1.410003823942411572e+01
7.769518830221075589e+00
4.361234950855958026e+00
2.937365344634310649e+00
7.974054108590234335e+00
2.105943801633089052e+01
6.847845010948439892e+01
1.352164788057581859e+02
1.781559139439271462e+02
1.805019510571054013e+02
1.184805126145105589e+02
6.594955004405309751e+01
3.667788525303333103e+01
2.019959934120221590e+01
1.123899669681687463e+01
8.833777999254957436e+00
1.402090328905635985e+01
5.182261944450241486e+01
9.940524039324286321e+01
1.353731365693549833e+02
2.031054362222196232e+02
1.877777733396475526e+02
1.119036065806956373e+02
6.202186722239747496e+01
3.444623484683526016e+01
1.894096553477546863e+01
1.064129881397789212e+01
7.612268546435655203e+00
1.968060445278168658e+01
5.107792753564232413e+01
8.819148519891454896e+01
1.224878975133770780e+02
1.546279019673136474e+02
1.337117358654752763e+02
8.345720219901724590e+01
4.630590378808884822e+01
2.569897951513970469e+01
1.414473659491954827e+01
7.875634777367072736e+00
5.148226134971365830e+00
9.662355967673747159e+00
2.743033252834257141e+01
7.546892368056177247e+01
1.097236447170777041e+02
1.819025962909736052e+02
1.833408319595094724e+02
1.183029844807318653e+02
6.558107861926059456e+01
3.636297363299021157e+01
2.007147949299883294e+01
1.149507426201491889e+01
7.744344913179418199e+00
1.455173615629083628e+01
4.742870561897530735e+01
6.808235507218881821e+01
1.193291539480534595e+02
1.619105662607283307e+02
1.245130134415267946e+02
7.440109577833871413e+01
4.123524170349347884e+01
2.289062359830444038e+01
1.258690201496395389e+01
7.054274602292233354e+00
4.554782700618289937e+00
9.726465232844889286e+00
2.819669720650207623e+01
7.096507381592805075e+01
1.127986436616140367e+02
1.336089941679318258e+02
1.170365148249752423e+02
7.843790804557048091e+01
4.362884279511676056e+01
2.419217083965295956e+01
1.331278522633276928e+01
7.430622870866028684e+00
5.004562741933793468e+00
7.446392586889805543e+00
2.179525407248112501e+01
4.637778737398081574e+01
7.926134570548150293e+01
1.160121369787361374e+02
1.117623038771483976e+02
7.230462845352658974e+01
4.014504530811903038e+01
2.228809379919371381e+01
1.225429519536658240e+01
6.875308818954896317e+00
4.179536111761279926e+00
6.307106739362646763e+00
1.601888990176402672e+01
3.790016916859687512e+01
7.436925899670467288e+01
1.034635802872568746e+02
9.115420221400917455e+01
5.220296596470676320e+01
2.897544841355373890e+01
1.608679665654961610e+01
8.879220902624691547e+00
4.956825663494436540e+00
3.187976613657984348e+00
5.505883692516889028e+00
2.181774894672507159e+01
5.756731152364992710e+01
1.090184946473604128e+02
1.742731854160986984e+02
1.433590834690314466e+02
8.729744053193574871e+01
4.836977424559859884e+01
2.682022983530201543e+01
1.474513579051497558e+01
8.200058845938960062e+00
5.179335383802655457e+00
9.124536981143714698e+00
3.100912486952492841e+01
1.036866455008476606e+02
1.702496737907137003e+02
1.815632176311861770e+02
1.518614493968900945e+02
8.916649944722364296e+01
4.955749466815014159e+01
2.751509908224011625e+01
1.515512683888122325e+01
8.514742189672000805e+00
6.231685110722156473e+00
7.843577855001330867e+00
2.782343164681061509e+01
6.521049431828311072e+01
1.207871837373318442e+02
1.347186364105955363e+02
1.113084351009537727e+02
6.544111580643158277e+01
3.629799022577357448e+01
2.017611506033363611e+01
1.111949233115896618e+01
6.169150918851767251e+00
4.519544091775813399e+00
7.626342975699805571e+00
1.527386449750190422e+01
3.441427025431503495e+01
6.489320003424644767e+01
9.143658381355804465e+01
8.073130606721895219e+01
4.626583485104798399e+01
2.569657594766909980e+01
1.426935529538068437e+01
7.851146538690210619e+00
4.356887116271096261e+00
2.925530135715733060e+00
3.164889956808941474e+00
2.653520538625483738e+01
8.338147325971893054e+01
1.330478280077158502e+02
1.482643554337280705e+02
1.184303040138343022e+02
7.424673504939882207e+01
4.130391106587116212e+01
2.296250238304444125e+01
1.262406293119022749e+01
7.094151123935047210e+00
4.363644408970706934e+00
6.980281501021681656e+00
2.125182165293489689e+01
6.178456585458506112e+01
1.224459454695668228e+02
1.566369181556397621e+02
1.407888624738539534e+02
8.496152129254930685e+01
4.714073473989779473e+01
2.618008264120873108e+01
1.442609702637696145e+01
8.109075575814568282e+00
5.333537674727655720e+00
8.434969683254939454e+00
3.001022969133090967e+01
5.597115377937262082e+01
8.474317756345898545e+01
1.133932784675338183e+02
8.715892508176519016e+01
5.257030948810634641e+01
2.922104451002827119e+01
1.622603264883464647e+01
8.934541252868514860e+00
5.012043712269424134e+00
4.464714566990785727e+00
1.157905538438257054e+01
4.089370367021088271e+01
8.992880789060961888e+01
1.380424028235204048e+02
1.768739842095166352e+02
1.478066036335501110e+02
9.490381695694945563e+01
5.266906549087823919e+01
2.933044418659628505e+01
1.611328682786905375e+01
8.985445429669018935e+00
6.233897703140279134e+00
9.598228384261251023e+00
2.484855959221257748e+01
7.034960306566875943e+01
1.161849709312686372e+02
1.397542064692111978e+02
1.119306027195685118e+02
7.046387786887618176e+01
3.913294758985812649e+01
2.175356271539470399e+01
1.198551008886945368e+01
6.832967348960170995e+00
4.410573084214601813e+00
1.142990711840570839e+01
4.619795579521603202e+01
8.989297652415888251e+01
1.253058972561973121e+02
1.378293286225136569e+02
1.305881093501575094e+02
7.914840836603632113e+01
4.425722487711016129e+01
2.455601653918473559e+01
1.355989534761419435e+01
7.597977178966464962e+00
4.862996713667132376e+00
7.917323660013634523e+00
1.918801804223328844e+01
4.018118686591879651e+01
5.888737242906334757e+01
6.881658785614799001e+01
5.828535814705009699e+01
3.629968152388387637e+01
2.020817667305552945e+01
1.121919637678468185e+01
6.166770950889675085e+00
3.460803858007832634e+00
2.270822377255657720e+00
4.360790733503175254e+00
1.458897462958735325e+01
4.524537326753657140e+01
9.970860012509338333e+01
1.183190387942715063e+02
1.021878399763708956e+02
6.736900729928701992e+01
3.739220518534459359e+01
2.080568457800436732e+01
1.149426471392936655e+01
6.422234596478867630e+00
4.320235716757548694e+00
9.516340120968051153e+00
3.252750062805885989e+01
8.001766800928281498e+01
2.015848083804736177e+02
2.658747774363823737e+02
2.368980344845305694e+02
1.359548739510534290e+02
7.546200669785454807e+01
4.184789052128614628e+01
2.298510251331228460e+01
1.284111924457051401e+01
8.119967099848020453e+00
1.818613935434296991e+01
4.510175086895042540e+01
8.336855446773323308e+01
1.281186959269194290e+02
1.606001620019584379e+02
1.362703476751960636e+02
8.212943623609513111e+01
4.605518087381595649e+01
2.554144116223625716e+01
1.403074432103938740e+01
7.879875450240025891e+00
5.004153905377815903e+00
8.003284297337369679e+00
1.887554393011199494e+01
5.116557921255280661e+01
9.664459212536822008e+01
1.359644799481816335e+02
1.182739234771936907e+02
6.868603714777169955e+01
3.819074655614546288e+01
2.119452802923254353e+01
1.168652647513728304e+01
6.534270105476877255e+00
4.130921124218746243e+00
7.627894301764291285e+00
3.841933398086510465e+01
1.196611528151879753e+02
1.597482185574402820e+02
1.810952715081042754e+02
1.655304180535343619e+02
1.013389154276218704e+02
5.646356324900505541e+01
3.130847078557092189e+01
1.718540917586709327e+01
9.640329427338228285e+00
7.161871372432673688e+00
1.203137168962266479e+01
3.229814221219714909e+01
1.001393069834801111e+02
1.459637950957828707e+02
2.131991786856349620e+02
1.741908933020611414e+02
1.034928303823186582e+02
5.742586626282121642e+01
3.184465937475678032e+01
1.755523452551434360e+01
9.832168354785581599e+00
7.594485818187842519e+00
9.925245628874510118e+00
3.420353993876676668e+01
1.153006505755201232e+02
2.443015201892796711e+02
4.177315431248689492e+02
2.471893255161085108e+02
1.385396405900946490e+02
7.690922790695675815e+01
4.268057203429131619e+01
2.344186379890751581e+01
1.315363645626369937e+01
9.199306687210933475e+00
2.101227076076616385e+01
4.405790250488733761e+01
7.637397037193316862e+01
1.275053496864056228e+02
2.086916171612111839e+02
1.896989675948279626e+02
1.133449050148671802e+02
6.333925789591843625e+01
3.516203120724033937e+01
1.932996520810227636e+01
1.085297639680930004e+01
7.484941996265002118e+00
1.332414379165681773e+01
3.090244955124280679e+01
6.240742668568005058e+01
1.131701400495655179e+02
1.980723590694330767e+02
1.656471968421523400e+02
9.642426792109139910e+01
5.378400525075871030e+01
2.982171615253187369e+01
1.646755312126808235e+01
9.476500235807939987e+00
6.413855589133738100e+00
9.294333339794365045e+00
2.944091315357125538e+01
6.249200821056718524e+01
9.327338967150834037e+01
1.403334248289241657e+02
1.222070788734531561e+02
7.897712911620268983e+01
4.379268114576772319e+01
2.432803753121515200e+01
1.335127901620901980e+01
7.565296291504675530e+00
4.609560151370440728e+00
6.902393483683690434e+00
4.194835573415835484e+01
8.272403305487847547e+01
1.315160018747056654e+02
1.521544740423921667e+02
1.299829433492974147e+02
8.181110878108701456e+01
4.548657121335363485e+01
2.524640741929556498e+01
1.389538950614077883e+01
7.888923516577755812e+00
4.888659240251301163e+00
6.817665892980955711e+00
2.084720974136884664e+01
7.869900946232314709e+01
1.758563559124049220e+02
2.100301746364781081e+02
2.294359843808453263e+02
1.373938013547919468e+02
7.633358862137565382e+01
4.236261685322036641e+01
2.331720078012051900e+01
1.308910587154145766e+01
8.114587963047823038e+00
1.126778610288148030e+01
3.536469891135812560e+01
6.832293710407233789e+01
1.209909823501575374e+02
2.139819843547271034e+02
1.706725201345118137e+02
1.063905287201956469e+02
5.903484899196112679e+01
3.274545261480459857e+01
1.804217215918169259e+01
1.014291900107839695e+01
6.164192732283280129e+00
1.160567980329740045e+01
3.547481443968443671e+01
9.674122150799813369e+01
1.549542039510795632e+02
1.713362099619360777e+02
1.323877506250676959e+02
8.752379638122103245e+01
4.857663298606439639e+01
2.697284553016152486e+01
1.484421716366247779e+01
8.279990492077766717e+00
4.978376151146433948e+00
6.912024299074425393e+00
2.898262731756674881e+01
7.774230976217212685e+01
1.262153611392783432e+02
1.584926926527537319e+02
1.634883920988366697e+02
1.054452188297884021e+02
5.849371669352657221e+01
3.252957029387611243e+01
1.790551438550305363e+01
1.000174374964992730e+01
6.857044387437010613e+00
1.058074901207942808e+01
1.888385583212539842e+01
3.242575018373696594e+01
4.553760648798279931e+01
7.339365159508801639e+01
6.975665304201014294e+01
4.082026155652646793e+01
2.277915558546895625e+01
1.264942409315860949e+01
6.969446741377257837e+00
3.897185125095951275e+00
2.320830400575510932e+00
6.449411997304507871e+00
2.678912834217774375e+01
5.485199417623235263e+01
8.355119978535041980e+01
1.004369710190600529e+02
8.218769784589794369e+01
4.947843040551211402e+01
2.750077388511552456e+01
1.528112716315077968e+01
8.421680722452627776e+00
4.739912498306652289e+00
3.329953583601103606e+00
7.312757696046800149e+00
2.249406875837814113e+01
5.469189422409468904e+01
7.780845565490378135e+01
1.053098152647313412e+02
1.044722849575586991e+02
7.379153044499909697e+01
4.103524428930405321e+01
2.279764707454293671e+01
1.257780346266669369e+01
7.000638791614008483e+00
4.755759660604852002e+00
7.112441887924870088e+00
4.335588138811498027e+01
1.347218494892197782e+02
2.229922371361230660e+02
2.981293447626445072e+02
2.328018810869421031e+02
1.418808324147650524e+02
7.871953955745435394e+01
4.381956741212444939e+01
2.435174672758742176e+01
1.376111513509448514e+01
8.597117031251109154e+00
1.271013008022375956e+01
2.696910284754340026e+01
6.213828149278539570e+01
1.492872801664783822e+02
1.754055297211797324e+02
1.530118464026872687e+02
9.818434807311103896e+01
5.450098121727018707e+01
3.021991077051466945e+01
1.660733644487737592e+01
9.228179300932325191e+00
5.756369958009305954e+00
6.517522653320945381e+00
1.830581633988006729e+01
3.257360387448377281e+01
6.658559700160644468e+01
1.182445286089340755e+02
9.408493764789191971e+01
5.809968541293811484e+01
3.227922910811656720e+01
1.791809746617036936e+01
9.857976725593738720e+00
5.571694607820610656e+00
3.602428744704419650e+00
4.013072616783231794e+00
1.371212768895510870e+01
6.001116028994008644e+01
1.002621340364788551e+02
1.402167346769578273e+02
1.375819223070878081e+02
8.039745390266517688e+01
4.461119626898260293e+01
2.473556226474777731e+01
1.358007237341612594e+01
7.533530171220395033e+00
4.734819251640135285e+00
1.036601113805217800e+01
2.939685852175881564e+01
8.454774324323905432e+01
1.375083974658618047e+02
1.836863535085792876e+02
1.906743223556073019e+02
1.190952299532304437e+02
6.606552740961198822e+01
3.663161913676091075e+01
2.018858623722817924e+01
1.123121602380267703e+01
8.468452067639749004e+00
9.837284868573172858e+00
2.119973654047820943e+01
3.966624005031347622e+01
8.879119405744499716e+01
1.344903083958098762e+02
1.312427689493701735e+02
8.508910267309360620e+01
4.716081611197976287e+01
2.617907329133746686e+01
1.439844017512949215e+01
8.055499299420739945e+00
5.971967533694195751e+00
7.688057130814194728e+00
3.073565642394346753e+01
7.195763812127421488e+01
1.225672015961938541e+02
1.370395871354257906e+02
1.113578142102978035e+02
7.142430030839874178e+01
3.995308273254254772e+01
2.215274120021139836e+01
1.215837482681042125e+01
6.850999367790904238e+00
4.295890552409308505e+00
7.834091295761242968e+00
4.548392995192870814e+01
1.298109136424793348e+02
2.154468185898210777e+02
3.072824307598669975e+02
2.773347279478825840e+02
1.603938934338652587e+02
8.901822657897814395e+01
4.936843232074932075e+01
2.715406981231619099e+01
1.506565098274677972e+01
9.880985692417564081e+00
2.069869452574483049e+01
7.776432932237131013e+01
1.858480906477888936e+02
2.346518509121878537e+02
2.600819955418537575e+02
2.057186589196511193e+02
1.200737231901188125e+02
6.676087640242747057e+01
3.707895502240571517e+01
2.038603213460254082e+01
1.131930043223314186e+01
7.114496190055828784e+00
1.043125727907722045e+01
5.111878681616089892e+01
1.581502006305751991e+02
1.951783878236203407e+02
2.148183154818661080e+02
1.678466566323683935e+02
1.057532090352916754e+02
5.922139738232804973e+01
3.284018082039536068e+01
1.810152326116168808e+01
1.006077657218643573e+01
6.147037108346260048e+00
1.258580646594890773e+01
4.006485569239185907e+01
1.007502905032469585e+02
1.696316662119987768e+02
2.195440782836186315e+02
1.846202466289279016e+02
1.172001007827605008e+02
6.498185459793897678e+01
3.611535163504520085e+01
1.994204006664321582e+01
1.109032699489532803e+01
7.469059416238057025e+00
1.293312261176019007e+01
6.109613606039313538e+01
1.592600644648682078e+02
2.272818826824409655e+02
2.717163870464177649e+02
2.474924008192748772e+02
1.474657392018885105e+02
8.188364938615974609e+01
4.544308618282419587e+01
2.504496400892942631e+01
1.401748121259382174e+01
8.861810448314017208e+00
1.410814276860447514e+01
2.676769378387978549e+01
6.278342336220211450e+01
1.032494998228336982e+02
1.419400527776838601e+02
1.429546052510817447e+02
8.840456770960740585e+01
4.914368559601180664e+01
2.724989268055548308e+01
1.505124579104403182e+01
8.459255091727154507e+00
5.677915441671122387e+00
9.496549550967543496e+00
2.699607387269832159e+01
6.736673598508713212e+01
1.508996493169325106e+02
2.337615190920970463e+02
1.912401041375609339e+02
1.201377853301367935e+02
6.669453002203121628e+01
3.701659138222597534e+01
2.033411986361667090e+01
1.137790506587805162e+01
7.006047030781515694e+00
1.055169055684497259e+01
2.631654873812805917e+01
5.349004770449744939e+01
7.301246611314734025e+01
8.764168312798538807e+01
6.677241689447912165e+01
4.159106028318740300e+01
2.311420079935466276e+01
1.283905556172725149e+01
7.074984186643143325e+00
4.000932087838282136e+00
2.528124716320538923e+00
3.828270412773175924e+00
2.066147385364252997e+01
4.758848647916684627e+01
8.405517631165005810e+01
9.703999350172435356e+01
9.355626175357663499e+01
5.666382705326480362e+01
3.143718878344556700e+01
1.746502124936968059e+01
9.666715450591919279e+00
5.441589298619082804e+00
3.543370586858296534e+00
3.558797175630556087e+00
1.406617571459931604e+01
6.274202561402444189e+01
1.381758765629062395e+02
1.793530184026582788e+02
1.581679504893980663e+02
9.117511677061709463e+01
5.063499652226776249e+01
2.814684130583570010e+01
1.554519236794474324e+01
8.646878533883416651e+00
6.210928622809722022e+00
1.310802632507775378e+01
3.416208679268179793e+01
6.552328198255982272e+01
1.239397694295582255e+02
1.901902340209728663e+02
1.934126132151880313e+02
1.209313714319922042e+02
6.711232331166357312e+01
3.722697933870704645e+01
2.053231584865607928e+01
1.156795224034317648e+01
9.004036819635865996e+00
1.645490526198113912e+01
4.048406938436774993e+01
9.953312092248667398e+01
1.369022885662392355e+02
1.808218274376020247e+02
1.639069639137265142e+02
9.785515154868792820e+01
5.468175936161127026e+01
3.035897392132886452e+01
1.671131277711514329e+01
9.338902765893505986e+00
6.018580440866398540e+00
1.212307967517054230e+01
4.649989987311507633e+01
1.122004950455731915e+02
1.498938306665621099e+02
2.148142160367249289e+02
1.981427494970632495e+02
1.211023626127078501e+02
6.729357086093931173e+01
3.737307026804312926e+01
2.061652731552233675e+01
1.151078558864438328e+01
7.443276122215943147e+00
8.001548643969281116e+00
3.481833372659868076e+01
7.405275373714786724e+01
1.131360264139408258e+02
1.504486062824701094e+02
1.276830309030681576e+02
8.458346381387515578e+01
4.704167884978765812e+01
2.611471975832701276e+01
1.434091498817455879e+01
8.002953424102948077e+00
4.712426309545642233e+00
6.408240604976135124e+00
1.982843557811425583e+01