96.6137709677419
193.052957142857
235.585732258064
243.243960000000
212.743480645161
120.171980000000
62.7338516129032
46.6839483870968
34.0091200000000
26.7454935483871
39.8063700000000
55.0427806451613
65.8398580645161
158.823942857143
172.094535483871
130.206420000000
72.6048677419355
42.3612600000000
33.8208193548387
28.7551161290323
21.1230200000000
15.5298870967742
9.91654000000000
26.8570258064516
59.3097580645161
144.909910714286
265.095609677419
213.527300000000
106.558722580645
48.4839700000000
35.0538483870968
27.4863774193548
20.3451700000000
14.5339548387097
15.3903700000000
25.4237129032258
62.9421967741935
206.809328571429
170.486719354839
172.958170000000
114.513445161290
55.7387100000000
37.8099677419355
29.2133322580645
19.9708200000000
13.9702451612903
10.9903600000000
21.4200483870968
65.3922193548387
147.868157142857
110.008006451613
117.364160000000
67.6986193548387
39.9712000000000
25.5747290322581
19.1118387096774
13.3121600000000
8.77965483870967
5.98207000000000
13.7609516129032
82.5663580645161
165.385821428571
164.782645161290
135.908370000000
75.3340258064516
39.5210300000000
27.5846612903226
21.0465290322581
15.8694000000000
11.6698354838710
13.4077000000000
20.5062677419355
35.6105709677419
49.0328678571429
38.1590516129032
52.6056200000000
30.3960193548387
17.5016900000000
12.5318612903226
9.78943548387097
6.57624000000000
3.25610322580645
5.20734000000000
11.1904354838710
60.4614580645161
197.885196428571
324.075725806452
268.521890000000
163.147577419355
67.2003800000000
40.2065419354839
28.8187354838710
19.7753900000000
13.0858451612903
12.0602400000000
21.2187677419355
121.887783870968
210.370650000000
201.943296774194
107.927660000000
45.6461129032258
27.7325800000000
21.8760580645161
17.5646129032258
12.0706300000000
7.82820000000000
6.30777000000000
11.2812193548387
26.1544451612903
68.9332071428571
96.6417677419355
83.7090600000000
36.4672741935484
18.2133300000000
12.4956870967742
10.2731322580645
6.39102000000000
2.91966774193548
2.18152000000000
12.8049870967742
49.0828354838710
91.6131214285714
154.674987096774
134.433360000000
81.4524967741935
37.7895800000000
24.1517419354839
16.9290870967742
10.7398300000000
5.22993870967742
3.42457000000000
12.7034516129032
84.8500064516129
157.825382142857
132.557690322581
134.907590000000
49.6809193548387
22.6998600000000
15.5699129032258
11.2516838709677
7.27220000000000
4.06251290322581
2.54877000000000
20.3441903225806
94.6607612903226
155.727910714286
191.209683870968
183.383540000000
111.614990322581
45.0604600000000
31.3584096774194
23.2882258064516
15.0285200000000
8.80111935483871
5.79752000000000
26.1675387096774
122.231400000000
175.856753571429
238.645441935484
243.918310000000
144.038487096774
64.6449700000000
41.0579129032258
31.3943806451613
22.7106100000000
14.4267677419355
10.9243000000000
20.7113129032258
38.0877774193549
79.0328142857143
234.362893548387
133.713490000000
71.1549580645161
35.9300800000000
24.6019741935484
18.7333548387097
12.9939300000000
6.31618064516129
5.40863000000000
35.6946193548387
151.627354838710
342.659667857143
415.216364516129
308.759730000000
188.660912903226
85.6649500000000
52.5757645161290
39.5240903225807
27.8250200000000
17.2995000000000
20.8833200000000
31.3279451612903
66.9336677419355
139.124453571429
132.233235483871
98.5205700000000
56.9960516129032
34.5259300000000
26.4438000000000
20.3930419354839
14.4111400000000
9.34813548387097
11.1212200000000
16.2319935483871
64.0675548387097
90.9022071428571
155.452732258065
190.841960000000
123.956206451613
55.0321100000000
34.5044806451613
25.7100774193548
17.9787900000000
10.9083193548387
9.88055000000000
18.5590838709677
67.2039677419355
99.4328142857143
175.624422580645
159.214660000000
102.649829032258
49.3802000000000
31.8159774193548
23.8730129032258
15.9003800000000
10.8970645161290
8.37306000000000
19.9164193548387
64.9987451612903
101.549442857143
94.8616935483871
73.5404800000000
36.9267193548387
20.9187000000000
15.6729774193548
12.0926806451613
7.95167000000000
6.11697096774194
4.91431000000000
19.8782419354839