428.715364852083
631.68750944792
733.808405813111
755.027121097831
725.892956583353
665.652397986432
607.943011462968
552.67312760619
503.695313975672
464.118079192749
433.114078445524
450.791483627115
594.333542685212
778.507081111509
870.310992578453
882.056863793411
832.530547962495
767.031509019355
702.494279038477
643.594888580648
589.55387990164
544.983639257958
515.947450086512
532.829841886733
623.134243527226
776.693640959279
924.40671666606
975.420588656687
933.64342489853
860.174781632518
790.553941027954
724.002151855559
666.713060887202
615.255627780204
583.913053635754
592.626142882161
743.436840725806
927.100195537484
987.924553419273
975.754576685263
911.518575718817
845.706691684019
774.971270658654
711.639545564189
652.850994229056
605.606928231642
570.552447519956
581.450117221221
679.227503646864
817.190606182157
885.595084874426
890.956653826057
852.20951497412
785.778251120973
726.167894120388
663.372132608111
608.941841679249
560.217633839357
524.310283962101
557.568910159649
737.222437176566
928.009656063089
1036.4939902445
1068.41309935869
1009.62640885005
932.10485627392
856.227502569841
791.570157690847
727.819379893185
674.037377702179
631.648751407242
651.598671438032
825.488477252274
1050.41732088967
1162.11150471421
1172.89541940554
1107.08805863049
1021.33535149792
939.264504007363
862.157877837177
799.257075129744
739.891573309822
698.145521983081
750.756298361461
879.823952270448
984.013691100033
1045.38135641362
1056.21956584631
1006.41564872524
929.528681604404
852.878449487528
780.941446447176
718.279636425063
670.162938859648
639.148408883301
668.740862688023
786.076391516295
894.890673189004
937.937420728275
931.389656758053
877.874438978041
806.619332782063
740.328592824442
677.461462811928
621.171373589417
574.883293811431
541.042719679534
551.743677560315
637.679884791944
726.720572709038
797.871974766344
833.697835692682
788.125052074133
726.01110078433
663.857984041805
606.512574727695
553.105479622306
510.069363429369
495.982767986784
523.163834477743
673.538429189423
872.966928164257
976.798995606735
992.208275467275
940.660205062704
869.849851782083
802.591659234586
735.798027069361
678.142891934577
626.808883290198
592.519640381797
626.300323108617
777.550408415844
935.652947930743
982.56936627619
980.54125464038
923.011929376214
849.907678733435
779.969824159947
716.861736961017
656.903207935109
608.96707881648
575.092352705272
638.437881113584
857.902832363559
1002.05884369476
1053.05257719065
1081.21224806164
1028.83164616943
952.664236520127
875.500200943925
803.420240718036
742.193519144994
689.206688575789
668.164140544506
691.640271288409
821.742709557458
996.334530716743
1095.06234465466
1125.11194390608
1068.12436006992
990.621651317341
915.669641936828
840.52988335732
772.975935034998
717.270648290952
676.773470744192
681.640033304189
834.52583505884
1017.93523641674
1087.72175739686
1122.58833694022
1088.82547779914
1006.96109547913
926.54311183613
854.92549181812
787.422077072681
729.020551025724
696.625342606982
701.39779838441
797.098317214922
903.713935274906
963.840563483744
981.605770043595
922.339316620212
849.046081852757
780.716972247336
714.616610650489
657.791875192175
607.607032201829
573.824930856447
597.594595784506
699.374858218863
785.780050705514
830.486829333706
828.537033746159
771.171948966336
713.813419217674
651.204234379933
594.717627116279
544.383089507062
505.727449480799
485.811358034804
497.115914499259
553.788540843374
630.125875151757
693.125442961015
722.41339092288
688.841172044326
631.647310170346
580.270193624491
526.711365383578
480.71876698402
439.9393332022
415.860303226325
443.639367410247
507.68955219278
570.693550429697
644.680422298351
669.919783677498
629.479685690331
575.439751164824
523.479132768614
479.20619747239
436.294349694181
400.684329842484
378.909067658654
429.207244309889
543.636502460399
644.377504140209
740.991007756901
788.398124660646
748.502929718585
686.297518811603
625.518006446204
568.707188915678
523.631350717837
483.708157427805
457.992518899989
493.654113595375
645.951095732549
808.216543745687
904.298367163187
934.767275199961
878.064994287243
811.379256104763
744.007485460524
680.477396513978
624.802418067172
581.380548445837
545.788248572434
548.222947592496
640.531168053243
745.460867171874
826.36617394669
864.302087953618
816.423167841229
751.184297425588
689.320680971068
628.870153631276
576.193738686311
533.397423515676
516.763308134796
542.157123647101
674.222491240064
838.151606690584
900.96668107442
904.025758479831
853.64015268192
789.732830407446
724.855817358631
665.142021152205
609.450628262379
561.314815591127
531.453217215765
590.069626862222
797.112677902816
977.560128080203
1015.53329980431
1005.57780834046
965.894510623991
890.806825149729
821.336092389952
753.319539976744
692.999479933015
641.857625687791
606.737727735981
602.471375709743
672.755047356075
775.672291534456
824.590586918901
825.26843198471
777.198784271313
715.011849687803
652.883730997859
596.812042752522
545.6872126248
503.98251539554
480.43552756384
526.764899421764
690.264494413442
837.049559560212
918.417332446911
946.030104123865
902.438138335098
834.307777358862
764.635026376516
700.195717033747
645.261077357967
598.068516380126
570.040540133453
586.558077004922
703.766224014326
833.585093491305
884.502776276667
899.732513531374
856.365791265755
786.541888464786
721.696744110222
659.833664133596
605.262020932455
560.393819050622
549.399085591134
582.718334880168
646.364296402245
737.687845550957
817.301485604068
838.547369213434
803.696555545841
741.484835436216
676.765707045085
618.858058940727
567.461042026901
525.351119414644
494.781687247482
518.627546458446
625.179636138128
798.099085785312
941.548093353942
967.611584770862
920.264207287777
847.729347224851
779.973870289547
714.623533699687
658.590830990605
610.544599798118
575.758437114943
595.713128277133
696.405934023027
800.150263824065
839.572456691717
841.952486303523
812.082239022611
754.67058818872
691.74752031698
633.827228615012
580.176097776255
537.069794195738
511.639390089476
523.928938055979
573.014952299929
649.240687496954
741.785925821107
780.778574074009
737.567976272095
678.839715496651
625.964787118973
571.098102429531
523.761861882851
481.183156990281
454.474648680348
476.834405273859
597.758337828537
747.011510064049
826.788113337396
858.712171778754
840.108175126461
774.581873963767
709.158255520859
654.276186933669
600.601441044172
556.700072165312
531.899815486906
628.167607033243
793.864209860566
873.628776395673
948.547437476306
987.994087199411
940.092582019162
870.906799535127
801.184239238865
734.465868452268
681.196731982902
632.361403233552
601.494971401089
630.191556223498
781.214969660418
942.878381764463
1031.73310777608
1058.48752570957
998.231896483742
926.503491105908
852.32925027127
783.178454121827
722.438341108742
674.836001818825
632.679342081536
637.213340434455
711.631317808276
799.929335719892
859.078559454577
862.267609688808
814.454155241693
750.459278699206
687.890239023798
627.38705487871
574.478757853697
530.964585725691
500.656070187352
514.96358848748
657.687520821897
881.62074386254
1031.33455200937
1082.36294794446
1036.57273266598
960.445553955975
884.161330814796
814.000111228987
749.383456405147
694.948301248619
655.686631031793
727.036991269778
949.607911063399
1120.06903820013
1228.2349218151
1283.64365712332
1233.55818784813
1145.52641244375
1060.71083922782
977.941234899332
905.680470678492
842.021814842584
802.537489877288
866.782656337735
968.750744106152
1024.61875524656
1092.17469572284
1142.37844112626
1105.24786539638
1025.87761399648
946.049972688456
874.199801055973
806.10060738684
748.878442665282
703.345717014148
711.656613313913
777.276042011185
844.125548322538
929.480941190203
962.575728325722
910.880634059086
843.560530438846
775.916401635524
711.520098635751
656.547622034924
607.503964292559
586.181854693635
671.566133564624
880.713909093555
1079.53662768039
1186.85603371375
1202.09958113008
1132.94131789233
1051.28335996748
971.770621335269
893.200475464806
823.168019697975
765.525542157146
720.0086576036
791.393980970098
935.485181077913
993.588783125807
1080.36987079969
1152.77887299123
1110.70395834475
1028.50448053871
946.458540201686
874.186741723554
807.626841747861
754.502105356336
723.431982318863
755.09883542421
847.719839855561
1038.45709092042
1223.87305079185
1247.10380801108
1191.95335723569
1104.44320021706
1021.86268080256
941.808167575119
873.23289584598
815.591948852386
781.505644106491
811.798976693404
993.914821599046
1195.718979989
1247.21087870279
1231.72778027319
1178.35802083356
1097.10971929089
1010.6201007399
933.534344046133
862.049885983956
803.041594901843
771.248984103643
802.968844445804
974.582742216717
1243.18687383708
1407.902997752
1416.31495558783
1329.44224158396
1233.5735386954
1148.15234947434
1059.33678108919
982.958250790969
915.08697056546
875.156345442623
911.995375807152
1102.33191333698
1349.99594865839
1484.31346144739
1517.53547367779
1472.23946787259
1363.40031838573
1259.38557250287
1173.36559378783
1086.76790014281
1014.52654790943
963.807851354175
999.212073586695
1146.4473752357
1270.95421452272
1364.35135378137
1401.39257456639
1322.19337361102
1225.87372595196
1132.38055486041
1044.42244188645
973.261917891838
906.072718155022
862.337984210487
891.176763649657
984.593521590264
1093.935789187
1173.3558900662
1193.84320313389
1149.79473459469
1066.66658776591
983.388398093389
905.531011942885
835.972467221269
782.519074014865
751.314247277283
769.956104518264
846.905799555025
915.039212600117
993.245844014501
1043.56499181432
993.493978975055
917.215124418612
845.122329846678
776.328562703157
715.295750124666
663.770799747176
627.029046238485
653.931066393524
777.850962108312
990.258863246463
1130.74566882895
1114.97706673694
1051.21335791468
977.849726963394
900.915810007834
831.457281637547
767.079821731633
712.13261015614
670.72889117033
689.542717339731
776.80144898991
876.633738872031
982.429874126037
1038.92559779276
1007.47557357612
932.373853974056
860.249226536403
790.753943883181
731.118830968574
678.593263914271
647.75891798796
665.081649479034
768.045719066101
907.993935965031
971.227619863617
979.471508246037
933.620601078761
863.437814288763
794.944453600447
731.210659836137
672.322701200838
625.515688905598
602.30576103849
690.259662387889
897.766507132335
1127.72368454197
1315.76648551422
1323.31526220929
1241.09967544939
1151.64002404922
1063.82361171489
982.523469454733
911.717000421957
847.764767586572
812.908846062806
900.851320766236
1077.69459643897
1208.88021925099
1298.55174694186
1324.93238111132
1259.27657484677
1168.36760388282
1080.90921582993
996.248738943095
921.936958542447
858.664811715688
805.328973405883
799.142471962998
873.388853150978
998.776134607029
1092.44996190035
1103.40223898194
1049.71536076816
973.074031307599
896.161992355231
827.366958785494
762.53428593713
707.698260431145
673.288967498536
695.260238295886
847.083920043514
1056.43078960146
1165.09375690514
1183.04063404925
1134.02850377816
1047.85929236148
967.763238629281
891.209638905262
828.264241673337
771.854887589279
735.715967090708
760.677180837788
916.167311095942
1088.68770935331
1164.53081128126
1160.86534061848
1098.89202468532
1030.85148679473
950.074837482178
877.503567824219
809.620375229194
752.753501592033
705.461051675608
699.74848807683
819.714955542094
955.873666107271
1011.22971525221
1021.80893711461
957.844403950517
885.044277875577
820.648447463245
753.052727749468
694.09737547762
643.36414972871
613.823780240964
716.873921212993
927.403215456583
1062.46086837511
1143.48197874514
1156.37692221264
1091.77600443926
1009.40408034488
931.734124672861
865.338810807477
798.489743504743
745.146663319438
709.352680371192
740.790567998245
914.95950664189
1109.90763385844
1170.18179941585
1168.66212036561
1121.0591534954
1037.77401517329
958.062451185484
882.041010791936
820.959689398804
764.569564530268
723.173201849738
745.237479740145
888.393106015423
1051.908355901
1117.85705404849
1115.29946063533
1058.70123338316
982.114812845885
904.341257969204
831.953512860733
767.622400223737
717.836839986933
688.137616393791
741.837776391727
850.673711561379
960.51527707725
1072.75770016194
1095.61727295279
1036.02466173921
959.456371540718
886.541779233912
815.313640875902
751.918615541922
700.713398052643
680.832335205089
702.352647085577
770.199158580048
949.102362855089
1101.88119099967
1107.10720889578
1053.46807483218
977.671101214701
901.028939566945
831.711609664513
768.836142975337
715.116315663264
683.53893420069
703.517898257759
766.505791129487
842.765021050622
915.73427796649
919.948996491124
863.72476152362
799.296517438089
736.610344206273
674.789403658602
623.431566871448
578.2204771987
551.025962719469
572.297522828773
635.603724175886
720.572146153676
780.039052270744
782.364255283558
737.88675312791
678.961193697592
620.677003210368
568.303432567597
521.067255269725
481.039702480337
454.763136954714
472.627309850204
604.668804500408
731.002107082807
795.339238276527
815.537862007375
764.88296343963
704.992286773604
645.047311454721
589.417121991861
540.773853694249
498.503621509424
470.884611848256
512.533144165596
629.405482032163
731.267975882878
797.829021539771
833.46707312988
800.02852824671
736.06255814201
676.623364929003
619.802378338776
568.523843423303
525.813735382064
519.959415856573
568.847484303498
654.569127053721
742.456232800449
807.566552791877
813.866483930953
763.267868301792
704.015317693983
643.961916249961
589.413573057742
539.795983830011
497.545027164737
474.599901502356
493.798901428249
581.995660867955
686.184388088305
764.157562459374
794.939325749817
757.118686225414
700.442354429273
644.158064085074
588.003354672713
539.378773698971
496.810289829828
472.12551713895
497.229769063013
620.079138088857
790.887090093422
923.635689049887
956.871660877158
903.96162187597
839.843832138055
770.791803405074
708.144657916178
651.230759840797
605.885909771575
573.992419342723
659.499180153109
829.423597304693
952.26393524145
1015.00486368705
1016.83544870841
965.955989850575
892.949528382466
827.998440480702
760.910773490915
703.095373379491
650.854795273546
631.302884639372
723.376478923993
920.148984496553
1053.06468043421
1104.14062940064
1107.47027685613
1050.80097522039
974.476405069728
899.262258252266
835.077520710609
771.181995522912
718.893086678259
685.525799583805
761.418291241272
974.668526734257
1167.22051368359
1273.27682713441
1291.55944978611
1220.54462681602
1131.03718399009
1044.80075432061
963.177174528249
897.92009500395
836.418320921513
793.635691453752
825.254452847535
917.981809140255
997.132567705295
1083.47291544773
1120.11851110538
1061.1394962123
982.956429128283
904.944958649766
832.617795032275
768.404707518983
718.53566498993
679.465102847075
697.191023300633
856.539907067675
1029.08952247124
1094.27812747817
1110.26432732773
1064.51919144475
984.438191159248
909.258442418993
837.751766607244
776.826017021597
723.982514026005
697.059991569496
779.131472219757
966.952538381373
1106.53802929053
1180.32416689653
1209.83909188532
1153.10958763195
1073.32371899568
993.090498628906
919.338229418362
849.806198514235
790.049199645173
744.809744580339
748.014097000708
842.278008411479
1024.40367823781
1173.38547487637
1175.11585560927
1105.7994122316
1024.78867117027
947.750953660069
872.88328436851
807.690142558211
750.601464866862
715.107147313546
744.602849693256
855.678827250161
976.602062809487
1029.15507252782
1028.99413668536
975.64793086397
903.583228593228
831.228662162668
766.297725261301
707.654868568414
658.725842636671
638.29584003967
682.962562255724
780.715263511554
855.365464353619
933.819878140697
968.131825537884
917.951458220846
852.635349751043
784.40360145738
720.274294548511
664.662610013309
615.99083672806
587.35479361255
624.884913541022
784.735929918457
943.229975985563
1085.68210105555
1193.04054028412
1133.58012378966
1048.87544891432
968.713689736961
892.24183534328
826.629237166623
771.270174901971
733.407663655098
759.586382734639
934.087838712089
1122.87498666119
1212.29481296628
1243.32604256573
1186.73834013262
1101.20591379066
1013.87010541203
935.677612848874
866.505342389698
807.762619356728
765.857207385321
789.239093661284