24.510399999999997
10.14448
8.71016
7.554919999999999
14.221300000000001
58.735200000000006
193.126
417.32899999999995
410.52599999999995
269.453
96.1708
69.6219
35.5721
14.696200000000001
9.96167
17.835900000000002
20.4262
122.398
279.667
598.063
530.668
307.454
182.397
79.891
39.9974
17.7757
6.05139
13.370800000000001
43.0962
58.449600000000004
246.112
432.117
501.015
198.24099999999999
99.4537
62.9961
35.867
40.1605
9.13156
13.13362
13.598099999999999
31.5665
255.706
633.6590000000001
486.654
206.027
74.1328
28.242
23.779600000000002
14.135
8.895260000000002
22.6782
18.7205
122.01599999999999
214.969
518.071
558.811
268.485
101.7117
36.6172
35.489700000000006
20.814500000000002
6.6598999999999995
5.53068
25.4062
112.2064
192.988
524.0509999999999
241.576
162.369
102.3899
34.911899999999996
25.892699999999998
20.3724
30.021200000000004
9.925229999999999
22.128300000000003
102.24940000000001
274.343
595.7230000000001
725.294
389.903
129.1305
59.9695
24.6511
8.06663
8.13619
3.75662
16.5572
44.304300000000005
192.16099999999997
372.31600000000003
447.11199999999997
259.383
110.41019999999999
62.8344
28.959999999999997
29.6231
10.00312
8.38143
20.3354
64.3023
240.674
648.009
561.532
320.808
47.244200000000006
59.32019999999999
25.001700000000003
9.85567
6.998429999999999
4.38608
60.05799999999999
81.18860000000001
281.779
520.742
505.229
354.35
106.4364
73.5479
16.1203
8.66252
14.4661
23.915899999999997
23.7061
116.759
263.564
718.5749999999999
753.386
491.466
93.9054
62.223600000000005
14.0253
7.91267
8.05723
14.3499
32.1842
81.44090000000001
334.919
797.835
791.951
629.006
185.514
95.1268
41.6235
16.9733
12.328300000000002
7.33685
19.5104
62.1079
358.16700000000003
588.102
803.699
525.316
197.336
87.8544
15.1401
18.7037
18.3097
4.50395
27.69
71.9136
266.656
511.51300000000003
445.67499999999995
366.543
161.325
74.56700000000001
65.9456
13.988100000000001
8.70354
8.02689
20.936700000000002
107.1924
361.166
689.689
695.635
517.685
136.013
65.94930000000001
31.032200000000003
9.6826
9.08856
16.362699999999997
36.6221
108.7614
295.565
580.763
446.91700000000003
131.28199999999998
145.78799999999998
26.445999999999998
15.1924
12.6207
10.177039999999998
9.158930000000002
13.8982
63.169
256.911
306.805
552.306
360.47800000000007
59.9638
31.2456
21.708599999999997
17.4805
8.160219999999999
14.72881
14.6217
78.41300000000001
275.29499999999996
452.121
512.391
426.49300000000005
100.6218
39.4196
33.2491
35.504999999999995
5.75518
17.6431
19.2479
77.84549999999999
234.482
656.286
628.155
352.798
100.28580000000001
58.2312
20.8178
3.6788000000000003
12.9772
11.3796
34.9115
105.75319999999999
277.87
630.071
545.1129999999999
376.781
148.109
43.601
