3.9999610000000003
0.0
0.0
0.0
0.0
3.0000489999999997
37.00047
294.0024
379.9975
350.996
0.0
7.0000100000000005
0.999996
0.0
0.0
0.0
0.0
0.0
78.0005
377.9973
398.995
96.0
0.0
22.999499999999998
0.0
0.0
0.0
0.0
0.0
0.0
182.9961
302.99600000000004
338.00100000000003
114.99749999999999
32.99973000000001
3.9999610000000003
0.999996
0.0
0.0
0.0
0.0
3.9999610000000003
94.00009999999999
273.0037
338.00100000000003
30.00049
0.0
0.0
0.0
0.0
0.0
0.0
0.0
0.0
70.99948
189.9987
396.00489999999996
243.0011
15.99962
0.0
0.0
0.0
0.0
0.0
0.0
0.0
82.0001
317.0023
137.9974
90.9998
32.99973000000001
0.0
0.0
0.0
0.0
0.0
2.0000359999999997
18.0006
54.99986
398.995
353.99730000000005
257.9973
13.00048
0.0
0.0
0.0
0.0
0.0
0.0
0.0
18.0006
227.0049
187.9976
78.0005
29.0001
0.999996
0.0
0.0
0.0
0.0
3.0000489999999997
0.0
107.9999
294.0024
230.9961
125.00240000000001
2.0000359999999997
0.999996
0.0
2.0000359999999997
0.0
0.0
0.0
0.0
180.00599999999997
248.0036
509.0022
66.00048000000001
37.00047
13.00048
0.0
0.0
0.0
0.0
0.0
0.0
124.0013
364.00120000000004
404.9985
298.00470000000007
30.99987
0.0
2.0000359999999997
0.0
0.0
0.0
3.0000489999999997
0.0
127.0036
349.99490000000003
245.0023
475.99739999999997
58.00010999999999
0.0
0.0
0.999996
0.0
0.0
0.0
0.0
165.99869999999999
285.9987
479.99980000000005
234.9974
34.99949
0.0
0.0
0.0
0.0
0.0
0.0
0.0
27.99961
274.0048
310.99980000000005
32.00036
0.0
0.0
0.0
0.0
0.0
0.0
0.0
0.0
169.00000000000003
373.9949
412.0012
349.99490000000003
0.0
3.0000489999999997
0.0
0.0
0.0
0.0
0.0
0.0
185.99740000000003
287.99989999999997
424.9962
165.99869999999999
0.0
0.0
0.0
0.0
0.0
0.0
0.0
0.0
90.9998
257.9973
243.0011
242.0011
0.0
0.0
0.0
0.0
0.0
0.0
0.0
0.0
63.00021999999999
249.00369999999998
349.99490000000003
160.9963
3.0000489999999997
0.0
0.0
4.999973999999999
0.0
0.0
0.0
0.0
119.9999
357.9986
379.9975
204.005
13.00048
3.0000489999999997
0.0
0.0
0.999996
0.0
0.0
0.0
145.0
281.9973
349.99490000000003
398.995
54.000479999999996
0.0
